1.000000000000000000e+00 5.941302776336669922e-01 5.274030566215515137e-01 4.630899727344512939e-01 4.134762585163116455e-01 3.690876960754394531e-01 3.716535568237304688e-01 2.519409656524658203e-01 1.554456502199172974e-01 1.946712136268615723e-01 6.622794270515441895e-02 9.783923625946044922e-02 8.823121339082717896e-02 3.808725252747535706e-02 5.946809053421020508e-02 3.092036768794059753e-02 4.834185540676116943e-02 1.989046856760978699e-02 1.406267937272787094e-02 2.434918470680713654e-02 4.318047780543565750e-03 1.770262792706489563e-02 1.899052970111370087e-02 5.602478515356779099e-03 1.373168639838695526e-02 1.879460527561604977e-03 1.009823847562074661e-02 3.987314179539680481e-02 5.235117301344871521e-02 1.577853783965110779e-02 2.129042334854602814e-02 2.403169684112071991e-02 5.287796258926391602e-02 3.082103468477725983e-02 1.909800618886947632e-02 3.446525707840919495e-02 -2.987749641761183739e-03 4.038551449775695801e-02 4.088199138641357422e-02 1.747512072324752808e-02 1.345180626958608627e-02 2.901466749608516693e-02 2.568258158862590790e-02 1.306521240621805191e-02 1.639805734157562256e-02 2.087002992630004883e-02 6.030506920069456100e-03 2.297417074441909790e-02 5.609324201941490173e-03 3.185853734612464905e-02 5.359938740730285645e-02 4.253661260008811951e-02 4.516408219933509827e-02 7.330759614706039429e-02 4.842831194400787354e-02 5.968315899372100830e-02 9.053011238574981689e-02 3.656195849180221558e-02 5.200548842549324036e-02 4.769445396959781647e-03 2.726399898529052734e-02 3.980869799852371216e-02 1.078941207379102707e-02 3.424398228526115417e-02 2.119999937713146210e-02 2.098119258880615234e-02 1.531328912824392319e-02 7.849234156310558319e-03 1.793506927788257599e-02 1.449005957692861557e-02 3.168516233563423157e-02 5.593105405569076538e-02 5.947304889559745789e-03 1.395062357187271118e-02 8.683353662490844727e-03 7.230794988572597504e-03 1.665491051971912384e-02 2.705349354073405266e-03 2.044824184849858284e-03 1.914054737426340580e-03 2.743580937385559082e-02 5.758468061685562134e-02 6.103460118174552917e-02 -1.604153425432741642e-03 1.635080389678478241e-02 4.386364668607711792e-02 -1.841011107899248600e-03 8.997755497694015503e-02 2.759121730923652649e-02 5.962252989411354065e-02 2.438990585505962372e-02 -1.279324991628527641e-03 2.944146096706390381e-02 1.985496928682550788e-04 2.323709242045879364e-02 5.592750385403633118e-03 2.374682202935218811e-02 2.735889211180619895e-05 2.335060946643352509e-02
5.941302776336669922e-01 1.000000000000000000e+00 7.583931088447570801e-01 6.686220765113830566e-01 6.425213217735290527e-01 5.336542129516601562e-01 5.094856619834899902e-01 4.197697937488555908e-01 2.645677328109741211e-01 2.728279531002044678e-01 9.188394993543624878e-02 1.134164109826087952e-01 1.155168414115905762e-01 5.432423204183578491e-02 7.304605841636657715e-02 4.198938608169555664e-02 5.813273787498474121e-02 2.924403175711631775e-02 1.952765695750713348e-02 2.481834590435028076e-02 1.765399239957332611e-02 2.246214449405670166e-02 2.460757084190845490e-02 -5.166609771549701691e-03 1.594966091215610504e-02 -7.125450065359473228e-04 -3.597455797716975212e-03 2.705244347453117371e-02 5.013363063335418701e-02 2.829290553927421570e-02 4.898462072014808655e-02 4.103162884712219238e-02 7.072249054908752441e-02 3.883064910769462585e-02 3.871125727891921997e-02 3.295974433422088623e-02 2.723203506320714951e-03 5.192741006612777710e-02 2.527142874896526337e-02 4.710089042782783508e-02 2.670665644109249115e-02 5.648533254861831665e-02 4.299468919634819031e-02 2.054147981107234955e-02 3.543575108051300049e-02 3.153731301426887512e-02 1.570434495806694031e-02 2.542038820683956146e-02 1.065897475928068161e-02 4.744821041822433472e-02 7.973800599575042725e-02 6.263336539268493652e-02 4.655920341610908508e-02 6.191558763384819031e-02 5.485620349645614624e-02 7.436152547597885132e-02 1.098037958145141602e-01 4.542481899261474609e-02 7.817052304744720459e-02 1.748464256525039673e-02 4.779135435819625854e-02 7.142392545938491821e-02 3.414548560976982117e-02 6.114481762051582336e-02 3.390305861830711365e-02 3.588095679879188538e-02 2.507441490888595581e-02 1.855994947254657745e-02 3.501939401030540466e-02 1.371066458523273468e-02 2.059569209814071655e-02 5.625729635357856750e-02 5.873196059837937355e-04 4.155854228883981705e-03 4.987504798918962479e-03 9.229918010532855988e-03 1.230726577341556549e-02 -1.054891850799322128e-02 2.589021436870098114e-02 7.435386534780263901e-03 4.062058776617050171e-02 5.178960785269737244e-02 5.332132801413536072e-02 -6.495543289929628372e-03 1.759967580437660217e-02 7.690665870904922485e-02 1.899993949336931109e-04 9.557534009218215942e-02 4.470921307802200317e-02 8.592470735311508179e-02 4.297448694705963135e-02 -4.330139141529798508e-03 5.832599475979804993e-02 1.069305092096328735e-02 5.363313108682632446e-02 5.963586736470460892e-03 2.782161161303520203e-02 3.267413238063454628e-03 2.820274420082569122e-02
5.274030566215515137e-01 7.583931088447570801e-01 1.000000000000000000e+00 7.340144515037536621e-01 7.821822762489318848e-01 6.134796142578125000e-01 6.070461869239807129e-01 4.954389631748199463e-01 3.041251301765441895e-01 3.360011279582977295e-01 1.229289621114730835e-01 2.031182348728179932e-01 1.947717666625976562e-01 1.781861335039138794e-01 1.499782502651214600e-01 1.259730458259582520e-01 9.091251343488693237e-02 5.652973055839538574e-02 2.634303085505962372e-02 2.961005829274654388e-02 2.805062383413314819e-02 2.522721700370311737e-02 4.841760918498039246e-02 -1.380953844636678696e-02 2.993268147110939026e-02 1.739445142447948456e-02 -1.431029848754405975e-02 1.945020258426666260e-02 6.396619230508804321e-02 3.159252926707267761e-02 2.902281284332275391e-02 6.404957175254821777e-02 6.435693800449371338e-02 4.026945680379867554e-02 2.902061119675636292e-02 4.926982522010803223e-02 3.051424026489257812e-02 8.979047834873199463e-02 2.159440889954566956e-02 1.091842576861381531e-01 6.953201442956924438e-02 9.932093322277069092e-02 8.416723459959030151e-02 3.362290933728218079e-02 5.303380638360977173e-02 6.304968893527984619e-02 4.569184780120849609e-02 5.253338813781738281e-02 2.843544259667396545e-02 7.568078488111495972e-02 9.719632565975189209e-02 8.386857062578201294e-02 5.990537256002426147e-02 6.671004742383956909e-02 7.819291204214096069e-02 1.173161417245864868e-01 1.762242764234542847e-01 9.071197360754013062e-02 1.240838393568992615e-01 4.865927249193191528e-02 1.002656817436218262e-01 1.064125448465347290e-01 7.785181701183319092e-02 4.763459041714668274e-02 5.979681760072708130e-02 2.804373204708099365e-02 3.091317974030971527e-02 2.789672464132308960e-02 2.637655287981033325e-02 9.971426799893379211e-03 3.885352984070777893e-02 4.563509672880172729e-02 5.238252691924571991e-03 -5.880008451640605927e-03 9.612607769668102264e-03 8.214371278882026672e-03 -2.779910806566476822e-03 -1.754238829016685486e-02 3.189819306135177612e-02 1.954326964914798737e-02 5.709696188569068909e-02 1.647930219769477844e-02 5.477494746446609497e-02 2.432838268578052521e-02 2.058702334761619568e-02 1.179574504494667053e-01 1.231456547975540161e-02 1.493009626865386963e-01 7.686278223991394043e-02 1.561339795589447021e-01 1.247751191258430481e-01 1.339746546000242233e-02 6.921888142824172974e-02 2.872545085847377777e-02 4.351731017231941223e-02 1.602249569259583950e-03 1.655977405607700348e-02 -1.546272542327642441e-03 2.527777105569839478e-02
4.630899727344512939e-01 6.686220765113830566e-01 7.340144515037536621e-01 1.000000000000000000e+00 7.075369358062744141e-01 6.229372620582580566e-01 5.850476026535034180e-01 4.711855649948120117e-01 3.465090394020080566e-01 3.108694553375244141e-01 1.157745495438575745e-01 1.230885609984397888e-01 1.231083199381828308e-01 1.308340765535831451e-02 8.005102723836898804e-02 1.210605958476662636e-03 3.780302777886390686e-02 3.195130079984664917e-02 1.815028674900531769e-02 3.327428176999092102e-02 1.807752298191189766e-03 3.072574734687805176e-02 2.511739730834960938e-02 1.247018203139305115e-02 4.976291581988334656e-02 -8.067359216511249542e-03 2.445336431264877319e-02 4.897207021713256836e-02 6.475006788969039917e-02 2.744825929403305054e-02 6.476605683565139771e-02 4.066752269864082336e-02 8.341654390096664429e-02 3.931677713990211487e-02 4.899362847208976746e-02 4.312771931290626526e-02 -1.782267913222312927e-02 5.418287217617034912e-02 4.173173010349273682e-02 5.012554675340652466e-02 3.172109276056289673e-02 4.925240948796272278e-02 2.945465780794620514e-02 3.042073547840118408e-02 3.504181280732154846e-02 5.741197243332862854e-02 5.130403116345405579e-02 4.665847867727279663e-02 4.959795624017715454e-02 7.178574800491333008e-02 1.045907065272331238e-01 8.653347194194793701e-02 7.038877159357070923e-02 9.284300357103347778e-02 7.970083504915237427e-02 8.205755800008773804e-02 1.314248144626617432e-01 5.675098672509193420e-02 8.108186721801757812e-02 1.853925921022891998e-02 3.466608747839927673e-02 7.321020960807800293e-02 3.594910725951194763e-02 9.951668977737426758e-02 3.345853090286254883e-02 4.361579567193984985e-02 1.678780280053615570e-02 2.535072341561317444e-02 2.987689338624477386e-02 2.590401284396648407e-02 2.016068063676357269e-02 1.104038506746292114e-01 4.331470467150211334e-03 3.143865242600440979e-02 1.659925654530525208e-02 1.224793400615453720e-02 4.100854322314262390e-02 1.665599644184112549e-02 1.882069371640682220e-02 1.597567833960056305e-02 4.783161357045173645e-02 6.463477015495300293e-02 7.358018308877944946e-02 -1.423921901732683182e-02 3.532775491476058960e-02 9.901215881109237671e-02 -1.283835712820291519e-02 9.187392145395278931e-02 5.687566846609115601e-02 8.084533363580703735e-02 1.258037635125219822e-03 -1.056743785738945007e-02 6.614114344120025635e-02 -1.253353315405547619e-03 5.443459004163742065e-02 2.248232252895832062e-03 3.000883758068084717e-02 -2.600477309897542000e-03 4.418894648551940918e-02
4.134762585163116455e-01 6.425213217735290527e-01 7.821822762489318848e-01 7.075369358062744141e-01 1.000000000000000000e+00 6.385500431060791016e-01 5.883706212043762207e-01 4.981802999973297119e-01 2.892739474773406982e-01 2.847988307476043701e-01 1.005651280283927917e-01 1.442194730043411255e-01 1.311680227518081665e-01 7.179270684719085693e-02 8.101238310337066650e-02 4.567559435963630676e-02 6.950028985738754272e-02 9.408225864171981812e-02 1.316196098923683167e-02 4.546569660305976868e-02 4.701309651136398315e-02 3.221531212329864502e-02 4.594286531209945679e-02 -4.797140136361122131e-03 3.708913177251815796e-02 2.698616357520222664e-03 -9.494303725659847260e-03 3.589535132050514221e-02 4.346401616930961609e-02 4.117470979690551758e-02 1.409048289060592651e-01 7.148168981075286865e-02 9.550964087247848511e-02 4.170232266187667847e-02 7.073704898357391357e-02 6.897108256816864014e-02 1.655030180700123310e-03 6.688312441110610962e-02 3.058068268001079559e-02 1.362717896699905396e-01 8.294286578893661499e-02 1.256787031888961792e-01 8.861289918422698975e-02 3.815774247050285339e-02 5.861082300543785095e-02 4.163388907909393311e-02 9.808985516428947449e-03 4.038429260253906250e-02 4.979806020855903625e-03 5.788674950599670410e-02 9.608916938304901123e-02 8.784820139408111572e-02 7.854652404785156250e-02 6.688091158866882324e-02 9.792415052652359009e-02 1.109558716416358948e-01 1.552558839321136475e-01 8.176347613334655762e-02 1.416668295860290527e-01 5.072692036628723145e-02 1.267114579677581787e-01 1.429309397935867310e-01 1.009349450469017029e-01 1.397248357534408569e-01 1.066217049956321716e-01 9.933007508516311646e-02 8.299377560615539551e-02 7.187422364950180054e-02 7.876016199588775635e-02 1.118461694568395615e-02 3.560306131839752197e-02 6.593496352434158325e-02 -9.306083433330059052e-03 2.556305564939975739e-02 2.565968548879027367e-03 1.709292270243167877e-02 1.884772628545761108e-02 5.211438052356243134e-03 6.420093029737472534e-02 -8.158959099091589451e-04 9.171349555253982544e-02 6.308491528034210205e-02 8.859547227621078491e-02 5.613646004348993301e-03 1.656112447381019592e-02 6.208290904760360718e-02 -2.566686307545751333e-04 1.173869892954826355e-01 6.284141540527343750e-02 1.479739099740982056e-01 6.536590307950973511e-02 -6.103049963712692261e-03 5.094492807984352112e-02 4.029230400919914246e-02 9.438920021057128906e-02 -9.859684854745864868e-03 3.633597120642662048e-02 -5.189167335629463196e-03 4.542303457856178284e-02
3.690876960754394531e-01 5.336542129516601562e-01 6.134796142578125000e-01 6.229372620582580566e-01 6.385500431060791016e-01 1.000000000000000000e+00 6.545684337615966797e-01 5.394377708435058594e-01 3.427116870880126953e-01 3.312157094478607178e-01 1.145050227642059326e-01 1.453527659177780151e-01 1.266557872295379639e-01 3.479960933327674866e-02 6.604550778865814209e-02 2.095469459891319275e-02 4.488225653767585754e-02 4.521543532609939575e-02 1.661102846264839172e-02 3.563930094242095947e-02 1.765203848481178284e-02 2.741122990846633911e-02 3.854164853692054749e-02 1.651304587721824646e-02 1.753509230911731720e-02 5.089283222332596779e-04 2.326331305084750056e-04 2.595249749720096588e-02 3.990272060036659241e-02 1.845637895166873932e-02 6.245002895593643188e-02 1.058223620057106018e-01 6.859640777111053467e-02 4.873051866888999939e-02 5.410128831863403320e-02 9.855247288942337036e-02 6.294765509665012360e-03 8.868733793497085571e-02 4.910819232463836670e-02 7.711779326200485229e-02 7.303527742624282837e-02 8.595670759677886963e-02 5.339012667536735535e-02 3.767302259802818298e-02 3.068153373897075653e-02 2.689472399652004242e-02 2.397067099809646606e-02 3.792427852749824524e-02 3.413379937410354614e-02 5.547967180609703064e-02 8.849193155765533447e-02 7.781416177749633789e-02 5.295981094241142273e-02 5.548917874693870544e-02 6.103228777647018433e-02 8.615350723266601562e-02 1.128945872187614441e-01 7.190029323101043701e-02 7.554075866937637329e-02 4.731654003262519836e-02 7.062406092882156372e-02 1.064770892262458801e-01 6.479232013225555420e-02 8.957237005233764648e-02 5.777555331587791443e-02 5.252288654446601868e-02 4.390922188758850098e-02 4.103094339370727539e-02 4.941497370600700378e-02 5.140765011310577393e-02 2.481729164719581604e-02 5.626608803868293762e-02 2.232934581115841866e-03 1.332432776689529419e-02 4.670122172683477402e-03 1.667345687747001648e-02 1.742466725409030914e-02 4.438751842826604843e-03 3.951322287321090698e-02 2.621409296989440918e-02 3.856823965907096863e-02 5.191019177436828613e-02 9.186391532421112061e-02 -1.487678755074739456e-02 3.735509514808654785e-02 1.190253123641014099e-01 7.931092754006385803e-03 1.138029173016548157e-01 9.791386872529983521e-02 1.002926379442214966e-01 3.613395988941192627e-02 1.717148843454197049e-04 5.743319541215896606e-02 2.386177703738212585e-02 6.206118315458297729e-02 1.498148962855339050e-02 3.271623328328132629e-02 7.711257785558700562e-03 5.256606638431549072e-02
3.716535568237304688e-01 5.094856619834899902e-01 6.070461869239807129e-01 5.850476026535034180e-01 5.883706212043762207e-01 6.545684337615966797e-01 1.000000000000000000e+00 6.046044230461120605e-01 4.435157179832458496e-01 4.214277863502502441e-01 1.526970267295837402e-01 1.650472581386566162e-01 1.588170081377029419e-01 5.871696397662162781e-02 1.012989431619644165e-01 4.489974305033683777e-02 5.730109661817550659e-02 2.940354309976100922e-02 2.258723601698875427e-02 1.756196841597557068e-02 1.297363080084323883e-02 4.072696715593338013e-02 4.142182320356369019e-02 1.500106044113636017e-02 1.775297336280345917e-02 4.527791868895292282e-03 1.782377809286117554e-02 4.174639284610748291e-02 7.285221666097640991e-02 1.927714794874191284e-02 3.498820215463638306e-02 4.812736809253692627e-02 7.138461619615554810e-02 3.831332921981811523e-02 3.600140288472175598e-02 4.428609088063240051e-02 -1.543002290418371558e-04 9.699277579784393311e-02 4.028241336345672607e-02 6.454684585332870483e-02 4.400914162397384644e-02 5.793190747499465942e-02 4.644584655761718750e-02 4.577555879950523376e-02 3.755993396043777466e-02 6.337599456310272217e-02 8.382340520620346069e-02 4.948561266064643860e-02 5.293183028697967529e-02 7.604046165943145752e-02 1.112878471612930298e-01 9.016156941652297974e-02 6.853096932172775269e-02 8.432091027498245239e-02 8.253395557403564453e-02 9.403634071350097656e-02 1.199092045426368713e-01 6.620579212903976440e-02 7.754545658826828003e-02 2.235601656138896942e-02 3.639262914657592773e-02 6.920685619115829468e-02 4.135240241885185242e-02 7.924517989158630371e-02 2.249211445450782776e-02 2.265776507556438446e-02 1.024343539029359818e-02 1.193295419216156006e-02 7.865361869335174561e-03 4.274969175457954407e-02 2.834481000900268555e-02 8.081648498773574829e-02 2.141544967889785767e-02 1.608966663479804993e-02 1.648082584142684937e-02 2.378249727189540863e-02 1.829530484974384308e-02 -2.043311484158039093e-03 1.227206550538539886e-02 2.933716215193271637e-02 4.468350484967231750e-02 3.395075723528862000e-02 5.339846014976501465e-02 1.400486193597316742e-02 3.954564034938812256e-02 1.659406870603561401e-01 -3.145203809253871441e-04 1.132390722632408142e-01 8.566246926784515381e-02 1.070973053574562073e-01 4.624756425619125366e-02 -2.148137893527746201e-03 5.525295808911323547e-02 -7.672735489904880524e-03 3.249366208910942078e-02 4.234372172504663467e-03 1.638504676520824432e-02 -1.882330514490604401e-03 2.673602476716041565e-02
2.519409656524658203e-01 4.197697937488555908e-01 4.954389631748199463e-01 4.711855649948120117e-01 4.981802999973297119e-01 5.394377708435058594e-01 6.046044230461120605e-01 1.000000000000000000e+00 4.808336496353149414e-01 4.125425219535827637e-01 1.177527531981468201e-01 1.047218218445777893e-01 1.354947090148925781e-01 7.049594819545745850e-02 8.685846626758575439e-02 5.569296330213546753e-02 6.623262166976928711e-02 4.517109692096710205e-02 2.573640644550323486e-02 3.468897938728332520e-02 3.802112489938735962e-02 4.497526213526725769e-02 2.432567253708839417e-02 -9.471558965742588043e-03 1.489893160760402679e-02 1.896023005247116089e-02 -9.264100342988967896e-03 2.245744690299034119e-02 3.595943003892898560e-02 2.886462025344371796e-02 7.925265282392501831e-02 7.016158849000930786e-02 5.915940552949905396e-02 2.873999811708927155e-02 6.378197669982910156e-02 5.409300699830055237e-02 9.084450080990791321e-03 7.005638629198074341e-02 2.156895212829113007e-02 8.814331144094467163e-02 5.387802794575691223e-02 8.103369921445846558e-02 5.167199671268463135e-02 1.752045750617980957e-02 2.352848462760448456e-02 2.998327463865280151e-02 2.715833298861980438e-02 1.986277848482131958e-02 1.672895811498165131e-02 5.236836522817611694e-02 7.879181206226348877e-02 7.385723292827606201e-02 4.280456155538558960e-02 4.676268622279167175e-02 5.734656006097793579e-02 7.808525115251541138e-02 1.012320294976234436e-01 6.444657593965530396e-02 8.246894180774688721e-02 2.860479429364204407e-02 6.059655174612998962e-02 7.485582679510116577e-02 4.060834646224975586e-02 9.548070281744003296e-02 4.910596460103988647e-02 5.574408918619155884e-02 3.885872289538383484e-02 5.291442945599555969e-02 4.941111803054809570e-02 1.280374638736248016e-02 1.653475128114223480e-02 5.054852366447448730e-02 2.356462646275758743e-03 8.551743812859058380e-03 -6.019719294272363186e-04 2.189111337065696716e-02 5.794696044176816940e-04 1.307998318225145340e-02 4.128257185220718384e-02 1.473844237625598907e-02 6.278461217880249023e-02 3.081831522285938263e-02 5.279798805713653564e-02 1.094346027821302414e-02 2.300320751965045929e-02 1.094592437148094177e-01 3.037242405116558075e-02 1.041788682341575623e-01 7.207413762807846069e-02 9.686279296875000000e-02 6.215807422995567322e-02 1.679006032645702362e-02 5.264168232679367065e-02 2.843060903251171112e-02 7.357190549373626709e-02 2.165977843105792999e-02 4.258523508906364441e-02 2.469162642955780029e-02 3.255814686417579651e-02
1.554456502199172974e-01 2.645677328109741211e-01 3.041251301765441895e-01 3.465090394020080566e-01 2.892739474773406982e-01 3.427116870880126953e-01 4.435157179832458496e-01 4.808336496353149414e-01 1.000000000000000000e+00 6.129103899002075195e-01 2.439029514789581299e-01 1.661711484193801880e-01 9.248306602239608765e-02 1.787157915532588959e-02 6.484206765890121460e-02 9.347453713417053223e-03 3.781431913375854492e-02 2.775544673204421997e-02 1.834914833307266235e-02 2.025089040398597717e-02 9.592542424798011780e-03 4.360417276620864868e-02 2.492990903556346893e-02 -3.413914237171411514e-03 2.482234500348567963e-03 -8.450403693132102489e-04 9.634072739572729915e-06 2.115649916231632233e-02 3.700717911124229431e-02 3.219082206487655640e-02 7.816963642835617065e-02 3.348143771290779114e-02 5.320272594690322876e-02 3.947362303733825684e-02 5.269445478916168213e-02 2.689104154706001282e-02 7.692026701988652349e-05 4.961330443620681763e-02 8.994025178253650665e-03 5.292337760329246521e-02 9.195803664624691010e-03 4.336046800017356873e-02 3.650438785552978516e-02 3.114680945873260498e-02 2.669674530625343323e-02 4.748331382870674133e-02 5.879257619380950928e-02 5.554046854376792908e-02 4.639677703380584717e-02 8.599869906902313232e-02 9.882511943578720093e-02 9.643232822418212891e-02 6.347461044788360596e-02 7.022423297166824341e-02 6.793562322854995728e-02 7.618299126625061035e-02 1.088237836956977844e-01 4.252564907073974609e-02 4.936790093779563904e-02 2.589672803878784180e-02 3.556530177593231201e-02 3.987403586506843567e-02 3.275019675493240356e-02 1.245382800698280334e-01 2.389239147305488586e-02 4.351383075118064880e-02 1.875484734773635864e-02 3.216366097331047058e-02 3.689618781208992004e-02 1.062607113271951675e-02 1.420323923230171204e-02 5.863833799958229065e-02 -8.799592033028602600e-03 1.398334931582212448e-02 9.635544382035732269e-03 1.903304643929004669e-02 1.201804913580417633e-02 1.188027393072843552e-02 1.293753366917371750e-02 4.223031923174858093e-03 3.585424274206161499e-02 2.504421211779117584e-02 2.071114256978034973e-02 9.016727562993764877e-04 2.137139625847339630e-02 1.012966111302375793e-01 -6.663633976131677628e-03 6.838458776473999023e-02 4.301614314317703247e-02 6.594306975603103638e-02 -2.422391204163432121e-03 -1.160397753119468689e-02 4.338695853948593140e-02 1.428003702312707901e-02 2.229871973395347595e-02 -5.067571531981229782e-03 2.361258864402770996e-02 6.870283395983278751e-04 2.944129705429077148e-02
1.946712136268615723e-01 2.728279531002044678e-01 3.360011279582977295e-01 3.108694553375244141e-01 2.847988307476043701e-01 3.312157094478607178e-01 4.214277863502502441e-01 4.125425219535827637e-01 6.129103899002075195e-01 1.000000000000000000e+00 2.960155606269836426e-01 2.858475446701049805e-01 1.795979887247085571e-01 9.180089831352233887e-02 1.207623854279518127e-01 1.002436429262161255e-01 5.288811773061752319e-02 1.574305072426795959e-02 6.030784454196691513e-03 2.623393386602401733e-02 -4.946675617247819901e-03 3.847125545144081116e-02 5.723174288868904114e-02 8.362917229533195496e-03 3.493166714906692505e-02 1.064917631447315216e-02 4.588132258504629135e-03 1.312453579157590866e-02 8.103362470865249634e-02 3.200126811861991882e-02 7.474927697330713272e-04 7.343679666519165039e-02 1.388064865022897720e-02 1.240278966724872589e-02 1.295821648091077805e-02 4.169920086860656738e-02 3.202363103628158569e-02 1.226000487804412842e-01 2.750176005065441132e-02 7.556908577680587769e-02 4.443775489926338196e-02 9.030058234930038452e-02 4.782723262906074524e-02 4.772922024130821228e-02 3.945327922701835632e-02 5.044298619031906128e-02 9.809814393520355225e-02 5.048173666000366211e-02 6.756503134965896606e-02 6.849857419729232788e-02 9.395698457956314087e-02 8.213785290718078613e-02 5.028177797794342041e-02 6.635608524084091187e-02 6.708489358425140381e-02 1.292381882667541504e-01 1.675930321216583252e-01 1.067869067192077637e-01 8.642944693565368652e-02 4.670521244406700134e-02 4.330235719680786133e-02 6.155236065387725830e-02 2.406265586614608765e-02 4.889271408319473267e-02 2.204458694905042648e-03 -8.632796816527843475e-03 -1.007053651846945286e-03 1.507898699492216110e-02 9.119099006056785583e-03 5.032880231738090515e-02 3.807747736573219299e-02 2.674521505832672119e-02 2.705564722418785095e-02 -2.010627463459968567e-02 1.178801059722900391e-02 1.027685310691595078e-02 -7.551845628768205643e-03 -2.933727763593196869e-02 -5.848550354130566120e-04 5.362137779593467712e-02 3.607669472694396973e-02 -2.165000140666961670e-02 5.855716392397880554e-02 2.163640223443508148e-02 2.874407172203063965e-02 2.233496457338333130e-01 4.374305903911590576e-02 1.359581053256988525e-01 1.428251862525939941e-01 1.362576633691787720e-01 1.267983317375183105e-01 1.414420641958713531e-02 1.094063371419906616e-01 -2.114112488925457001e-02 1.527841947972774506e-02 1.562884449958801270e-02 1.112487073987722397e-02 -4.100420046597719193e-03 1.882485859096050262e-02
6.622794270515441895e-02 9.188394993543624878e-02 1.229289621114730835e-01 1.157745495438575745e-01 1.005651280283927917e-01 1.145050227642059326e-01 1.526970267295837402e-01 1.177527531981468201e-01 2.439029514789581299e-01 2.960155606269836426e-01 1.000000000000000000e+00 4.857321381568908691e-01 2.916968166828155518e-01 2.063088119029998779e-01 1.756838113069534302e-01 1.611903011798858643e-01 7.103952020406723022e-02 4.362680390477180481e-02 6.453216075897216797e-03 3.980729728937149048e-02 3.237552195787429810e-02 2.629836834967136383e-02 4.724796861410140991e-02 2.254554256796836853e-02 9.102726355195045471e-03 -9.891767986118793488e-03 1.806107908487319946e-02 2.666568756103515625e-02 7.370081543922424316e-02 1.625279709696769714e-02 1.137231360189616680e-03 2.210409007966518402e-02 3.233744576573371887e-02 4.139066860079765320e-02 2.049295231699943542e-02 3.054331615567207336e-02 5.145774222910404205e-03 4.087973013520240784e-02 3.931870684027671814e-02 8.230996131896972656e-02 1.905304007232189178e-02 5.582890287041664124e-02 3.877979144454002380e-02 3.393999114632606506e-02 2.169058658182621002e-02 5.045300722122192383e-02 5.155551806092262268e-02 5.178906023502349854e-02 2.789374813437461853e-02 6.345652043819427490e-02 4.802628979086875916e-02 4.371891915798187256e-02 3.023590333759784698e-02 3.679712489247322083e-02 3.984153270721435547e-02 5.888174474239349365e-02 8.616716414690017700e-02 3.278904408216476440e-02 3.648601844906806946e-02 1.903195865452289581e-02 2.760394476354122162e-02 3.184874355792999268e-02 2.252145484089851379e-02 3.005691431462764740e-02 1.239661220461130142e-02 -1.065373048186302185e-02 -1.793975569307804108e-02 -5.321657750755548477e-03 -8.314998820424079895e-03 6.340627372264862061e-02 3.211459890007972717e-02 4.556322470307350159e-02 3.520794957876205444e-02 1.742255315184593201e-02 3.079758398234844208e-02 3.606740757822990417e-02 1.535753253847360611e-03 -4.646270244847983122e-04 8.421759121119976044e-03 2.089153975248336792e-02 6.110686063766479492e-02 -9.094375185668468475e-03 3.654536604881286621e-02 3.672647848725318909e-02 4.829723760485649109e-02 1.038428917527198792e-01 -1.200569968204945326e-04 7.568749785423278809e-02 5.690959841012954712e-02 5.345134064555168152e-02 -3.346645040437579155e-03 2.287972904741764069e-02 7.183419167995452881e-02 -1.349370740354061127e-02 2.799667045474052429e-02 1.702612824738025665e-02 2.053805068135261536e-02 3.794091986492276192e-03 9.592984803020954132e-03
9.783923625946044922e-02 1.134164109826087952e-01 2.031182348728179932e-01 1.230885609984397888e-01 1.442194730043411255e-01 1.453527659177780151e-01 1.650472581386566162e-01 1.047218218445777893e-01 1.661711484193801880e-01 2.858475446701049805e-01 4.857321381568908691e-01 1.000000000000000000e+00 4.436886906623840332e-01 3.893294930458068848e-01 3.114254772663116455e-01 2.952799499034881592e-01 1.266960501670837402e-01 7.510605454444885254e-02 2.071739919483661652e-02 6.596755981445312500e-02 5.146781355142593384e-02 4.210817068815231323e-02 7.028029114007949829e-02 5.985809117555618286e-02 6.551088392734527588e-02 2.490835450589656830e-02 4.369907081127166748e-02 4.086561501026153564e-02 1.050488427281379700e-01 3.952875360846519470e-02 -1.546402182430028915e-02 5.359989777207374573e-02 2.858833596110343933e-02 2.865317650139331818e-02 2.542452141642570496e-02 5.282879620790481567e-02 8.169406652450561523e-02 8.966957777738571167e-02 -1.369172590784728527e-03 1.494077891111373901e-01 6.849809736013412476e-02 1.071487963199615479e-01 9.936781972646713257e-02 7.584928721189498901e-02 6.756006181240081787e-02 7.329986989498138428e-02 6.051386520266532898e-02 8.520887792110443115e-02 3.045049495995044708e-02 8.260712027549743652e-02 7.127258181571960449e-02 6.078605726361274719e-02 4.066145047545433044e-02 5.612677335739135742e-02 5.595789849758148193e-02 1.009913012385368347e-01 1.950606107711791992e-01 8.248617500066757202e-02 9.753456711769104004e-02 4.103737324476242065e-02 5.832253023982048035e-02 5.758032575249671936e-02 3.079057484865188599e-02 -8.955270051956176758e-03 8.274067193269729614e-03 -5.015345290303230286e-02 -3.256113454699516296e-02 -9.844189509749412537e-03 -5.072874948382377625e-02 2.066059224307537079e-02 2.916619367897510529e-02 2.346287295222282410e-02 5.338683724403381348e-02 2.038824744522571564e-02 4.842855408787727356e-02 5.120588839054107666e-02 -1.722848229110240936e-02 -3.286765515804290771e-02 -7.328172214329242706e-03 -1.670442288741469383e-03 8.614715188741683960e-02 -5.050072446465492249e-02 4.923760890960693359e-02 1.077909693121910095e-01 6.299019604921340942e-02 1.239190474152565002e-01 5.753396824002265930e-02 1.652145683765411377e-01 1.164354830980300903e-01 1.446500271558761597e-01 6.780576705932617188e-02 1.208152547478675842e-01 1.138199716806411743e-01 -8.606692776083946228e-03 5.765780061483383179e-02 4.234669357538223267e-02 3.488145768642425537e-02 5.446095019578933716e-02 8.419222198426723480e-03
8.823121339082717896e-02 1.155168414115905762e-01 1.947717666625976562e-01 1.231083199381828308e-01 1.311680227518081665e-01 1.266557872295379639e-01 1.588170081377029419e-01 1.354947090148925781e-01 9.248306602239608765e-02 1.795979887247085571e-01 2.916968166828155518e-01 4.436886906623840332e-01 1.000000000000000000e+00 4.869519174098968506e-01 3.875427246093750000e-01 3.836689889430999756e-01 1.671190559864044189e-01 1.208955943584442139e-01 7.361104711890220642e-03 9.182795137166976929e-02 1.001669391989707947e-01 4.379531368613243103e-02 7.827137410640716553e-02 3.345509991049766541e-02 3.286193683743476868e-02 9.035487892106175423e-04 2.024336345493793488e-02 4.130434989929199219e-02 8.228476345539093018e-02 5.187434330582618713e-02 -1.752705872058868408e-02 5.282503366470336914e-02 9.906412102282047272e-03 1.231102552264928818e-02 2.071469090878963470e-03 5.175672098994255066e-02 -5.086116289021447301e-05 1.093655899167060852e-01 5.140345543622970581e-02 1.528649926185607910e-01 5.326152965426445007e-02 9.540690481662750244e-02 9.766551107168197632e-02 7.068457454442977905e-02 4.616874083876609802e-02 7.615582644939422607e-02 5.395729839801788330e-02 5.722028762102127075e-02 2.627016417682170868e-02 6.523046642541885376e-02 5.401998758316040039e-02 2.761748060584068298e-02 3.382138535380363464e-02 4.698386415839195251e-02 4.059751331806182861e-02 7.193043082952499390e-02 1.019805595278739929e-01 6.531801074743270874e-02 7.159124314785003662e-02 2.013663202524185181e-02 6.011744216084480286e-02 6.386668235063552856e-02 6.228057295083999634e-02 4.086213652044534683e-03 2.206713892519474030e-02 -4.666193574666976929e-02 -1.037091948091983795e-02 -1.688072271645069122e-02 -2.027864195406436920e-02 6.292717158794403076e-02 2.742666192352771759e-02 2.273424156010150909e-02 8.097989857196807861e-02 8.062736014835536480e-04 3.650747239589691162e-02 5.304288491606712341e-02 -2.107992535457015038e-03 -1.395613793283700943e-02 4.404068365693092346e-02 4.960818588733673096e-02 1.049294546246528625e-01 -2.230543456971645355e-02 7.681526988744735718e-02 6.077200174331665039e-02 6.308481842279434204e-02 1.266358345746994019e-01 -1.567067950963973999e-02 9.026367962360382080e-02 4.846482723951339722e-02 7.901088893413543701e-02 1.252819347428157926e-04 -5.762901622802019119e-03 9.140476584434509277e-02 -6.039084121584892273e-02 4.069056734442710876e-02 -2.786628901958465576e-02 1.248266920447349548e-02 -1.826044730842113495e-02 1.179762184619903564e-02
3.808725252747535706e-02 5.432423204183578491e-02 1.781861335039138794e-01 1.308340765535831451e-02 7.179270684719085693e-02 3.479960933327674866e-02 5.871696397662162781e-02 7.049594819545745850e-02 1.787157915532588959e-02 9.180089831352233887e-02 2.063088119029998779e-01 3.893294930458068848e-01 4.869519174098968506e-01 1.000000000000000000e+00 5.684544444084167480e-01 6.923384666442871094e-01 2.191270291805267334e-01 1.522780805826187134e-01 4.198224842548370361e-02 1.118051409721374512e-01 2.406467348337173462e-01 1.099703460931777954e-02 6.690721958875656128e-02 -8.170726709067821503e-03 -9.222363680601119995e-02 4.367886111140251160e-02 -1.643332839012145996e-02 6.754867732524871826e-03 1.151203736662864685e-01 3.743000328540802002e-02 -2.153822407126426697e-02 1.433188468217849731e-02 5.053544044494628906e-02 -1.073714345693588257e-02 -3.556444495916366577e-02 -2.127863466739654541e-02 6.262012571096420288e-02 5.622082203626632690e-02 3.116277512162923813e-03 2.011094987392425537e-01 2.649657987058162689e-02 4.634112492203712463e-02 8.220051229000091553e-02 2.969943918287754059e-02 7.132766768336296082e-03 6.234503164887428284e-02 1.743909530341625214e-02 6.391244381666183472e-02 -2.151942253112792969e-02 6.589245051145553589e-02 3.068059496581554413e-02 4.081959836184978485e-03 7.176244631409645081e-03 1.695609092712402344e-02 3.131731227040290833e-02 5.661883205175399780e-02 1.007649675011634827e-01 3.255965933203697205e-02 5.523532629013061523e-02 1.319820154458284378e-02 3.723916411399841309e-02 1.795269735157489777e-02 1.897886581718921661e-02 -4.108155518770217896e-02 -3.946239128708839417e-02 -1.279623061418533325e-01 -1.086844131350517273e-01 -6.070219352841377258e-02 -8.276786655187606812e-02 3.665781021118164062e-02 2.163715474307537079e-02 -5.719519034028053284e-02 5.906714126467704773e-02 -2.934886328876018524e-02 4.448914527893066406e-02 6.271350383758544922e-02 -6.057811900973320007e-02 -6.039182841777801514e-02 6.223277654498815536e-03 2.542737172916531563e-03 1.736419200897216797e-01 -1.426957845687866211e-01 1.189402490854263306e-02 1.746259927749633789e-01 3.361954167485237122e-02 7.875692099332809448e-02 7.375758141279220581e-02 7.711621373891830444e-02 -3.206817433238029480e-02 6.841652095317840576e-02 -5.735108256340026855e-02 2.788857556879520416e-02 9.064958244562149048e-02 -8.348403126001358032e-02 3.517423570156097412e-02 3.139027627184987068e-03 -1.589186303317546844e-02 4.869322292506694794e-03 -2.327246777713298798e-02
5.946809053421020508e-02 7.304605841636657715e-02 1.499782502651214600e-01 8.005102723836898804e-02 8.101238310337066650e-02 6.604550778865814209e-02 1.012989431619644165e-01 8.685846626758575439e-02 6.484206765890121460e-02 1.207623854279518127e-01 1.756838113069534302e-01 3.114254772663116455e-01 3.875427246093750000e-01 5.684544444084167480e-01 1.000000000000000000e+00 4.939868748188018799e-01 1.886276751756668091e-01 1.262162178754806519e-01 6.122307851910591125e-02 1.083291321992874146e-01 1.395789533853530884e-01 5.114269256591796875e-02 6.948434561491012573e-02 1.379090081900358200e-02 7.736197207123041153e-03 8.715748786926269531e-02 2.893508039414882660e-02 5.287335067987442017e-02 1.011624112725257874e-01 6.572561711072921753e-02 -5.584222823381423950e-02 2.096988074481487274e-02 2.613769844174385071e-02 -9.433148428797721863e-03 -1.156290061771869659e-02 -2.255172841250896454e-02 -1.142423879355192184e-02 4.242888838052749634e-02 -2.075414918363094330e-02 1.416729241609573364e-01 4.653086140751838684e-02 5.785591155290603638e-02 5.971455946564674377e-02 3.617211803793907166e-02 2.582669816911220551e-02 7.285286486148834229e-02 4.025952145457267761e-02 6.552768498659133911e-02 -7.477446924895048141e-04 6.467810273170471191e-02 5.599679425358772278e-02 1.959651522338390350e-02 3.801498189568519592e-02 3.028891235589981079e-02 6.623687595129013062e-02 7.660200446844100952e-02 1.121858432888984680e-01 5.448120832443237305e-02 6.567391008138656616e-02 1.041826326400041580e-02 8.578628301620483398e-03 2.442950569093227386e-02 1.258475985378026962e-02 9.088241495192050934e-04 -1.705673150718212128e-02 -8.423999696969985962e-02 -6.315581500530242920e-02 -5.070052668452262878e-02 -5.825026705861091614e-02 1.768512651324272156e-02 2.480165287852287292e-02 -2.881927139242179692e-05 8.287787437438964844e-02 1.244309265166521072e-02 4.944477975368499756e-02 3.084649890661239624e-02 -1.767554692924022675e-02 -3.902535885572433472e-02 5.944353062659502029e-03 3.977786004543304443e-02 1.369128078222274780e-01 -7.495290040969848633e-02 4.120069742202758789e-02 9.273783117532730103e-02 4.203250631690025330e-02 1.014687865972518921e-01 -6.550848018378019333e-03 1.077645570039749146e-01 2.910032495856285095e-02 8.863613009452819824e-02 -2.113782800734043121e-02 9.897754527628421783e-03 9.342017024755477905e-02 -8.388116955757141113e-02 3.897644579410552979e-02 -1.702755456790328026e-03 -1.092908065766096115e-02 2.256338251754641533e-03 6.614262238144874573e-03
3.092036768794059753e-02 4.198938608169555664e-02 1.259730458259582520e-01 1.210605958476662636e-03 4.567559435963630676e-02 2.095469459891319275e-02 4.489974305033683777e-02 5.569296330213546753e-02 9.347453713417053223e-03 1.002436429262161255e-01 1.611903011798858643e-01 2.952799499034881592e-01 3.836689889430999756e-01 6.923384666442871094e-01 4.939868748188018799e-01 1.000000000000000000e+00 2.152750045061111450e-01 1.261536031961441040e-01 5.210734903812408447e-02 1.076120063662528992e-01 2.348380535840988159e-01 -2.543606050312519073e-02 2.998497895896434784e-02 -1.151296123862266541e-02 -5.576289817690849304e-02 6.842856109142303467e-02 4.453205969184637070e-03 4.639819962903857231e-04 1.600704789161682129e-01 3.033364005386829376e-02 -6.908091902732849121e-02 1.066956296563148499e-02 -2.987202722579240799e-03 -4.205155372619628906e-02 -7.466860115528106689e-02 -6.615027040243148804e-02 -1.567802764475345612e-02 -2.534019388258457184e-02 1.284988783299922943e-02 1.713192462921142578e-01 2.077564597129821777e-03 5.007421970367431641e-02 5.565001815557479858e-02 1.362443156540393829e-02 1.114584133028984070e-02 6.473360955715179443e-02 3.354177251458168030e-02 5.349036306142807007e-02 5.331320571713149548e-04 5.171626806259155273e-02 3.236000239849090576e-02 -3.320316318422555923e-03 1.025742199271917343e-02 1.040810905396938324e-02 1.413780171424150467e-02 2.854929678142070770e-02 6.626438349485397339e-02 3.001706488430500031e-02 6.981573253870010376e-02 -5.136562976986169815e-03 5.210826545953750610e-02 2.693734131753444672e-02 -1.441990584135055542e-02 -5.473531410098075867e-02 -3.392134234309196472e-02 -1.227290108799934387e-01 -7.286285609006881714e-02 -9.561298042535781860e-02 -7.973343133926391602e-02 8.417578041553497314e-02 3.180713951587677002e-02 -6.316577643156051636e-02 8.096845448017120361e-02 -4.549971595406532288e-02 3.815822675824165344e-02 5.581695586442947388e-02 -8.790080994367599487e-02 -8.219984173774719238e-02 9.369533509016036987e-03 -9.909419342875480652e-03 1.542755961418151855e-01 -1.391441076993942261e-01 4.347280785441398621e-02 1.437293142080307007e-01 -5.638755974359810352e-04 8.690074831247329712e-02 8.011438697576522827e-02 5.583082139492034912e-02 -3.285005316138267517e-02 4.098539054393768311e-02 -2.448098920285701752e-02 4.453571047633886337e-03 1.089769154787063599e-01 -5.233541876077651978e-02 1.939595118165016174e-02 6.972067058086395264e-02 -2.542493864893913269e-02 -8.678403683006763458e-03 -2.650717087090015411e-02
