1.000000000000000000e+00 6.549368500709533691e-01 4.398067593574523926e-01 2.048667520284652710e-01 1.826168894767761230e-01 2.547419071197509766e-02 1.338884085416793823e-01 3.163120523095130920e-02 1.847657375037670135e-02 2.576657570898532867e-02 1.955558918416500092e-02 1.308884918689727783e-01 1.072507575154304504e-01 1.460296362638473511e-01 1.050614267587661743e-01 4.120229929685592651e-02 1.419123709201812744e-01 1.981193423271179199e-01 7.671707123517990112e-02 1.688382215797901154e-02 4.725746810436248779e-02 7.163242436945438385e-03 1.743633002042770386e-01 2.595742419362068176e-02 1.556783765554428101e-01 1.451213508844375610e-01 9.785961359739303589e-02 1.075265482068061829e-01 2.485207468271255493e-02 7.712884992361068726e-02 2.703238837420940399e-02 1.216259151697158813e-01 2.052696347236633301e-01 6.686157081276178360e-03 8.036695420742034912e-02 2.610462307929992676e-01 2.416205257177352905e-01 1.326876282691955566e-01 2.180831581354141235e-01 1.460598707199096680e-01 7.889159023761749268e-03 -1.635016291402280331e-03 4.234019294381141663e-02 7.530792802572250366e-02 1.685233712196350098e-01 2.445217221975326538e-02 4.283425584435462952e-02 9.693528711795806885e-02 5.639138445258140564e-02 6.006633117794990540e-02 5.725001916289329529e-02 1.743735931813716888e-02 3.675759211182594299e-02 3.579254448413848877e-02 4.334374889731407166e-02 1.733007840812206268e-02 1.002535372972488403e-01 6.109767407178878784e-02 6.180525943636894226e-02 1.689943112432956696e-02 3.381394967436790466e-02 7.952003180980682373e-02 1.675291806459426880e-01 1.121145393699407578e-02 4.564094170928001404e-02 3.500628843903541565e-02 8.907822519540786743e-02 3.739780560135841370e-02 2.909814193844795227e-02 8.265314996242523193e-02 3.909617662429809570e-02 1.669047176837921143e-01 9.891331195831298828e-02 8.991429209709167480e-02 2.329703867435455322e-01 8.760111778974533081e-02 1.209652572870254517e-01 4.413122311234474182e-02 8.679717034101486206e-02 5.704477429389953613e-02 8.016428351402282715e-02 2.963819727301597595e-02 3.333748131990432739e-02 7.308057695627212524e-02 3.407173231244087219e-02 3.342352434992790222e-02 2.808521501719951630e-02 3.109484538435935974e-02 2.685525268316268921e-02 6.931917369365692139e-02 5.632510408759117126e-02 1.856674440205097198e-02 2.370711416006088257e-02 2.560019493103027344e-02
6.549368500709533691e-01 1.000000000000000000e+00 6.161766052246093750e-01 3.168928027153015137e-01 2.227226346731185913e-01 7.930214703083038330e-02 1.841779351234436035e-01 -3.093229606747627258e-02 4.207341745495796204e-02 3.156151250004768372e-02 6.564409704878926277e-05 7.635028660297393799e-02 2.045017033815383911e-01 2.154750674962997437e-01 1.155556365847587585e-01 1.089086979627609253e-01 2.511597871780395508e-01 2.575564682483673096e-01 1.631484478712081909e-01 4.706805199384689331e-02 9.570356458425521851e-02 3.800409659743309021e-02 2.279072403907775879e-01 9.075579047203063965e-02 1.967292875051498413e-01 2.070978879928588867e-01 1.368533521890640259e-01 1.710998862981796265e-01 5.837946757674217224e-02 1.603888720273971558e-01 9.700445085763931274e-02 8.304848521947860718e-02 2.369950413703918457e-01 5.750473961234092712e-02 1.084474399685859680e-01 3.446336686611175537e-01 3.221632838249206543e-01 2.171851545572280884e-01 2.382860928773880005e-01 1.013287529349327087e-01 1.265977136790752411e-02 -1.878539286553859711e-02 1.147765964269638062e-01 1.413299739360809326e-01 2.087815254926681519e-01 5.600941926240921021e-02 2.985133416950702667e-02 5.856752023100852966e-02 1.022548973560333252e-01 6.698828935623168945e-02 1.218146756291389465e-01 -2.590779401361942291e-02 3.794441744685173035e-02 -1.911050756461918354e-03 7.595022022724151611e-02 8.791105449199676514e-02 9.887014329433441162e-02 1.159452572464942932e-01 3.150821477174758911e-02 3.242707625031471252e-02 1.649357192218303680e-02 8.548612147569656372e-02 2.094602733850479126e-01 8.130867034196853638e-03 2.179671078920364380e-02 1.032453104853630066e-01 4.154271632432937622e-02 8.080922812223434448e-02 6.765442341566085815e-02 1.415129750967025757e-01 8.308303356170654297e-02 2.339937686920166016e-01 1.492201834917068481e-01 1.690245419740676880e-01 3.822615146636962891e-01 1.762183159589767456e-01 2.101036012172698975e-01 1.324323117733001709e-01 1.276931911706924438e-01 1.197379305958747864e-01 1.252966821193695068e-01 9.741181135177612305e-02 6.934056431055068970e-02 9.560803323984146118e-02 2.626209147274494171e-02 1.864840090274810791e-02 1.154444739222526550e-02 6.292819511145353317e-03 -7.967862300574779510e-03 1.726516149938106537e-02 -1.197638455778360367e-02 -1.834322698414325714e-02 -5.971463769674301147e-02 -5.950390174984931946e-02
4.398067593574523926e-01 6.161766052246093750e-01 1.000000000000000000e+00 3.548074364662170410e-01 2.081772983074188232e-01 1.450848132371902466e-01 1.565894037485122681e-01 -1.169377379119396210e-02 1.022162660956382751e-01 5.491608381271362305e-02 2.384906634688377380e-02 3.013244085013866425e-02 1.570211648941040039e-01 1.731953322887420654e-01 1.310603916645050049e-01 1.476043462753295898e-01 2.417164444923400879e-01 2.767133414745330811e-01 1.972233653068542480e-01 9.487208724021911621e-02 1.082537025213241577e-01 5.439048632979393005e-02 2.022047936916351318e-01 6.973041594028472900e-02 1.706789880990982056e-01 1.666802912950515747e-01 1.096246540546417236e-01 1.495799422264099121e-01 3.041185624897480011e-02 1.010131612420082092e-01 7.812996953725814819e-02 3.167932480573654175e-02 1.633850634098052979e-01 6.788254529237747192e-02 1.228051856160163879e-01 2.808949947357177734e-01 2.599912583827972412e-01 1.879487186670303345e-01 1.514038145542144775e-01 4.940156638622283936e-02 -3.855945169925689697e-02 -2.992187067866325378e-02 7.269189506769180298e-02 1.073187291622161865e-01 1.976379901170730591e-01 7.264889031648635864e-02 5.630946904420852661e-02 2.157664485275745392e-02 8.515940606594085693e-02 2.853268943727016449e-02 9.739627689123153687e-02 -2.253650501370429993e-02 -2.633786015212535858e-02 -2.691433019936084747e-02 2.988195046782493591e-02 1.211041025817394257e-02 6.067804619669914246e-02 1.203755810856819153e-01 -1.954458653926849365e-03 7.202796638011932373e-02 1.072292122989892960e-02 5.279215425252914429e-02 1.696810126304626465e-01 -6.421802192926406860e-02 -3.614202141761779785e-02 4.442153126001358032e-02 -4.061644151806831360e-02 8.247600495815277100e-02 4.667396098375320435e-02 5.440985411405563354e-02 3.686747327446937561e-02 1.743876188993453979e-01 1.337600499391555786e-01 7.686077058315277100e-02 2.574073374271392822e-01 1.118450537323951721e-01 1.646898388862609863e-01 7.569288462400436401e-02 9.015013277530670166e-02 6.201218813657760620e-02 1.019133254885673523e-01 4.489889368414878845e-02 4.131605103611946106e-02 7.353166490793228149e-02 2.548635937273502350e-02 2.392906323075294495e-02 2.081487886607646942e-02 5.779052153229713440e-03 -1.461140718311071396e-02 5.795703269541263580e-03 -3.328661620616912842e-02 -1.292345952242612839e-02 -8.676733821630477905e-02 -8.820582181215286255e-02
2.048667520284652710e-01 3.168928027153015137e-01 3.548074364662170410e-01 1.000000000000000000e+00 2.910533547401428223e-01 3.762274384498596191e-01 2.508750259876251221e-01 1.474104225635528564e-01 2.786590456962585449e-01 1.402687132358551025e-01 1.351331621408462524e-01 7.841499894857406616e-02 2.825869023799896240e-01 2.033615261316299438e-01 1.628678292036056519e-01 1.528490185737609863e-01 4.182201623916625977e-01 1.956404745578765869e-01 1.903865933418273926e-01 2.143384218215942383e-01 1.807161718606948853e-01 1.688488423824310303e-01 1.460456848144531250e-01 1.722632646560668945e-01 9.843921661376953125e-02 1.798177659511566162e-01 6.559982895851135254e-02 2.288831472396850586e-01 1.091897934675216675e-01 1.159549430012702942e-01 3.072424419224262238e-02 -1.082255598157644272e-02 7.753098756074905396e-02 6.394647061824798584e-02 1.247932687401771545e-01 3.033607900142669678e-01 3.936190903186798096e-01 3.309124112129211426e-01 1.754103899002075195e-01 3.575306758284568787e-02 1.042162347584962845e-02 -2.883494831621646881e-02 2.566597759723663330e-01 1.445629745721817017e-01 1.181582510471343994e-01 2.945869229733943939e-02 3.135322406888008118e-02 -9.401234798133373260e-03 1.795459240674972534e-01 4.364205896854400635e-02 7.214350253343582153e-02 2.558277733623981476e-02 -8.395578712224960327e-02 -1.571712270379066467e-02 1.058311983942985535e-01 9.596184641122817993e-02 5.559044331312179565e-02 8.852636814117431641e-02 -1.265830397605895996e-01 -2.629962749779224396e-02 2.048658952116966248e-02 -3.225351497530937195e-02 3.945158421993255615e-02 -5.366201698780059814e-02 -6.568884849548339844e-02 1.031223102472722530e-03 -1.486493051052093506e-01 -6.374954711645841599e-03 -1.732240989804267883e-02 1.063476549461483955e-03 -2.905164286494255066e-02 5.976365134119987488e-02 1.985901594161987305e-02 3.059453517198562622e-02 1.149287819862365723e-01 1.075725778937339783e-01 9.350807219743728638e-02 -1.880491152405738831e-02 3.666672855615615845e-02 -1.065643783658742905e-02 4.298469424247741699e-02 -2.715847268700599670e-02 6.657755002379417419e-03 3.416740521788597107e-02 3.337110579013824463e-02 2.942554885521531105e-03 1.006766315549612045e-02 -5.552476271986961365e-03 -2.211822755634784698e-02 -5.021566152572631836e-02 -8.570206910371780396e-02 -9.479956328868865967e-02 -1.027969494462013245e-01 -1.088996008038520813e-01
1.826168894767761230e-01 2.227226346731185913e-01 2.081772983074188232e-01 2.910533547401428223e-01 1.000000000000000000e+00 4.747042953968048096e-01 3.244905173778533936e-01 1.871351897716522217e-01 3.433233499526977539e-01 1.517774015665054321e-01 1.383579075336456299e-01 1.507213115692138672e-01 2.660179734230041504e-01 2.915978729724884033e-01 2.091565579175949097e-01 1.463681161403656006e-01 2.513981461524963379e-01 2.810661196708679199e-01 2.042166292667388916e-01 1.762160658836364746e-01 1.618558168411254883e-01 1.791560947895050049e-01 2.486113905906677246e-01 9.885405004024505615e-02 1.433966457843780518e-01 1.915948092937469482e-01 1.042673364281654358e-01 1.116875037550926208e-01 4.826372489333152771e-02 8.508246392011642456e-02 7.119976729154586792e-02 3.497052937746047974e-02 2.037120163440704346e-01 1.751424977555871010e-03 5.770207569003105164e-02 2.268373519182205200e-01 1.758700758218765259e-01 1.649528592824935913e-01 1.220136508345603943e-01 5.270843952894210815e-02 3.121440485119819641e-02 -3.154327720403671265e-02 7.489588856697082520e-02 1.045197397470474243e-01 1.078297123312950134e-01 6.455443054437637329e-02 4.339781776070594788e-02 1.262157224118709564e-02 6.217500939965248108e-02 3.482941538095474243e-02 9.795173257589340210e-02 -9.474884718656539917e-03 -1.603838987648487091e-02 1.444650813937187195e-02 3.588539361953735352e-02 1.705536991357803345e-02 1.167066767811775208e-01 8.503031730651855469e-02 -3.772045299410820007e-02 1.364064589142799377e-02 6.160846911370754242e-03 3.416402265429496765e-02 1.267738491296768188e-01 -3.709426522254943848e-02 -1.666769571602344513e-02 3.331387415528297424e-02 -4.542250186204910278e-02 5.190160125494003296e-02 3.903846442699432373e-02 5.212082341313362122e-02 3.607130423188209534e-02 1.857652068138122559e-01 1.381710618734359741e-01 8.486712723970413208e-02 2.343990504741668701e-01 1.110211759805679321e-01 1.202853098511695862e-01 4.252925887703895569e-02 9.101512283086776733e-02 6.303099542856216431e-02 9.307065606117248535e-02 4.023655876517295837e-02 3.023424930870532990e-02 6.935171037912368774e-02 3.459788113832473755e-02 3.655756637454032898e-02 3.177223354578018188e-02 2.209842577576637268e-02 3.708426607772707939e-03 1.528898812830448151e-02 -3.390794619917869568e-02 7.670429185964167118e-04 -4.003289341926574707e-02 -3.965401276946067810e-02
2.547419071197509766e-02 7.930214703083038330e-02 1.450848132371902466e-01 3.762274384498596191e-01 4.747042953968048096e-01 1.000000000000000000e+00 4.949698448181152344e-01 5.321334600448608398e-01 7.384675145149230957e-01 2.906282842159271240e-01 2.734634280204772949e-01 3.108065724372863770e-01 4.072757661342620850e-01 2.906087636947631836e-01 2.444105744361877441e-01 2.197209000587463379e-01 2.791388034820556641e-01 2.522372901439666748e-01 2.165014296770095825e-01 2.911387383937835693e-01 2.239261865615844727e-01 4.134992361068725586e-01 1.763610243797302246e-01 1.864484101533889771e-01 1.175526157021522522e-01 1.298267245292663574e-01 1.200637146830558777e-01 1.103120073676109314e-01 8.153248578310012817e-02 7.664194703102111816e-02 1.003682687878608704e-01 -2.647421206347644329e-04 3.978599794209003448e-03 1.369922049343585968e-02 -2.767061814665794373e-04 8.593981713056564331e-02 6.948236376047134399e-02 1.231274008750915527e-01 1.726594567298889160e-02 -3.473893925547599792e-02 -1.197767723351716995e-02 -2.007075399160385132e-02 5.813257396221160889e-02 -2.258493006229400635e-02 1.903855614364147186e-02 -4.694685776485130191e-05 2.714701741933822632e-02 -3.358918055891990662e-02 8.107973635196685791e-02 -1.007279753684997559e-02 6.463112682104110718e-02 -4.621640965342521667e-02 -1.645776815712451935e-02 -3.221919387578964233e-02 2.295306138694286346e-02 -3.824352845549583435e-02 1.317040622234344482e-02 4.256090894341468811e-02 -3.793797641992568970e-02 -1.686628721654415131e-02 -4.960066452622413635e-02 -2.853490412235260010e-02 2.116658352315425873e-02 -5.693310871720314026e-02 -5.741493031382560730e-02 -2.037897519767284393e-02 -4.603138938546180725e-02 -6.275543477386236191e-03 -7.018167525529861450e-03 5.031365528702735901e-02 -3.908335790038108826e-02 2.253285609185695648e-02 -4.399161413311958313e-02 7.467214949429035187e-03 7.378216832876205444e-02 5.121921375393867493e-02 2.879271656274795532e-02 -6.317180581390857697e-03 1.482184883207082748e-02 1.583598554134368896e-02 2.595801092684268951e-02 3.907909616827964783e-02 1.299561746418476105e-02 2.279230020940303802e-02 -1.167254988104104996e-02 -2.146706357598304749e-02 -3.049471415579319000e-02 -2.308304607868194580e-02 -1.580479368567466736e-02 -1.953578554093837738e-02 -2.245470695197582245e-02 -2.925437688827514648e-02 -3.453035652637481689e-02 -3.363569453358650208e-02
1.338884085416793823e-01 1.841779351234436035e-01 1.565894037485122681e-01 2.508750259876251221e-01 3.244905173778533936e-01 4.949698448181152344e-01 1.000000000000000000e+00 2.651935815811157227e-01 4.604808390140533447e-01 2.328501045703887939e-01 1.878357231616973877e-01 3.542791903018951416e-01 3.283007144927978516e-01 3.331422209739685059e-01 1.866641938686370850e-01 1.912180781364440918e-01 2.723129093647003174e-01 2.300814837217330933e-01 1.385961920022964478e-01 1.832007616758346558e-01 1.740097999572753906e-01 2.330059260129928589e-01 1.470313668251037598e-01 1.374982148408889771e-01 1.331566125154495239e-01 1.651950478553771973e-01 1.475800573825836182e-01 1.419189125299453735e-01 7.156570255756378174e-02 1.316718459129333496e-01 1.204448193311691284e-01 6.307970732450485229e-02 9.525900334119796753e-02 4.118787497282028198e-02 6.679934263229370117e-02 1.984050720930099487e-01 1.695349365472793579e-01 1.829977631568908691e-01 1.108519062399864197e-01 3.409380838274955750e-02 1.293725240975618362e-02 -2.673011459410190582e-02 9.440635144710540771e-02 4.402163997292518616e-02 9.695705771446228027e-02 2.403484657406806946e-02 7.147327065467834473e-02 4.946064203977584839e-02 1.289466768503189087e-01 4.202739894390106201e-02 7.821235805749893188e-02 -3.826985135674476624e-02 -9.939420036971569061e-03 1.141074206680059433e-02 4.335950687527656555e-02 5.529485270380973816e-02 1.152069494128227234e-01 7.787349820137023926e-02 1.119042932987213135e-01 2.565167844295501709e-02 7.021473348140716553e-02 4.051859304308891296e-02 8.506577461957931519e-02 1.439703512005507946e-03 -1.314006978645920753e-03 4.229583218693733215e-02 1.470015477389097214e-02 6.071901693940162659e-02 4.577696695923805237e-02 1.399680227041244507e-01 4.085597768425941467e-02 1.146357655525207520e-01 1.851884275674819946e-02 1.339363157749176025e-01 2.570095062255859375e-01 1.550061255693435669e-01 1.774191856384277344e-01 9.279622882604598999e-02 1.338796466588973999e-01 9.511869400739669800e-02 1.432466357946395874e-01 1.244600564241409302e-01 1.239698603749275208e-01 1.343169957399368286e-01 6.055935472249984741e-02 1.819779910147190094e-02 5.945317447185516357e-03 4.759694263339042664e-02 3.224874660372734070e-02 5.861097481101751328e-03 6.901407614350318909e-03 -4.641453549265861511e-02 -6.096341460943222046e-02 -5.970947816967964172e-02
3.163120523095130920e-02 -3.093229606747627258e-02 -1.169377379119396210e-02 1.474104225635528564e-01 1.871351897716522217e-01 5.321334600448608398e-01 2.651935815811157227e-01 1.000000000000000000e+00 4.814887046813964844e-01 2.387786358594894409e-01 4.088074266910552979e-01 3.045242726802825928e-01 1.924744248390197754e-01 1.624752730131149292e-01 2.580434679985046387e-01 1.040136739611625671e-01 7.779596000909805298e-02 1.006397828459739685e-01 1.019722819328308105e-01 1.394353955984115601e-01 1.055427491664886475e-01 2.466700822114944458e-01 4.344046860933303833e-02 1.657936722040176392e-02 3.429978340864181519e-02 1.973848789930343628e-02 5.648917332291603088e-02 -2.872932702302932739e-02 1.814211346209049225e-02 -6.592744030058383942e-03 -3.662929311394691467e-02 4.462912306189537048e-02 -4.764822870492935181e-02 -7.971722632646560669e-02 -8.768882602453231812e-02 -8.054518699645996094e-02 -6.717231869697570801e-02 -7.785364240407943726e-02 -2.572090923786163330e-02 3.513612784445285797e-03 -4.224333912134170532e-02 -3.351367637515068054e-02 -8.247353136539459229e-02 -1.171551197767257690e-01 -3.318639099597930908e-02 -5.383774265646934509e-02 2.064658850431442261e-01 1.190532520413398743e-01 -5.140455067157745361e-02 -1.385784707963466644e-02 -1.775851560523733497e-04 2.830656170845031738e-01 1.298094838857650757e-01 1.095720157027244568e-01 2.078136429190635681e-02 -1.448774933815002441e-01 -1.023392938077449799e-02 9.440815076231956482e-03 -1.190581992268562317e-01 -1.789551577530801296e-03 1.172789721749722958e-03 -5.346915125846862793e-02 -1.713591814041137695e-02 -7.774243503808975220e-02 -9.447972476482391357e-02 -5.587210878729820251e-02 1.581929475069046021e-01 -6.890561431646347046e-02 -7.953824102878570557e-02 -8.129094541072845459e-02 -6.548635661602020264e-02 -7.121297717094421387e-02 -7.831987738609313965e-02 3.964088112115859985e-02 -1.068974658846855164e-01 -7.053244858980178833e-02 -1.092204079031944275e-01 -1.127399206161499023e-01 7.175568491220474243e-03 -2.137146145105361938e-02 -3.908709436655044556e-02 -7.420425862073898315e-02 -6.349844485521316528e-02 -6.497642025351524353e-03 6.968304514884948730e-02 1.929555684328079224e-01 2.350467741489410400e-01 2.126517295837402344e-01 2.782649993896484375e-01 3.818076252937316895e-01 3.983258008956909180e-01 2.423865497112274170e-01 3.660419881343841553e-01 3.699144721031188965e-01
1.847657375037670135e-02 4.207341745495796204e-02 1.022162660956382751e-01 2.786590456962585449e-01 3.433233499526977539e-01 7.384675145149230957e-01 4.604808390140533447e-01 4.814887046813964844e-01 1.000000000000000000e+00 2.653629481792449951e-01 2.533375322818756104e-01 3.150906562805175781e-01 3.047961890697479248e-01 2.343988865613937378e-01 1.723614335060119629e-01 1.330424547195434570e-01 2.359638512134552002e-01 1.954787075519561768e-01 1.599119007587432861e-01 2.410737723112106323e-01 1.481214612722396851e-01 3.338545858860015869e-01 1.519600003957748413e-01 8.179673552513122559e-02 8.611040562391281128e-02 7.861885428428649902e-02 6.307561695575714111e-02 5.687998235225677490e-02 3.331197425723075867e-02 1.470032706856727600e-02 7.323911041021347046e-02 -1.006636302918195724e-02 -6.289144948823377490e-05 -6.385786831378936768e-02 3.686322830617427826e-03 1.116594392806291580e-02 -5.055066198110580444e-03 1.386064756661653519e-02 -2.627155184745788574e-02 -5.757858976721763611e-02 -2.948279306292533875e-02 -4.915593657642602921e-03 -4.257333278656005859e-02 -2.760892547667026520e-02 3.385826200246810913e-02 -4.713678266853094101e-03 9.097483009099960327e-03 -1.616016589105129242e-02 4.240570589900016785e-02 -2.700669504702091217e-02 -4.883793881163001060e-04 -4.346341267228126526e-02 -6.174114719033241272e-02 -3.879297897219657898e-02 -3.344573825597763062e-02 -1.176142320036888123e-01 1.478169113397598267e-02 -3.468202054500579834e-02 1.018276996910572052e-02 -6.011880002915859222e-03 -5.526337306946516037e-03 -2.750976197421550751e-02 -1.937511377036571503e-03 -7.212341576814651489e-02 -1.923577301204204559e-02 -4.095895588397979736e-02 2.246951498091220856e-02 9.956677444279193878e-03 -5.358112510293722153e-03 -8.587730117142200470e-03 -2.842353470623493195e-02 -1.194128300994634628e-03 -4.271967336535453796e-02 -3.345831483602523804e-02 2.446088194847106934e-02 1.622115820646286011e-02 2.570266649127006531e-02 -3.309369459748268127e-02 -1.004585283226333559e-04 -7.243284024298191071e-03 -6.327047944068908691e-03 -2.928691450506448746e-03 1.473636552691459656e-02 2.861582860350608826e-02 -3.372380044311285019e-03 -8.621467277407646179e-03 -1.359394751489162445e-02 -8.963387459516525269e-03 1.859597745351493359e-03 -9.551825933158397675e-03 -9.004887193441390991e-03 -2.330847457051277161e-02 -2.534537576138973236e-02 -2.315719425678253174e-02
2.576657570898532867e-02 3.156151250004768372e-02 5.491608381271362305e-02 1.402687132358551025e-01 1.517774015665054321e-01 2.906282842159271240e-01 2.328501045703887939e-01 2.387786358594894409e-01 2.653629481792449951e-01 1.000000000000000000e+00 4.334190487861633301e-01 1.908715367317199707e-01 2.202830761671066284e-01 1.594396978616714478e-01 2.181918770074844360e-01 1.131370067596435547e-01 1.291631609201431274e-01 1.247548609972000122e-01 1.232867613434791565e-01 1.765667498111724854e-01 1.506170332431793213e-01 1.875749826431274414e-01 1.671327799558639526e-01 1.023451089859008789e-01 8.653497695922851562e-02 1.037899106740951538e-01 7.232881337404251099e-02 5.904499068856239319e-02 5.736014619469642639e-02 4.898822680115699768e-02 5.091759562492370605e-02 3.249025717377662659e-02 2.377026528120040894e-02 1.767919585108757019e-02 1.796725019812583923e-02 5.302460864186286926e-02 7.285662740468978882e-02 6.065965443849563599e-02 3.509307652711868286e-02 1.214859727770090103e-02 5.530013516545295715e-02 -1.162564940750598907e-02 5.435310676693916321e-02 5.918735265731811523e-02 1.717581413686275482e-02 3.790381550788879395e-02 1.580742150545120239e-01 1.743170917034149170e-01 3.472164645791053772e-02 3.571017086505889893e-02 2.377739734947681427e-02 2.628806233406066895e-01 1.085802763700485229e-01 1.860857568681240082e-02 3.562017902731895447e-02 2.457670867443084717e-02 7.708223909139633179e-02 7.836696505546569824e-02 5.128427594900131226e-02 7.030747830867767334e-02 1.619957387447357178e-01 3.941705822944641113e-02 6.707000732421875000e-02 1.912312954664230347e-02 4.595272988080978394e-02 5.268086493015289307e-02 6.347297132015228271e-02 2.528590708971023560e-02 6.856760382652282715e-02 6.550891697406768799e-02 4.176955670118331909e-02 3.071774542331695557e-02 5.392595008015632629e-02 6.456606090068817139e-02 1.222093310207128525e-02 4.916687309741973877e-02 7.724652439355850220e-02 6.549622397869825363e-03 1.283669620752334595e-01 4.310878738760948181e-02 1.077117845416069031e-01 3.868291899561882019e-02 5.268380790948867798e-02 6.750770658254623413e-02 7.762145251035690308e-02 1.068726927042007446e-01 1.102169007062911987e-01 1.282773762941360474e-01 1.043139547109603882e-01 9.048866480588912964e-02 7.667624205350875854e-02 2.426276449114084244e-03 7.500673644244670868e-03 9.555443190038204193e-03
1.955558918416500092e-02 6.564409704878926277e-05 2.384906634688377380e-02 1.351331621408462524e-01 1.383579075336456299e-01 2.734634280204772949e-01 1.878357231616973877e-01 4.088074266910552979e-01 2.533375322818756104e-01 4.334190487861633301e-01 1.000000000000000000e+00 3.096631169319152832e-01 1.332217454910278320e-01 2.189382165670394897e-01 2.207161635160446167e-01 4.190425574779510498e-02 2.285819202661514282e-01 1.469137370586395264e-01 1.586111634969711304e-01 1.362856775522232056e-01 3.388854861259460449e-02 1.863845586776733398e-01 1.702219545841217041e-01 1.592753827571868896e-02 1.157142147421836853e-01 6.534434109926223755e-02 -4.521651193499565125e-02 -1.326780766248703003e-02 -2.859593741595745087e-02 -1.835886761546134949e-02 -9.557133913040161133e-02 3.259456716477870941e-03 4.340815544128417969e-02 -9.750708937644958496e-02 -2.295601740479469299e-02 -4.246868565678596497e-02 -1.658868044614791870e-02 -8.942883461713790894e-02 -3.000389225780963898e-02 -5.887965112924575806e-02 -4.565765708684921265e-02 1.505164150148630142e-02 -1.279927790164947510e-01 5.843020975589752197e-02 9.547014534473419189e-02 -1.275396626442670822e-02 5.734480619430541992e-01 1.704045385122299194e-01 -5.023368075489997864e-02 -1.189842913299798965e-02 -1.913845352828502655e-02 6.663843989372253418e-01 8.819998055696487427e-02 5.868368968367576599e-02 7.562601473182439804e-03 -1.420778185129165649e-01 -2.864863956347107887e-03 5.110858753323554993e-02 -1.257224828004837036e-01 9.139029681682586670e-02 1.387752592563629150e-01 -1.833169534802436829e-02 3.718483960255980492e-03 -6.317420303821563721e-02 2.814129460602998734e-03 -1.627667807042598724e-02 9.474887512624263763e-03 -5.791551247239112854e-02 -6.119320169091224670e-02 -7.690387964248657227e-02 -1.425065845251083374e-02 1.131055410951375961e-02 5.183948576450347900e-02 -6.810108199715614319e-03 -1.333093177527189255e-02 -2.217003144323825836e-02 -2.757249213755130768e-02 -8.310908824205398560e-02 6.623100489377975464e-02 -3.775765653699636459e-03 5.842154845595359802e-02 -3.833371400833129883e-02 -1.854878105223178864e-02 4.080786183476448059e-02 1.492197215557098389e-01 2.421437948942184448e-01 2.992916405200958252e-01 2.788458764553070068e-01 2.700781524181365967e-01 3.061065673828125000e-01 2.783073782920837402e-01 2.025353014469146729e-01 1.699179410934448242e-01 1.695586740970611572e-01
1.308884918689727783e-01 7.635028660297393799e-02 3.013244085013866425e-02 7.841499894857406616e-02 1.507213115692138672e-01 3.108065724372863770e-01 3.542791903018951416e-01 3.045242726802825928e-01 3.150906562805175781e-01 1.908715367317199707e-01 3.096631169319152832e-01 1.000000000000000000e+00 2.265820503234863281e-01 2.259096503257751465e-01 1.401623934507369995e-01 7.197363674640655518e-02 9.734071046113967896e-02 1.094879359006881714e-01 9.832406789064407349e-02 1.439463049173355103e-01 9.593626856803894043e-02 2.099681198596954346e-01 7.304693758487701416e-02 6.606929749250411987e-02 6.277789175510406494e-02 5.905117467045783997e-02 4.057636484503746033e-02 3.200204297900199890e-02 3.256959840655326843e-02 1.255926582962274551e-02 -3.331426531076431274e-02 8.702609688043594360e-02 4.852347075939178467e-03 -4.091015085577964783e-02 -1.462691556662321091e-02 3.068363107740879059e-02 6.323902867734432220e-03 -3.127662837505340576e-02 1.804973371326923370e-02 4.250900819897651672e-02 -3.855689987540245056e-02 1.921808905899524689e-02 -5.639469996094703674e-02 -5.132233723998069763e-02 1.924290205352008343e-03 -1.332839485257863998e-02 7.182819396257400513e-02 9.693158417940139771e-02 -1.560586970299482346e-02 -1.662884023971855640e-03 -2.201902866363525391e-02 1.121395006775856018e-01 1.017818879336118698e-02 4.652886185795068741e-03 -1.444533094763755798e-02 -9.122144430875778198e-02 4.311352968215942383e-02 1.871600514277815819e-03 2.839495055377483368e-02 8.542680181562900543e-03 3.231742605566978455e-02 -3.299847943708300591e-03 2.434877242194488645e-04 -5.342334136366844177e-02 2.716179005801677704e-02 -1.737687550485134125e-02 4.582899063825607300e-02 -8.659199811518192291e-03 -2.834667451679706573e-02 -3.430217877030372620e-02 -2.964168600738048553e-02 7.208297029137611389e-03 -3.885464742779731750e-02 -1.517901849001646042e-02 7.116701919585466385e-03 -5.016343668103218079e-03 5.421813577413558960e-03 -6.444661319255828857e-02 3.635948151350021362e-02 3.539335681125521660e-03 2.363174967467784882e-02 1.152579672634601593e-03 2.516120299696922302e-02 6.684274971485137939e-02 4.941283911466598511e-02 6.779999285936355591e-02 8.921927958726882935e-02 1.177875027060508728e-01 1.320999711751937866e-01 1.444581747055053711e-01 1.611426770687103271e-01 8.827825635671615601e-02 5.074485763907432556e-02 5.010732263326644897e-02
1.072507575154304504e-01 2.045017033815383911e-01 1.570211648941040039e-01 2.825869023799896240e-01 2.660179734230041504e-01 4.072757661342620850e-01 3.283007144927978516e-01 1.924744248390197754e-01 3.047961890697479248e-01 2.202830761671066284e-01 1.332217454910278320e-01 2.265820503234863281e-01 1.000000000000000000e+00 2.953122556209564209e-01 2.194862812757492065e-01 1.607102751731872559e-01 3.363225758075714111e-01 2.334261238574981689e-01 2.322205007076263428e-01 2.535665035247802734e-01 2.700731754302978516e-01 2.730612456798553467e-01 1.940319091081619263e-01 2.661453187465667725e-01 1.535416841506958008e-01 2.144506573677062988e-01 1.336315721273422241e-01 2.521498501300811768e-01 1.976795345544815063e-01 2.348409891128540039e-01 1.105807647109031677e-01 5.125024914741516113e-02 6.485860049724578857e-02 7.639591395854949951e-02 5.800186097621917725e-02 2.614829540252685547e-01 3.072536885738372803e-01 2.832456827163696289e-01 1.395447105169296265e-01 4.100939258933067322e-02 5.388801917433738708e-02 -3.219246119260787964e-02 2.269376963376998901e-01 6.869179010391235352e-02 9.179481118917465210e-02 8.873944729566574097e-02 -2.669656276702880859e-02 3.181432140991091728e-03 1.500879377126693726e-01 9.060396254062652588e-02 8.024377375841140747e-02 -6.901278346776962280e-02 1.806190051138401031e-02 1.123956684023141861e-02 1.471494287252426147e-01 2.242324203252792358e-01 5.951029434800148010e-02 1.175511181354522705e-01 -2.436862699687480927e-02 3.453134372830390930e-02 -1.481635216623544693e-02 4.144501686096191406e-02 9.491720050573348999e-02 7.597347348928451538e-02 5.287189269438385963e-04 1.094534471631050110e-01 2.063866518437862396e-02 7.596954703330993652e-02 6.785985082387924194e-02 1.488585025072097778e-01 6.140497699379920959e-02 8.941503614187240601e-02 4.656532779335975647e-02 1.831152439117431641e-01 1.888119280338287354e-01 1.604126393795013428e-01 1.618816852569580078e-01 1.821395456790924072e-01 1.233440116047859192e-01 1.123438999056816101e-01 1.254577338695526123e-01 1.427437067031860352e-01 1.132304593920707703e-01 8.324064314365386963e-02 6.803284864872694016e-03 -1.217202749103307724e-02 -2.807724289596080780e-02 -1.704174466431140900e-02 -2.223103865981101990e-02 -6.167299300432205200e-02 -5.858968570828437805e-02 -1.072664707899093628e-01 -1.081756651401519775e-01 -1.057301610708236694e-01
1.460296362638473511e-01 2.154750674962997437e-01 1.731953322887420654e-01 2.033615261316299438e-01 2.915978729724884033e-01 2.906087636947631836e-01 3.331422209739685059e-01 1.624752730131149292e-01 2.343988865613937378e-01 1.594396978616714478e-01 2.189382165670394897e-01 2.259096503257751465e-01 2.953122556209564209e-01 1.000000000000000000e+00 2.533209621906280518e-01 2.161586731672286987e-01 3.168182671070098877e-01 3.141471147537231445e-01 2.347977608442306519e-01 1.945083737373352051e-01 1.792965829372406006e-01 2.268244326114654541e-01 2.302320450544357300e-01 1.539626717567443848e-01 2.014675140380859375e-01 1.571147143840789795e-01 9.068940579891204834e-02 1.485525518655776978e-01 4.957892373204231262e-02 1.710914075374603271e-01 8.619893342256546021e-02 5.096389725804328918e-02 1.301034092903137207e-01 1.734239235520362854e-02 5.054717510938644409e-02 2.076887190341949463e-01 1.755328625440597534e-01 1.500279903411865234e-01 1.372493803501129150e-01 1.401921641081571579e-02 8.299173787236213684e-03 -7.519999984651803970e-03 4.493090510368347168e-02 1.034010052680969238e-01 1.150849014520645142e-01 3.876894712448120117e-02 9.375013411045074463e-02 5.221116915345191956e-02 7.292519509792327881e-02 4.745255783200263977e-02 8.575258404016494751e-02 4.784794524312019348e-02 1.966151408851146698e-02 2.710202522575855255e-02 4.881287366151809692e-02 5.252030491828918457e-02 4.206417873501777649e-02 7.209976017475128174e-02 -2.097394317388534546e-02 3.033256903290748596e-02 3.213405609130859375e-02 4.492492601275444031e-02 1.608203500509262085e-01 -2.721489220857620239e-02 -6.396090611815452576e-03 4.671066254377365112e-02 -2.400076575577259064e-02 5.405860766768455505e-02 4.114307835698127747e-02 1.625326573848724365e-01 4.387103393673896790e-02 1.408248245716094971e-01 7.950675487518310547e-02 1.467621028423309326e-01 2.824245989322662354e-01 1.473324596881866455e-01 1.301311552524566650e-01 9.032228589057922363e-02 1.072490066289901733e-01 1.144106015563011169e-01 1.362113058567047119e-01 1.073623597621917725e-01 8.593416213989257812e-02 1.009682491421699524e-01 7.835046201944351196e-02 1.017972528934478760e-01 9.865257889032363892e-02 9.573054313659667969e-02 8.084021508693695068e-02 6.707627326250076294e-02 5.150005221366882324e-02 9.258884191513061523e-02 6.515946239233016968e-02 6.423459202051162720e-02
1.050614267587661743e-01 1.155556365847587585e-01 1.310603916645050049e-01 1.628678292036056519e-01 2.091565579175949097e-01 2.444105744361877441e-01 1.866641938686370850e-01 2.580434679985046387e-01 1.723614335060119629e-01 2.181918770074844360e-01 2.207161635160446167e-01 1.401623934507369995e-01 2.194862812757492065e-01 2.533209621906280518e-01 1.000000000000000000e+00 2.002103775739669800e-01 2.286431789398193359e-01 2.392780184745788574e-01 2.162959277629852295e-01 1.833986341953277588e-01 1.813277155160903931e-01 2.037552446126937866e-01 1.551071107387542725e-01 1.100545823574066162e-01 1.395349502563476562e-01 1.284291446208953857e-01 9.334000945091247559e-02 1.292520612478256226e-01 2.028503268957138062e-02 9.823303669691085815e-02 5.254843458533287048e-02 3.607611358165740967e-02 7.719951122999191284e-02 7.298051565885543823e-02 2.122082374989986420e-02 1.287999451160430908e-01 1.406108886003494263e-01 1.549060046672821045e-01 1.198137030005455017e-01 5.198130756616592407e-02 -5.738850217312574387e-03 3.462001308798789978e-02 6.950527429580688477e-02 5.429037287831306458e-02 9.694270789623260498e-02 1.673533208668231964e-02 2.145364433526992798e-01 6.482432037591934204e-02 3.908202052116394043e-02 4.540571942925453186e-02 8.201400935649871826e-02 1.815832704305648804e-01 1.634451746940612793e-01 4.601629078388214111e-02 5.245761945843696594e-02 3.366952016949653625e-02 5.032043531537055969e-02 1.486337929964065552e-01 -2.217241376638412476e-02 5.512453243136405945e-02 3.493802249431610107e-02 6.646237522363662720e-02 1.539100259542465210e-01 -2.006462588906288147e-02 -8.617392741143703461e-03 3.104318305850028992e-02 5.425000563263893127e-02 3.502218797802925110e-02 3.693442046642303467e-02 8.192585408687591553e-02 3.959751129150390625e-02 5.408580601215362549e-02 5.538763850927352905e-02 1.191093623638153076e-01 1.144786551594734192e-01 9.423739463090896606e-02 6.262387335300445557e-02 6.129026412963867188e-02 9.951682388782501221e-02 8.971020579338073730e-02 1.080159619450569153e-01 4.758104681968688965e-02 4.733810946345329285e-02 5.475575849413871765e-02 4.457204788923263550e-02 7.004566490650177002e-02 7.751024514436721802e-02 6.590966880321502686e-02 6.750685721635818481e-02 9.559098631143569946e-02 8.853328973054885864e-02 1.141631528735160828e-01 1.593123078346252441e-01 1.639908999204635620e-01
4.120229929685592651e-02 1.089086979627609253e-01 1.476043462753295898e-01 1.528490185737609863e-01 1.463681161403656006e-01 2.197209000587463379e-01 1.912180781364440918e-01 1.040136739611625671e-01 1.330424547195434570e-01 1.131370067596435547e-01 4.190425574779510498e-02 7.197363674640655518e-02 1.607102751731872559e-01 2.161586731672286987e-01 2.002103775739669800e-01 1.000000000000000000e+00 2.216377854347229004e-01 2.209839224815368652e-01 1.788625270128250122e-01 2.029385119676589966e-01 1.727478951215744019e-01 2.165631353855133057e-01 1.154352128505706787e-01 1.193707212805747986e-01 7.624636590480804443e-02 1.104938164353370667e-01 1.130914092063903809e-01 1.180061027407646179e-01 1.756954193115234375e-02 8.095299452543258667e-02 1.094252392649650574e-01 2.361022494733333588e-02 4.242604970932006836e-02 5.970158427953720093e-02 4.513821378350257874e-02 1.058937087655067444e-01 1.052882149815559387e-01 1.633472442626953125e-01 3.622067347168922424e-02 9.856496471911668777e-04 3.374876454472541809e-02 -5.166415870189666748e-02 8.025647699832916260e-02 -9.039893746376037598e-03 6.154745817184448242e-02 2.933217585086822510e-02 3.559066727757453918e-02 -1.411848585121333599e-03 9.089183807373046875e-02 2.435972541570663452e-02 8.591613173484802246e-02 -6.096448376774787903e-02 2.834601514041423798e-02 4.206370189785957336e-02 -5.073498003184795380e-03 1.710648275911808014e-02 3.497026115655899048e-02 2.533991821110248566e-02 1.591037213802337646e-02 -8.525171317160129547e-03 -2.007349953055381775e-02 1.035336311906576157e-02 7.712324708700180054e-02 -6.900209933519363403e-02 -7.311109453439712524e-02 1.612365711480379105e-03 -3.449672833085060120e-02 3.934585303068161011e-02 5.029228329658508301e-02 7.035904377698898315e-02 3.489929484203457832e-03 6.119620800018310547e-02 2.881202381104230881e-04 7.785455882549285889e-02 1.425241678953170776e-01 1.078252270817756653e-01 9.235610812902450562e-02 7.998249679803848267e-02 6.903466582298278809e-02 7.790850102901458740e-02 7.900895923376083374e-02 9.291773289442062378e-02 5.108868330717086792e-02 4.276205226778984070e-02 3.013805486261844635e-02 -8.525496348738670349e-03 -4.968713037669658661e-03 -4.541065543889999390e-03 -2.420417778193950653e-02 -5.890513956546783447e-02 -5.411182343959808350e-02 1.406894344836473465e-02 9.919652342796325684e-02 1.051764115691184998e-01
