1.000000000000000000e+00 -1.815452054142951965e-02 -1.484223175793886185e-02 1.121002063155174255e-01 1.110988762229681015e-02 -9.365131147205829620e-03 1.154333539307117462e-02 4.307656362652778625e-02 -1.580846868455410004e-02 1.942246966063976288e-02 3.862921148538589478e-02 2.906261198222637177e-02 5.584560334682464600e-02 1.541694998741149902e-02 7.160373032093048096e-02 2.531643956899642944e-02 3.407157585024833679e-02 3.311224654316902161e-02 -1.226274296641349792e-02 1.454686373472213745e-02 2.277295105159282684e-02 1.139541491866111755e-01 7.103446405380964279e-03 6.511730700731277466e-02 4.863239079713821411e-02 2.441405504941940308e-02 2.096181809902191162e-01 -2.765251509845256805e-02 4.233417287468910217e-02 1.653815805912017822e-01 2.405857294797897339e-02 4.969758447259664536e-03 3.403944894671440125e-02 1.076842565089464188e-02 -1.723425835371017456e-02 3.460969403386116028e-02 3.536472097039222717e-02 1.109965611249208450e-03 3.140675136819481850e-03 9.389615617692470551e-03 1.187790930271148682e-02 5.941743776202201843e-02 3.906715661287307739e-02 -1.388179045170545578e-02 1.219176687300205231e-02 5.732886120676994324e-02 9.000316262245178223e-03 3.216400044038891792e-03 1.832617819309234619e-02 5.418631434440612793e-02 -1.916036941111087799e-03 7.973142899572849274e-03 1.076490059494972229e-02 1.889690756797790527e-02 5.211999267339706421e-02 2.768050134181976318e-02 1.044869422912597656e-02 2.343758940696716309e-02 2.554131206125020981e-03 3.095866553485393524e-02 1.259541884064674377e-02
-1.815452054142951965e-02 1.000000000000000000e+00 2.615382671356201172e-01 2.932436764240264893e-01 4.783150553703308105e-02 4.639421403408050537e-01 9.710898995399475098e-02 2.136971801519393921e-02 1.614578664302825928e-01 1.281015127897262573e-01 1.564165353775024414e-01 2.024594992399215698e-01 9.578462690114974976e-02 4.169659316539764404e-02 2.783852629363536835e-02 3.823315352201461792e-02 -1.155423279851675034e-02 1.069117486476898193e-01 3.573420345783233643e-01 8.965402096509933472e-02 1.839357241988182068e-02 1.137268170714378357e-01 -6.580025702714920044e-02 3.318314850330352783e-01 1.771924644708633423e-01 3.073370754718780518e-01 1.606391221284866333e-01 3.918245136737823486e-01 1.634683609008789062e-01 1.580564491450786591e-02 1.784404814243316650e-01 2.934290766716003418e-01 -1.681427471339702606e-02 -2.505675330758094788e-02 3.487946391105651855e-01 -7.309738546609878540e-03 2.121739387512207031e-01 -7.780929096043109894e-03 1.111665442585945129e-01 -6.087798252701759338e-02 7.733376324176788330e-02 -2.889952808618545532e-02 -9.689462371170520782e-03 -6.292456388473510742e-02 1.751714944839477539e-01 -1.038542017340660095e-01 -9.959091991186141968e-02 -2.144642360508441925e-02 5.951773747801780701e-02 -4.790426418185234070e-02 -8.951230347156524658e-02 1.521929283626377583e-03 -3.473250195384025574e-02 2.712936326861381531e-02 3.667959198355674744e-02 -4.365622624754905701e-02 -7.019069045782089233e-02 -1.622462831437587738e-02 5.721045657992362976e-02 1.195851992815732956e-02 1.750377565622329712e-02
-1.484223175793886185e-02 2.615382671356201172e-01 1.000000000000000000e+00 3.229521811008453369e-01 3.574025928974151611e-01 2.348648756742477417e-01 2.216496467590332031e-01 2.821995317935943604e-01 1.989325284957885742e-01 1.431839466094970703e-01 2.403861731290817261e-01 1.642008274793624878e-01 1.077163368463516235e-01 1.400068998336791992e-01 6.398619711399078369e-02 2.786298394203186035e-01 7.592045515775680542e-02 7.998094707727432251e-02 1.329329013824462891e-01 5.660118162631988525e-02 6.079743616282939911e-03 6.976689677685499191e-03 2.102295309305191040e-02 -3.297984600067138672e-03 3.120095655322074890e-02 -1.583656994625926018e-03 2.095350064337253571e-02 1.963986828923225403e-02 -6.538735236972570419e-03 9.508471935987472534e-03 2.507061325013637543e-02 1.586250029504299164e-02 -1.308843865990638733e-02 3.338116221129894257e-03 -2.202410995960235596e-02 -9.435622952878475189e-03 -1.915147341787815094e-02 1.602559164166450500e-02 3.338221460580825806e-02 -3.486899659037590027e-03 -4.832216352224349976e-02 -1.526097301393747330e-02 -1.910205371677875519e-02 -2.174058556556701660e-02 -4.828611016273498535e-02 -3.001158498227596283e-02 -4.482505097985267639e-02 -3.645466268062591553e-02 -2.149687707424163818e-02 -1.760427653789520264e-02 1.085825730115175247e-02 -2.020255103707313538e-02 -3.711182251572608948e-02 -2.037897147238254547e-02 -9.838924743235111237e-03 -4.966717679053544998e-03 -1.569126732647418976e-02 -9.609060361981391907e-03 -3.006317652761936188e-02 -8.284999988973140717e-03 2.560937311500310898e-03
1.121002063155174255e-01 2.932436764240264893e-01 3.229521811008453369e-01 1.000000000000000000e+00 2.090735733509063721e-01 2.526712715625762939e-01 8.046351373195648193e-02 1.655961871147155762e-01 2.077639847993850708e-01 1.274484694004058838e-01 1.039880812168121338e-01 1.232564970850944519e-01 1.346476376056671143e-01 1.259705275297164917e-01 1.121908873319625854e-01 1.219239011406898499e-01 5.498683452606201172e-02 1.812945455312728882e-01 1.292528063058853149e-01 1.571344137191772461e-01 1.244295015931129456e-01 1.927697807550430298e-01 7.033070176839828491e-02 2.873520255088806152e-01 1.459559798240661621e-01 1.896484792232513428e-01 1.974715292453765869e-01 7.562567293643951416e-02 2.003612369298934937e-01 1.601525843143463135e-01 8.861573785543441772e-02 7.002047449350357056e-02 3.421393409371376038e-02 -1.570643670856952667e-02 6.898459047079086304e-02 5.096762254834175110e-02 1.316363108344376087e-03 9.041773527860641479e-02 4.875399544835090637e-02 3.452168777585029602e-02 3.258626908063888550e-02 1.280475109815597534e-01 7.983781397342681885e-02 -5.924930050969123840e-02 4.100442677736282349e-02 -4.035966098308563232e-02 -5.177651718258857727e-02 1.847963221371173859e-02 5.860630422830581665e-02 4.118101671338081360e-02 2.960610575973987579e-02 -3.431848809123039246e-02 6.232867389917373657e-02 5.379192158579826355e-02 1.943722963333129883e-01 -1.844052411615848541e-02 2.166149439290165901e-03 -1.665535615757107735e-03 -3.431254625320434570e-02 -4.732569213956594467e-04 3.565737605094909668e-02
1.110988762229681015e-02 4.783150553703308105e-02 3.574025928974151611e-01 2.090735733509063721e-01 1.000000000000000000e+00 1.212777420878410339e-01 1.620644032955169678e-01 1.431508809328079224e-01 1.400817036628723145e-01 9.780013561248779297e-02 1.573283523321151733e-01 1.061599403619766235e-01 1.011190786957740784e-01 8.633548766374588013e-02 6.065715476870536804e-02 1.357715874910354614e-01 3.999036550521850586e-02 7.852074503898620605e-02 4.194977134466171265e-02 1.205419003963470459e-01 3.200002014636993408e-02 5.462648347020149231e-02 8.950278162956237793e-02 6.362777203321456909e-03 4.168440401554107666e-02 2.636163868010044098e-02 2.467674762010574341e-02 -6.555990129709243774e-02 2.118485048413276672e-02 6.329433619976043701e-02 8.363584429025650024e-02 5.071603134274482727e-02 5.081423092633485794e-03 3.225049003958702087e-02 8.905170485377311707e-03 3.130630403757095337e-02 1.575562730431556702e-02 2.802921645343303680e-02 4.484968632459640503e-02 7.411887496709823608e-02 -2.315635234117507935e-02 6.317086517810821533e-02 -3.673486411571502686e-03 -4.743943363428115845e-02 2.917725592851638794e-02 -1.699257083237171173e-02 -2.096992731094360352e-02 1.843038713559508324e-03 2.592926099896430969e-02 -1.169045362621545792e-02 2.222453244030475616e-02 -1.250785868614912033e-02 -1.501491572707891464e-02 5.423374939709901810e-03 3.842732310295104980e-02 -1.563492044806480408e-02 1.184061169624328613e-02 9.586457163095474243e-03 -4.307990148663520813e-02 -2.329570427536964417e-02 3.220779821276664734e-02
-9.365131147205829620e-03 4.639421403408050537e-01 2.348648756742477417e-01 2.526712715625762939e-01 1.212777420878410339e-01 1.000000000000000000e+00 1.156788170337677002e-01 6.249875202775001526e-02 1.574494093656539917e-01 8.724381774663925171e-02 8.926285058259963989e-02 1.938022375106811523e-01 1.531248837709426880e-01 8.745913207530975342e-02 9.162859618663787842e-02 9.236255288124084473e-02 2.242604643106460571e-02 9.092807769775390625e-02 2.275370061397552490e-01 1.587964147329330444e-01 2.610707283020019531e-02 9.684166312217712402e-02 4.844830930233001709e-02 2.885850667953491211e-01 2.124941647052764893e-01 1.819850504398345947e-01 1.195904985070228577e-01 1.613640189170837402e-01 1.844922155141830444e-01 6.971993297338485718e-02 2.221256643533706665e-01 2.085104137659072876e-01 1.177578121423721313e-01 -1.301758270710706711e-02 1.697902679443359375e-01 2.143879793584346771e-02 7.431425899267196655e-02 5.045960843563079834e-02 2.076558172702789307e-01 -5.109333619475364685e-02 8.097027987241744995e-02 2.297168411314487457e-02 5.293048545718193054e-02 -8.563081920146942139e-02 1.720181256532669067e-01 6.249471008777618408e-02 2.262523956596851349e-02 3.577965544536709785e-03 5.710490047931671143e-02 -2.436522766947746277e-02 -8.245713263750076294e-02 1.959395781159400940e-02 5.188915133476257324e-02 2.783372439444065094e-02 1.210208758711814880e-01 -2.794567309319972992e-02 -2.787638455629348755e-02 2.265078015625476837e-02 6.262131035327911377e-02 -1.616507582366466522e-02 4.493815079331398010e-02
1.154333539307117462e-02 9.710898995399475098e-02 2.216496467590332031e-01 8.046351373195648193e-02 1.620644032955169678e-01 1.156788170337677002e-01 1.000000000000000000e+00 7.824317365884780884e-02 9.194052964448928833e-02 1.193081736564636230e-01 9.850540012121200562e-02 1.341712921857833862e-01 9.455407410860061646e-02 5.489358678460121155e-02 4.101746529340744019e-02 9.027190506458282471e-02 2.884318307042121887e-02 4.760302603244781494e-02 1.229051053524017334e-01 6.449002772569656372e-02 1.679072529077529907e-02 1.117124110460281372e-01 5.780104547739028931e-02 9.163661859929561615e-03 6.999313831329345703e-02 9.118273109197616577e-02 3.315868973731994629e-02 -7.310468703508377075e-02 -2.042526565492153168e-02 7.563886046409606934e-02 6.189077347517013550e-02 1.160203516483306885e-01 5.399127677083015442e-02 5.215051397681236267e-02 7.782017439603805542e-02 -1.433289260603487492e-03 1.025816872715950012e-01 4.427606984972953796e-02 4.452440142631530762e-02 2.370142005383968353e-02 -3.120597638189792633e-02 -3.079371061176061630e-03 -1.629301905632019043e-02 -2.359369024634361267e-02 1.351679265499114990e-01 1.036223955452442169e-02 1.827442646026611328e-02 7.680363953113555908e-03 1.725436374545097351e-02 9.058707510121166706e-04 7.774258404970169067e-02 -1.485728006809949875e-02 -1.463343948125839233e-02 2.094150893390178680e-02 4.003599658608436584e-02 -6.549669429659843445e-03 6.969926762394607067e-04 4.315561801195144653e-02 7.275623828172683716e-02 4.915359988808631897e-02 2.470436133444309235e-02
4.307656362652778625e-02 2.136971801519393921e-02 2.821995317935943604e-01 1.655961871147155762e-01 1.431508809328079224e-01 6.249875202775001526e-02 7.824317365884780884e-02 1.000000000000000000e+00 8.077652007341384888e-02 7.594326138496398926e-02 1.147968098521232605e-01 3.541939333081245422e-02 9.899077564477920532e-02 9.893056750297546387e-02 1.292173415422439575e-01 1.120839938521385193e-01 6.250078976154327393e-02 1.019953116774559021e-01 3.027018159627914429e-03 5.200926586985588074e-02 6.072628498077392578e-02 1.288297493010759354e-02 6.955621391534805298e-02 2.162327058613300323e-02 2.805333957076072693e-02 4.086456075310707092e-02 1.126084253191947937e-01 2.067635534331202507e-03 3.194670006632804871e-02 1.033955663442611694e-01 2.271818928420543671e-02 -6.047806888818740845e-02 3.200578317046165466e-02 2.586028911173343658e-02 -4.715898260474205017e-02 4.702137783169746399e-02 7.839079014956951141e-03 3.550111874938011169e-02 -1.378215663135051727e-02 5.289702489972114563e-02 4.028925299644470215e-02 4.924750700592994690e-02 4.501070454716682434e-02 1.202262844890356064e-02 -3.156544640660285950e-02 4.918750748038291931e-02 1.344757899641990662e-02 2.998180873692035675e-02 4.860614892095327377e-03 5.142213404178619385e-02 5.625292286276817322e-02 2.352367527782917023e-02 5.563245713710784912e-02 1.788104325532913208e-02 4.103476926684379578e-02 3.826346620917320251e-02 7.792823016643524170e-02 3.842722624540328979e-02 -3.522449359297752380e-02 3.280812501907348633e-02 2.164937928318977356e-02
-1.580846868455410004e-02 1.614578664302825928e-01 1.989325284957885742e-01 2.077639847993850708e-01 1.400817036628723145e-01 1.574494093656539917e-01 9.194052964448928833e-02 8.077652007341384888e-02 1.000000000000000000e+00 8.789315819740295410e-02 8.493339270353317261e-02 5.316645652055740356e-02 8.413411676883697510e-02 5.750878155231475830e-02 6.031249463558197021e-02 1.378260105848312378e-01 5.201829969882965088e-02 1.697266995906829834e-01 1.662736088037490845e-01 1.002841964364051819e-01 4.469330981373786926e-02 1.474428828805685043e-02 5.674158409237861633e-02 7.132881879806518555e-02 7.020412385463714600e-02 1.053860485553741455e-01 1.035766955465078354e-02 -2.051452547311782837e-02 8.048713952302932739e-02 1.517706923186779022e-02 7.390179485082626343e-02 4.915870353579521179e-02 4.424376785755157471e-02 3.404495120048522949e-02 1.213001683354377747e-01 3.363403677940368652e-02 6.302304100245237350e-03 1.433613300323486328e-01 4.225506260991096497e-02 1.151285693049430847e-01 1.131008029915392399e-03 9.967834502458572388e-02 6.601695716381072998e-02 -5.374412238597869873e-02 1.093639358878135681e-01 -3.871890902519226074e-02 -6.889794766902923584e-02 6.179861724376678467e-03 5.822540260851383209e-03 -6.285693030804395676e-03 6.033039093017578125e-02 -3.873742371797561646e-02 3.953641280531883240e-02 3.801396582275629044e-03 8.376465737819671631e-02 -2.302388101816177368e-02 -1.067996770143508911e-02 1.788757555186748505e-02 3.683279827237129211e-02 1.366941351443529129e-02 1.158454082906246185e-02
1.942246966063976288e-02 1.281015127897262573e-01 1.431839466094970703e-01 1.274484694004058838e-01 9.780013561248779297e-02 8.724381774663925171e-02 1.193081736564636230e-01 7.594326138496398926e-02 8.789315819740295410e-02 1.000000000000000000e+00 1.437327861785888672e-01 1.251455545425415039e-01 1.105775758624076843e-01 7.882380485534667969e-02 7.832877337932586670e-02 1.574188470840454102e-01 8.660729229450225830e-02 1.265618354082107544e-01 2.015862613916397095e-01 2.846883237361907959e-02 6.905406713485717773e-02 4.134327545762062073e-02 5.551376566290855408e-02 1.079254150390625000e-01 8.341634273529052734e-02 7.685844600200653076e-02 2.399019896984100342e-02 -4.656855389475822449e-02 9.028050303459167480e-02 5.809881538152694702e-02 6.912390887737274170e-02 8.986630290746688843e-02 4.263905063271522522e-02 -4.560578987002372742e-02 1.218648850917816162e-01 2.320363186299800873e-02 1.018771827220916748e-01 -1.037640683352947235e-02 -6.132888607680797577e-03 -1.099576987326145172e-02 3.260472416877746582e-02 5.809964612126350403e-02 4.783229960594326258e-04 -3.048038110136985779e-02 1.090974956750869751e-01 6.106838956475257874e-02 -2.542655356228351593e-02 2.509920299053192139e-02 3.402861580252647400e-02 1.755036786198616028e-02 8.775418996810913086e-02 -3.791928291320800781e-02 1.053157076239585876e-02 7.373002171516418457e-02 6.172476708889007568e-02 -1.631420664489269257e-02 -8.231228217482566833e-03 5.747118964791297913e-02 7.681615184992551804e-03 8.157281577587127686e-02 1.228984165936708450e-02
3.862921148538589478e-02 1.564165353775024414e-01 2.403861731290817261e-01 1.039880812168121338e-01 1.573283523321151733e-01 8.926285058259963989e-02 9.850540012121200562e-02 1.147968098521232605e-01 8.493339270353317261e-02 1.437327861785888672e-01 1.000000000000000000e+00 2.909490466117858887e-01 6.860420852899551392e-02 1.275537014007568359e-01 1.174520626664161682e-01 1.615621298551559448e-01 4.759085550904273987e-02 9.718123823404312134e-02 1.011852845549583435e-01 1.407995168119668961e-02 -7.537886034697294235e-03 -1.291471160948276520e-02 -4.170037433505058289e-02 8.845786750316619873e-02 9.089960157871246338e-02 1.065015494823455811e-01 5.860676988959312439e-02 5.450005643069744110e-03 8.570066839456558228e-02 7.591386139392852783e-02 3.363547846674919128e-02 2.040361799299716949e-02 -5.711560323834419250e-02 8.662844076752662659e-03 6.330120377242565155e-03 1.643986627459526062e-02 2.030308842658996582e-01 4.338101297616958618e-02 -1.846600137650966644e-02 -3.009493229910731316e-03 -4.249599948525428772e-02 5.946712568402290344e-02 -7.153704762458801270e-03 -3.483386710286140442e-02 6.227477267384529114e-02 -4.533785954117774963e-02 -8.122987300157546997e-02 -4.801586328539997339e-04 -5.381296388804912567e-03 -2.629948547109961510e-03 -6.903893500566482544e-02 9.088511578738689423e-03 2.393129095435142517e-02 -8.463586680591106415e-03 3.855194896459579468e-02 1.376113388687372208e-03 7.342527806758880615e-02 3.427983075380325317e-02 8.544115722179412842e-02 2.526728622615337372e-02 5.247495137155056000e-03
2.906261198222637177e-02 2.024594992399215698e-01 1.642008274793624878e-01 1.232564970850944519e-01 1.061599403619766235e-01 1.938022375106811523e-01 1.341712921857833862e-01 3.541939333081245422e-02 5.316645652055740356e-02 1.251455545425415039e-01 2.909490466117858887e-01 1.000000000000000000e+00 1.157291457056999207e-01 7.501813024282455444e-02 7.477499544620513916e-02 1.221105307340621948e-01 2.928124181926250458e-02 3.692477941513061523e-02 1.478714346885681152e-01 4.094222933053970337e-02 -1.060224883258342743e-02 4.858787171542644501e-03 -4.122951626777648926e-02 1.020743474364280701e-01 9.069068729877471924e-02 7.020188122987747192e-02 3.526558354496955872e-02 -2.488052099943161011e-02 3.946492820978164673e-02 4.990782588720321655e-02 1.387061625719070435e-01 1.103074401617050171e-01 7.377967983484268188e-02 5.877820774912834167e-02 7.308389246463775635e-02 6.458588689565658569e-02 2.641060352325439453e-01 3.386957198381423950e-02 1.075919121503829956e-01 1.549391541630029678e-02 2.736679278314113617e-02 7.596901059150695801e-02 -1.108933612704277039e-02 -6.774821132421493530e-02 1.300194263458251953e-01 -7.651430554687976837e-03 8.650667034089565277e-03 -1.737636886537075043e-02 -1.330638770014047623e-02 -2.618648111820220947e-03 8.554656989872455597e-03 1.821716874837875366e-02 -3.729614987969398499e-02 3.877314925193786621e-02 8.245161175727844238e-02 9.307318367063999176e-03 -6.092064548283815384e-03 2.537978626787662506e-02 7.289841887541115284e-04 7.575311232358217239e-03 1.482356805354356766e-02
5.584560334682464600e-02 9.578462690114974976e-02 1.077163368463516235e-01 1.346476376056671143e-01 1.011190786957740784e-01 1.531248837709426880e-01 9.455407410860061646e-02 9.899077564477920532e-02 8.413411676883697510e-02 1.105775758624076843e-01 6.860420852899551392e-02 1.157291457056999207e-01 1.000000000000000000e+00 1.098002195358276367e-01 1.251434534788131714e-01 1.629154831171035767e-01 6.360524892807006836e-02 1.325905323028564453e-01 9.746803343296051025e-02 1.238519772887229919e-01 4.302412271499633789e-02 7.699300348758697510e-02 3.895448148250579834e-02 1.115956082940101624e-01 9.686280786991119385e-02 9.264791011810302734e-02 9.041944146156311035e-02 1.475750561803579330e-02 1.079798713326454163e-01 6.952156126499176025e-02 1.510286182165145874e-01 7.680182904005050659e-02 -1.458841841667890549e-03 1.517261471599340439e-02 4.893107339739799500e-02 4.874363169074058533e-02 6.839817762374877930e-02 4.274774342775344849e-02 5.134604871273040771e-02 3.444038797169923782e-03 4.968105256557464600e-02 5.232523381710052490e-02 1.308441162109375000e-02 -2.354997396469116211e-02 6.450828164815902710e-02 5.731708556413650513e-02 -1.845648325979709625e-02 2.910406142473220825e-02 2.275281958281993866e-02 2.342341095209121704e-02 4.910504445433616638e-02 -5.651254206895828247e-03 1.541343796998262405e-02 7.362169027328491211e-02 1.903818100690841675e-01 1.462585013359785080e-02 4.185125231742858887e-03 1.077636256814002991e-01 -1.442563440650701523e-02 8.437334746122360229e-02 3.631784394383430481e-02
1.541694998741149902e-02 4.169659316539764404e-02 1.400068998336791992e-01 1.259705275297164917e-01 8.633548766374588013e-02 8.745913207530975342e-02 5.489358678460121155e-02 9.893056750297546387e-02 5.750878155231475830e-02 7.882380485534667969e-02 1.275537014007568359e-01 7.501813024282455444e-02 1.098002195358276367e-01 1.000000000000000000e+00 1.315633654594421387e-01 1.449141651391983032e-01 9.763755649328231812e-02 1.150589808821678162e-01 1.796561479568481445e-02 9.086742252111434937e-02 4.381421208381652832e-02 1.202988065779209137e-02 8.878944814205169678e-02 4.806721955537796021e-02 3.506123274564743042e-02 3.646536916494369507e-02 4.952764883637428284e-02 -2.360391989350318909e-02 6.974811106920242310e-02 3.562586382031440735e-02 4.700945690274238586e-02 -2.718321420252323151e-02 1.384198572486639023e-02 4.063419625163078308e-02 -4.062870144844055176e-02 3.896463662385940552e-02 -3.810572624206542969e-02 -5.110822618007659912e-03 -3.677017753943800926e-03 7.400997914373874664e-03 1.870168000459671021e-02 6.219695135951042175e-02 5.631489306688308716e-02 9.501772001385688782e-04 -6.071307230740785599e-03 6.759860366582870483e-02 2.928395755589008331e-02 4.573969170451164246e-02 4.235491901636123657e-02 1.635411940515041351e-02 2.791712433099746704e-02 1.226849853992462158e-02 5.750570818781852722e-02 1.364573184400796890e-02 4.999188706278800964e-02 1.164183020591735840e-02 1.714591309428215027e-02 3.606163337826728821e-02 -2.677048929035663605e-02 2.677266113460063934e-02 3.142844140529632568e-02
7.160373032093048096e-02 2.783852629363536835e-02 6.398619711399078369e-02 1.121908873319625854e-01 6.065715476870536804e-02 9.162859618663787842e-02 4.101746529340744019e-02 1.292173415422439575e-01 6.031249463558197021e-02 7.832877337932586670e-02 1.174520626664161682e-01 7.477499544620513916e-02 1.251434534788131714e-01 1.315633654594421387e-01 1.000000000000000000e+00 9.561331570148468018e-02 7.008408010005950928e-02 1.894007176160812378e-01 6.914582103490829468e-02 8.025395870208740234e-02 9.053782373666763306e-02 3.612872213125228882e-02 8.985350281000137329e-02 8.913217484951019287e-02 5.482543259859085083e-02 9.840384870767593384e-02 1.006797477602958679e-01 7.096110377460718155e-03 1.193139106035232544e-01 8.977345377206802368e-02 1.380985081195831299e-01 9.469770826399326324e-03 2.004438824951648712e-02 8.246302604675292969e-03 -3.670605598017573357e-03 4.820727929472923279e-02 4.663449898362159729e-02 1.611999981105327606e-02 3.650493547320365906e-02 2.649959549307823181e-02 7.004728913307189941e-02 5.317481979727745056e-02 5.119516327977180481e-02 -1.404782384634017944e-02 3.040411323308944702e-02 3.298902139067649841e-02 6.573416292667388916e-03 4.660236462950706482e-02 3.296464309096336365e-02 7.121155411005020142e-02 9.539638267597183585e-05 -1.866896636784076691e-04 3.674305230379104614e-02 5.235359445214271545e-02 8.759685605764389038e-02 3.213240578770637512e-02 7.060603052377700806e-02 8.830200880765914917e-02 1.362286042422056198e-02 9.812287241220474243e-02 3.606877848505973816e-02
2.531643956899642944e-02 3.823315352201461792e-02 2.786298394203186035e-01 1.219239011406898499e-01 1.357715874910354614e-01 9.236255288124084473e-02 9.027190506458282471e-02 1.120839938521385193e-01 1.378260105848312378e-01 1.574188470840454102e-01 1.615621298551559448e-01 1.221105307340621948e-01 1.629154831171035767e-01 1.449141651391983032e-01 9.561331570148468018e-02 1.000000000000000000e+00 1.014184951782226562e-01 1.026205122470855713e-01 5.424986779689788818e-02 4.787759482860565186e-02 5.099833384156227112e-02 7.990231737494468689e-03 6.543519347906112671e-02 -6.703173741698265076e-03 -1.915707252919673920e-02 -2.584517002105712891e-02 1.896121539175510406e-02 -5.604042857885360718e-02 4.056923091411590576e-03 1.198643259704113007e-02 2.552658319473266602e-02 3.286063903942704201e-03 -2.681973204016685486e-02 1.907209679484367371e-02 -6.978206336498260498e-02 4.174351319670677185e-02 5.240837857127189636e-02 6.850542034953832626e-03 1.136955097317695618e-01 3.888305276632308960e-02 -4.102228581905364990e-02 7.512219250202178955e-02 -5.919131636619567871e-02 -2.802017331123352051e-02 -1.234405487775802612e-02 -2.212814427912235260e-02 -7.300795614719390869e-02 -1.797808334231376648e-02 -1.892665587365627289e-02 2.118917554616928101e-02 2.071831822395324707e-01 -1.229063794016838074e-02 -2.598464488983154297e-02 2.182401344180107117e-02 1.397825330495834351e-01 2.921886183321475983e-02 -6.556444801390171051e-03 3.386437147855758667e-02 -8.170864731073379517e-02 -1.869709789752960205e-02 3.071666881442070007e-02
3.407157585024833679e-02 -1.155423279851675034e-02 7.592045515775680542e-02 5.498683452606201172e-02 3.999036550521850586e-02 2.242604643106460571e-02 2.884318307042121887e-02 6.250078976154327393e-02 5.201829969882965088e-02 8.660729229450225830e-02 4.759085550904273987e-02 2.928124181926250458e-02 6.360524892807006836e-02 9.763755649328231812e-02 7.008408010005950928e-02 1.014184951782226562e-01 1.000000000000000000e+00 1.065528467297554016e-01 4.041560739278793335e-02 7.913193106651306152e-02 9.337307512760162354e-02 1.521410699933767319e-02 3.317908151075243950e-03 1.145584974437952042e-02 3.460218757390975952e-02 -1.980148488655686378e-03 4.104069247841835022e-02 -7.189419120550155640e-02 -3.485173452645540237e-03 1.375649496912956238e-02 -1.873288885690271854e-03 1.910375431180000305e-02 7.324041798710823059e-03 8.751504356041550636e-04 -1.210136618465185165e-02 3.146668896079063416e-02 1.129797287285327911e-02 -1.739257946610450745e-02 1.823473349213600159e-02 1.840714178979396820e-02 -3.210904775187373161e-03 1.730913668870925903e-02 5.038407072424888611e-02 -5.709521006792783737e-03 1.962739042937755585e-02 1.316069439053535461e-02 -8.793679997324943542e-03 1.934041827917098999e-02 7.086973171681165695e-03 3.758485615253448486e-02 6.790913175791501999e-03 -1.449777558445930481e-02 -2.587302401661872864e-02 1.713527250103652477e-03 2.956468984484672546e-02 -2.859203610569238663e-03 3.845651075243949890e-02 4.195412993431091309e-02 -3.370409831404685974e-03 1.467021927237510681e-02 3.271536529064178467e-02
3.311224654316902161e-02 1.069117486476898193e-01 7.998094707727432251e-02 1.812945455312728882e-01 7.852074503898620605e-02 9.092807769775390625e-02 4.760302603244781494e-02 1.019953116774559021e-01 1.697266995906829834e-01 1.265618354082107544e-01 9.718123823404312134e-02 3.692477941513061523e-02 1.325905323028564453e-01 1.150589808821678162e-01 1.894007176160812378e-01 1.026205122470855713e-01 1.065528467297554016e-01 1.000000000000000000e+00 1.093749925494194031e-01 1.100450828671455383e-01 1.095822900533676147e-01 8.917841315269470215e-02 1.026143506169319153e-01 1.403640359640121460e-01 4.473191499710083008e-02 1.204239055514335632e-01 9.008527547121047974e-02 3.401989117264747620e-02 1.432603597640991211e-01 1.149001792073249817e-01 6.953692436218261719e-02 8.137784153223037720e-02 2.667661756277084351e-02 -2.124952524900436401e-02 3.927333652973175049e-02 9.166103601455688477e-02 5.906701087951660156e-02 9.182430058717727661e-02 -7.583435159176588058e-03 3.408600762486457825e-02 5.302342399954795837e-02 7.170226424932479858e-02 9.452642500400543213e-02 -1.933981664478778839e-02 1.726244203746318817e-02 5.955219268798828125e-02 5.599121376872062683e-02 5.908569321036338806e-02 6.971147656440734863e-02 3.249998763203620911e-02 2.292610332369804382e-02 9.830598719418048859e-03 4.428712651133537292e-02 -7.059566560201346874e-04 7.559897005558013916e-02 3.618791326880455017e-02 2.057455666363239288e-02 8.083983510732650757e-02 4.054661095142364502e-02 1.499272435903549194e-01 5.040774494409561157e-02
-1.226274296641349792e-02 3.573420345783233643e-01 1.329329013824462891e-01 1.292528063058853149e-01 4.194977134466171265e-02 2.275370061397552490e-01 1.229051053524017334e-01 3.027018159627914429e-03 1.662736088037490845e-01 2.015862613916397095e-01 1.011852845549583435e-01 1.478714346885681152e-01 9.746803343296051025e-02 1.796561479568481445e-02 6.914582103490829468e-02 5.424986779689788818e-02 4.041560739278793335e-02 1.093749925494194031e-01 1.000000000000000000e+00 1.257699541747570038e-02 8.326538838446140289e-03 1.438069194555282593e-01 1.036886721849441528e-01 9.349295496940612793e-02 4.812207818031311035e-02 7.823012769222259521e-02 4.304134752601385117e-03 -1.029703393578529358e-01 7.067842036485671997e-02 5.838072672486305237e-02 8.910116553306579590e-02 3.082818090915679932e-01 3.982131555676460266e-02 -7.040981948375701904e-02 4.627838134765625000e-01 -1.733090914785861969e-02 2.085464149713516235e-01 8.745186775922775269e-02 8.310857415199279785e-02 -1.597774215042591095e-02 -6.238481029868125916e-03 -4.476925358176231384e-02 -7.083548232913017273e-03 -7.462677313014864922e-04 3.603621125221252441e-01 5.684635601937770844e-03 1.230448205024003983e-02 -8.964194916188716888e-03 2.546004764735698700e-02 5.497593060135841370e-02 5.501059349626302719e-04 1.861591078341007233e-02 -1.597380079329013824e-02 9.500472247600555420e-02 6.019616499543190002e-02 5.335974507033824921e-03 -1.066892407834529877e-02 3.647435456514358521e-02 1.661116480827331543e-01 1.717892438173294067e-01 -1.710797543637454510e-03
1.454686373472213745e-02 8.965402096509933472e-02 5.660118162631988525e-02 1.571344137191772461e-01 1.205419003963470459e-01 1.587964147329330444e-01 6.449002772569656372e-02 5.200926586985588074e-02 1.002841964364051819e-01 2.846883237361907959e-02 1.407995168119668961e-02 4.094222933053970337e-02 1.238519772887229919e-01 9.086742252111434937e-02 8.025395870208740234e-02 4.787759482860565186e-02 7.913193106651306152e-02 1.100450828671455383e-01 1.257699541747570038e-02 1.000000000000000000e+00 1.725369244813919067e-01 2.236601263284683228e-01 8.182995021343231201e-02 1.171571314334869385e-01 1.726639568805694580e-01 1.008428633213043213e-01 1.031101346015930176e-01 1.957814209163188934e-02 9.721075743436813354e-02 7.513261586427688599e-02 1.576697230339050293e-01 1.029429808259010315e-01 1.039830222725868225e-02 3.727412596344947815e-02 2.427581511437892914e-02 1.101522222161293030e-01 1.556477881968021393e-02 -1.294157560914754868e-02 6.130011007189750671e-02 2.788845822215080261e-02 5.475932359695434570e-02 6.330180913209915161e-02 7.791811227798461914e-02 -4.476801306009292603e-02 5.307903885841369629e-02 9.379765018820762634e-03 -3.286810219287872314e-02 1.470909360796213150e-02 3.825339302420616150e-02 8.307792246341705322e-03 -2.890022471547126770e-02 -8.258156478404998779e-03 -8.616353385150432587e-03 1.222644839435815811e-02 7.786338776350021362e-02 1.654935814440250397e-02 3.331140847876667976e-03 4.954819381237030029e-02 6.631875876337289810e-03 3.458250686526298523e-02 8.137496560811996460e-02
2.277295105159282684e-02 1.839357241988182068e-02 6.079743616282939911e-03 1.244295015931129456e-01 3.200002014636993408e-02 2.610707283020019531e-02 1.679072529077529907e-02 6.072628498077392578e-02 4.469330981373786926e-02 6.905406713485717773e-02 -7.537886034697294235e-03 -1.060224883258342743e-02 4.302412271499633789e-02 4.381421208381652832e-02 9.053782373666763306e-02 5.099833384156227112e-02 9.337307512760162354e-02 1.095822900533676147e-01 8.326538838446140289e-03 1.725369244813919067e-01 1.000000000000000000e+00 1.228178441524505615e-01 1.031840443611145020e-01 4.115482326596975327e-03 2.554159983992576599e-02 1.418924052268266678e-02 8.795072138309478760e-02 -2.401968836784362793e-02 8.050292730331420898e-02 1.154652163386344910e-01 5.772977322340011597e-02 1.538631618022918701e-01 -6.139162462204694748e-03 5.406213924288749695e-03 2.504255995154380798e-02 5.645368620753288269e-02 1.289664208889007568e-02 1.438407227396965027e-02 7.089361548423767090e-03 2.414348721504211426e-02 8.426619693636894226e-03 3.100528940558433533e-02 3.014532476663589478e-02 8.711719885468482971e-03 1.450612396001815796e-02 1.445905771106481552e-02 5.882945377379655838e-03 8.089136332273483276e-02 6.996351480484008789e-02 4.468707740306854248e-02 2.066010236740112305e-02 -2.534385304898023605e-03 7.582481019198894501e-03 3.200054541230201721e-02 7.005669921636581421e-02 3.496820479631423950e-02 7.152174413204193115e-02 9.659882634878158569e-02 6.983551196753978729e-03 9.790904074907302856e-02 7.288707792758941650e-02
1.139541491866111755e-01 1.137268170714378357e-01 6.976689677685499191e-03 1.927697807550430298e-01 5.462648347020149231e-02 9.684166312217712402e-02 1.117124110460281372e-01 1.288297493010759354e-02 1.474428828805685043e-02 4.134327545762062073e-02 -1.291471160948276520e-02 4.858787171542644501e-03 7.699300348758697510e-02 1.202988065779209137e-02 3.612872213125228882e-02 7.990231737494468689e-03 1.521410699933767319e-02 8.917841315269470215e-02 1.438069194555282593e-01 2.236601263284683228e-01 1.228178441524505615e-01 1.000000000000000000e+00 1.055769249796867371e-01 1.411460340023040771e-01 1.021260097622871399e-01 1.130426228046417236e-01 1.682944446802139282e-01 1.120993029326200485e-02 9.003476053476333618e-02 2.939252853393554688e-01 7.653190940618515015e-02 2.123341560363769531e-01 -2.709401398897171021e-02 -1.921802014112472534e-02 8.775953203439712524e-02 5.165688320994377136e-02 4.599804803729057312e-02 -1.515680109150707722e-03 6.083940342068672180e-02 -1.075974199920892715e-02 1.059896592050790787e-02 -2.223803894594311714e-03 5.151670775376260281e-04 1.452108100056648254e-02 8.461025357246398926e-02 5.196030251681804657e-03 -1.926681399345397949e-02 3.500199317932128906e-02 4.898590594530105591e-02 8.959906408563256264e-04 1.022431068122386932e-02 -6.833596620708703995e-03 -1.622566953301429749e-02 4.903034493327140808e-02 1.143817901611328125e-01 5.370398517698049545e-03 2.433882839977741241e-02 5.583539605140686035e-02 4.869197309017181396e-02 1.128233224153518677e-01 3.943907096982002258e-02
7.103446405380964279e-03 -6.580025702714920044e-02 2.102295309305191040e-02 7.033070176839828491e-02 8.950278162956237793e-02 4.844830930233001709e-02 5.780104547739028931e-02 6.955621391534805298e-02 5.674158409237861633e-02 5.551376566290855408e-02 -4.170037433505058289e-02 -4.122951626777648926e-02 3.895448148250579834e-02 8.878944814205169678e-02 8.985350281000137329e-02 6.543519347906112671e-02 3.317908151075243950e-03 1.026143506169319153e-01 1.036886721849441528e-01 8.182995021343231201e-02 1.031840443611145020e-01 1.055769249796867371e-01 1.000000000000000000e+00 -3.931608051061630249e-02 2.010239101946353912e-02 -1.095417886972427368e-02 -9.302815422415733337e-03 -1.123960688710212708e-01 2.834152244031429291e-02 4.125654324889183044e-02 1.055313646793365479e-01 -2.155113499611616135e-03 -4.120076075196266174e-03 -1.949362922459840775e-03 9.844668209552764893e-03 1.902990229427814484e-02 -1.050173938274383545e-01 8.103524893522262573e-02 8.975560218095779419e-02 7.116423547267913818e-02 -4.726001247763633728e-02 3.194586560130119324e-02 9.893486276268959045e-03 1.003531180322170258e-02 2.680540271103382111e-02 6.874173879623413086e-02 2.921509370207786560e-02 4.575000330805778503e-02 5.561156943440437317e-02 1.095158420503139496e-02 4.018275812268257141e-02 5.075071472674608231e-03 8.362092077732086182e-02 3.296285122632980347e-02 5.068701505661010742e-02 5.421023350208997726e-03 1.277180970646440983e-03 5.999079719185829163e-02 -1.781129278242588043e-02 2.038559503853321075e-02 3.603765740990638733e-02
6.511730700731277466e-02 3.318314850330352783e-01 -3.297984600067138672e-03 2.873520255088806152e-01 6.362777203321456909e-03 2.885850667953491211e-01 9.163661859929561615e-03 2.162327058613300323e-02 7.132881879806518555e-02 1.079254150390625000e-01 8.845786750316619873e-02 1.020743474364280701e-01 1.115956082940101624e-01 4.806721955537796021e-02 8.913217484951019287e-02 -6.703173741698265076e-03 1.145584974437952042e-02 1.403640359640121460e-01 9.349295496940612793e-02 1.171571314334869385e-01 4.115482326596975327e-03 1.411460340023040771e-01 -3.931608051061630249e-02 1.000000000000000000e+00 3.369283080101013184e-01 4.260436296463012695e-01 2.329799979925155640e-01 2.786900699138641357e-01 2.984477579593658447e-01 1.788127124309539795e-01 1.280891299247741699e-01 5.453881248831748962e-02 1.206066161394119263e-01 5.723491311073303223e-02 3.097347170114517212e-02 5.760462582111358643e-02 1.757097840309143066e-01 3.173203393816947937e-02 -3.837902098894119263e-02 2.454566303640604019e-03 2.316368818283081055e-01 1.293762922286987305e-01 7.505703717470169067e-02 -7.461880147457122803e-02 1.312562674283981323e-01 8.329844102263450623e-03 -3.392392396926879883e-02 1.878652605228126049e-03 4.272611439228057861e-02 2.476561442017555237e-02 -1.011838987469673157e-01 1.797897927463054657e-02 1.202542036771774292e-01 1.614173292182385921e-03 1.013434231281280518e-01 -4.210144653916358948e-02 -8.473813533782958984e-02 7.194821722805500031e-03 4.657476022839546204e-02 -2.410281635820865631e-02 3.227635100483894348e-02
4.863239079713821411e-02 1.771924644708633423e-01 3.120095655322074890e-02 1.459559798240661621e-01 4.168440401554107666e-02 2.124941647052764893e-01 6.999313831329345703e-02 2.805333957076072693e-02 7.020412385463714600e-02 8.341634273529052734e-02 9.089960157871246338e-02 9.069068729877471924e-02 9.686280786991119385e-02 3.506123274564743042e-02 5.482543259859085083e-02 -1.915707252919673920e-02 3.460218757390975952e-02 4.473191499710083008e-02 4.812207818031311035e-02 1.726639568805694580e-01 2.554159983992576599e-02 1.021260097622871399e-01 2.010239101946353912e-02 3.369283080101013184e-01 1.000000000000000000e+00 2.835319042205810547e-01 1.465264707803726196e-01 1.080745756626129150e-01 1.083407700061798096e-01 9.485595673322677612e-02 1.228607669472694397e-01 6.723791360855102539e-02 3.650235384702682495e-02 1.915791258215904236e-02 4.911457002162933350e-02 1.698908209800720215e-02 6.643142551183700562e-02 2.299106307327747345e-02 3.110426291823387146e-02 1.744418591260910034e-02 7.547684013843536377e-02 1.164907962083816528e-01 4.670182615518569946e-02 -7.389608770608901978e-02 1.529567241668701172e-01 1.419089268893003464e-03 -2.707949467003345490e-02 3.129323944449424744e-03 -5.800826009362936020e-03 1.293598092161118984e-03 -8.887536078691482544e-02 3.452670946717262268e-02 4.145803675055503845e-02 3.370164334774017334e-02 7.254990935325622559e-02 -2.135698311030864716e-02 -4.736560955643653870e-02 3.479581326246261597e-02 1.554849594831466675e-01 4.919426981359720230e-03 1.736356317996978760e-02
2.441405504941940308e-02 3.073370754718780518e-01 -1.583656994625926018e-03 1.896484792232513428e-01 2.636163868010044098e-02 1.819850504398345947e-01 9.118273109197616577e-02 4.086456075310707092e-02 1.053860485553741455e-01 7.685844600200653076e-02 1.065015494823455811e-01 7.020188122987747192e-02 9.264791011810302734e-02 3.646536916494369507e-02 9.840384870767593384e-02 -2.584517002105712891e-02 -1.980148488655686378e-03 1.204239055514335632e-01 7.823012769222259521e-02 1.008428633213043213e-01 1.418924052268266678e-02 1.130426228046417236e-01 -1.095417886972427368e-02 4.260436296463012695e-01 2.835319042205810547e-01 1.000000000000000000e+00 2.522401511669158936e-01 3.926903605461120605e-01 2.564880847930908203e-01 1.371378749608993530e-01 1.049121543765068054e-01 4.741599783301353455e-02 5.052059888839721680e-02 1.100480183959007263e-01 4.527373239398002625e-02 2.536387741565704346e-02 1.480261981487274170e-01 3.160236403346061707e-02 2.088268660008907318e-02 2.371348254382610321e-02 1.804118305444717407e-01 5.250352621078491211e-02 -3.539940342307090759e-02 -6.432978063821792603e-02 8.608446270227432251e-02 -3.868451714515686035e-02 -6.567653268575668335e-02 2.417476288974285126e-02 7.771865278482437134e-02 2.479972317814826965e-02 -3.239945694804191589e-02 -2.617815881967544556e-02 9.420096874237060547e-02 1.745904423296451569e-02 1.245273724198341370e-01 -4.025143012404441833e-02 -4.873961210250854492e-02 3.287843987345695496e-02 1.200110539793968201e-01 -4.544768109917640686e-02 2.547959610819816589e-02
