1.000000000000000000e+00 4.436354041099548340e-01 4.270887970924377441e-01 4.277840256690979004e-01 3.331036865711212158e-01 4.134053587913513184e-01 4.009258151054382324e-01 3.545188605785369873e-01 9.232455492019653320e-02 4.191192239522933960e-02 1.407052874565124512e-01 1.444656401872634888e-02 4.210453107953071594e-02 4.599583894014358521e-02 1.347896456718444824e-02 2.313433587551116943e-02 5.809675157070159912e-02 4.068610817193984985e-02 2.765962854027748108e-03 -2.354595623910427094e-02 3.462700173258781433e-02 4.374919924885034561e-03 2.370582707226276398e-02 1.070544570684432983e-01 7.215580437332391739e-03 1.292299199849367142e-02 5.879049003124237061e-02 1.237997133284807205e-02 -1.026076544076204300e-02 6.606096774339675903e-02 7.998977787792682648e-03 3.803334012627601624e-02 -2.214119210839271545e-02 5.921030044555664062e-02 8.226579055190086365e-03 -4.299260675907135010e-03 4.442603513598442078e-02 1.683041453361511230e-01 8.417974226176738739e-03 2.039031870663166046e-02 1.178904399275779724e-01 1.427539587020874023e-01 7.098793238401412964e-02 3.111933916807174683e-02 1.119772531092166901e-02 2.772532030940055847e-02 5.647011101245880127e-02 -1.579677686095237732e-02 3.092329502105712891e-01 8.251444995403289795e-02 5.094526708126068115e-02 9.895589202642440796e-02 5.915730074048042297e-02 2.840082645416259766e-01 1.868556290864944458e-01 2.330968528985977173e-01 7.326696813106536865e-02 4.210883378982543945e-02 4.449624102562665939e-03 6.128373742103576660e-02 1.301270350813865662e-02 1.045127883553504944e-01 1.558829098939895630e-03 9.545110166072845459e-02 1.329525709152221680e-01 6.358993798494338989e-02 9.187270700931549072e-02 2.982955984771251678e-02 1.829809695482254028e-02 5.040832981467247009e-02 5.802433937788009644e-02 1.626786589622497559e-02 6.630484014749526978e-02 3.690100461244583130e-02 1.579758711159229279e-02 1.335493288934230804e-02 7.502463459968566895e-02 4.967897757887840271e-02 1.069324538111686707e-01 8.700717985630035400e-02 -8.776159957051277161e-03 1.281807292252779007e-02 2.009201608598232269e-02 9.345096349716186523e-02 2.243782877922058105e-01 1.179724745452404022e-02 2.838341519236564636e-03 1.361712515354156494e-01 6.388325989246368408e-02 8.254876360297203064e-03 2.972507663071155548e-02 2.994209527969360352e-02 1.543673872947692871e-01 1.329242736101150513e-01 4.266794398427009583e-02 2.906026504933834076e-02 3.189514949917793274e-02 6.591686606407165527e-02 6.643318384885787964e-02 7.665387541055679321e-02 5.837805196642875671e-02 1.347996294498443604e-01 4.993826523423194885e-02 7.373155653476715088e-02 4.855973273515701294e-02 1.155365705490112305e-01 7.152476906776428223e-02 5.392646044492721558e-02 9.036517888307571411e-02 1.066843047738075256e-01 1.419947594404220581e-01 1.588394939899444580e-01 2.064213603734970093e-01 1.067556217312812805e-01 5.513257160782814026e-02 1.179944537580013275e-02
4.436354041099548340e-01 1.000000000000000000e+00 5.199528336524963379e-01 4.835519790649414062e-01 5.098152756690979004e-01 5.164861679077148438e-01 4.879011809825897217e-01 3.059825599193572998e-01 6.007944792509078979e-02 5.169524252414703369e-02 1.950253695249557495e-01 8.894459903240203857e-02 3.078791499137878418e-02 4.997867718338966370e-02 -1.894225925207138062e-02 -8.793681859970092773e-03 5.109879747033119202e-02 3.120999410748481750e-02 -5.481639131903648376e-02 -9.547831118106842041e-02 2.653552033007144928e-02 9.861245751380920410e-02 2.322410419583320618e-02 1.747404336929321289e-01 2.866993285715579987e-02 9.566453844308853149e-02 2.732673659920692444e-02 6.517049670219421387e-02 4.346237331628799438e-02 1.119201108813285828e-01 8.957313373684883118e-03 4.618030786514282227e-02 7.780726253986358643e-02 9.288655966520309448e-02 6.516169756650924683e-02 9.782868623733520508e-02 3.329265117645263672e-02 1.843302547931671143e-01 3.565509617328643799e-02 4.778678342700004578e-02 2.254420667886734009e-01 1.486413478851318359e-01 7.693656533956527710e-02 3.910043463110923767e-02 3.966370597481727600e-02 6.913796812295913696e-02 1.167063191533088684e-01 -6.558135151863098145e-02 3.155165910720825195e-01 1.020728424191474915e-01 9.386046975851058960e-02 1.249035671353340149e-01 1.426627784967422485e-01 3.383558094501495361e-01 1.961022466421127319e-01 2.334571033716201782e-01 9.556710720062255859e-02 1.134799271821975708e-01 -6.547556724399328232e-03 1.209869086742401123e-01 2.501904591917991638e-02 9.453205019235610962e-02 1.068063895218074322e-03 1.062277406454086304e-01 8.012657612562179565e-02 8.816494047641754150e-02 8.534057438373565674e-02 1.988082379102706909e-02 3.684904053807258606e-02 5.598669499158859253e-02 9.148871898651123047e-02 5.066939443349838257e-02 3.849003091454505920e-02 8.208417147397994995e-02 4.960569739341735840e-02 1.948522031307220459e-02 1.044896990060806274e-01 1.162213906645774841e-01 7.659374922513961792e-02 8.714748173952102661e-02 -6.334816664457321167e-02 5.760923027992248535e-03 6.285674124956130981e-02 1.421647816896438599e-01 2.294089794158935547e-01 2.862424962222576141e-02 2.424159087240695953e-02 1.357345879077911377e-01 8.119928091764450073e-02 1.314664725214242935e-02 1.202627457678318024e-02 2.375912107527256012e-02 1.705433130264282227e-01 1.942660659551620483e-01 4.739464446902275085e-02 2.838582545518875122e-02 5.122445523738861084e-02 7.773188501596450806e-02 7.248782366514205933e-02 7.356435060501098633e-02 1.145154833793640137e-01 1.118899509310722351e-01 1.349723190069198608e-01 9.114357829093933105e-02 1.223366409540176392e-01 1.244759559631347656e-01 1.055097728967666626e-01 1.074344217777252197e-01 1.213827505707740784e-01 1.121814250946044922e-01 1.182534471154212952e-01 2.052827328443527222e-01 1.855296045541763306e-01 1.556102186441421509e-01 6.324185431003570557e-02 -1.255353260785341263e-02
4.270887970924377441e-01 5.199528336524963379e-01 1.000000000000000000e+00 7.810500264167785645e-01 6.020904779434204102e-01 7.940397262573242188e-01 8.479725122451782227e-01 5.049247741699218750e-01 1.691215336322784424e-01 1.188680753111839294e-01 2.587548494338989258e-01 1.636851020157337189e-02 7.437866926193237305e-02 1.025017499923706055e-01 1.837024092674255371e-02 -2.480148803442716599e-03 1.121645346283912659e-01 6.767818331718444824e-02 -2.776452898979187012e-02 -1.188648343086242676e-01 5.481699481606483459e-02 -7.953411340713500977e-02 5.847256630659103394e-02 1.011217460036277771e-01 3.257764736190438271e-03 -7.698832079768180847e-03 8.108653873205184937e-02 5.149129405617713928e-02 -8.337852358818054199e-02 6.537489593029022217e-02 -5.592182651162147522e-02 9.013859555125236511e-03 -1.174437180161476135e-01 1.050022244453430176e-01 1.368613820523023605e-02 -3.785813227295875549e-02 9.665024280548095703e-02 2.031109929084777832e-01 -8.378471247851848602e-04 1.067739911377429962e-02 1.331797242164611816e-01 2.303486764430999756e-01 1.272160857915878296e-01 6.847289949655532837e-02 2.560721710324287415e-03 4.904309660196304321e-02 6.525581330060958862e-02 -1.002543196082115173e-01 3.891434967517852783e-01 1.063323989510536194e-01 1.035182997584342957e-01 1.565464586019515991e-01 7.834127172827720642e-03 6.488673090934753418e-01 4.634959399700164795e-01 5.895214080810546875e-01 9.749919921159744263e-02 9.766840189695358276e-02 4.365829750895500183e-02 1.096520498394966125e-01 2.044912055134773254e-02 2.270547598600387573e-01 -3.464567288756370544e-02 2.530707716941833496e-01 2.603069841861724854e-01 1.274027377367019653e-01 2.241622209548950195e-01 8.137536048889160156e-02 1.273667346686124802e-02 1.057329624891281128e-01 1.687386631965637207e-01 -9.531632997095584869e-03 1.780700087547302246e-01 1.091164946556091309e-01 2.543554455041885376e-02 -1.910509727895259857e-02 6.747256219387054443e-02 -2.960985293611884117e-04 2.232630997896194458e-01 1.354550123214721680e-01 -1.338195800781250000e-01 -4.557020962238311768e-02 8.681969717144966125e-03 1.569873988628387451e-01 3.836824297904968262e-01 3.430352732539176941e-02 -5.305638164281845093e-02 2.934533059597015381e-01 1.712153702974319458e-01 6.121958047151565552e-02 2.387443557381629944e-02 4.708142578601837158e-02 2.697278261184692383e-01 3.020368814468383789e-01 9.266883134841918945e-02 3.607646748423576355e-02 8.711840957403182983e-02 1.040494069457054138e-01 1.601443290710449219e-01 1.480143666267395020e-01 1.340102702379226685e-01 3.618497252464294434e-01 1.762971729040145874e-01 1.598393172025680542e-01 1.243897676467895508e-01 3.121289014816284180e-01 1.302014589309692383e-01 1.071927472949028015e-01 1.685699969530105591e-01 2.256170064210891724e-01 2.328032106161117554e-01 2.362736314535140991e-01 3.368713259696960449e-01 1.870234459638595581e-01 7.907240092754364014e-02 8.573113940656185150e-03
4.277840256690979004e-01 4.835519790649414062e-01 7.810500264167785645e-01 1.000000000000000000e+00 5.899578332901000977e-01 7.464358806610107422e-01 7.779815793037414551e-01 5.269536375999450684e-01 1.960379183292388916e-01 9.360560774803161621e-02 2.204168587923049927e-01 8.086020126938819885e-03 7.987070828676223755e-02 7.363150268793106079e-02 2.002764120697975159e-02 7.552595809102058411e-03 9.806329011917114258e-02 6.556291878223419189e-02 3.166110068559646606e-02 -1.757594873197376728e-03 7.697361707687377930e-02 -4.494771361351013184e-02 5.959853529930114746e-02 1.068657115101814270e-01 -6.234996835701167583e-04 -9.969651699066162109e-03 7.380444556474685669e-02 4.257407784461975098e-02 -4.574459791183471680e-02 1.224851012229919434e-01 -2.364883571863174438e-02 3.861344605684280396e-02 -7.360139489173889160e-02 1.046719178557395935e-01 1.883075572550296783e-02 -2.903208322823047638e-02 6.733256578445434570e-02 2.455794066190719604e-01 2.538130432367324829e-02 2.555770426988601685e-02 1.973558068275451660e-01 2.038551867008209229e-01 1.006597504019737244e-01 7.146087288856506348e-02 6.566380616277456284e-03 5.689901486039161682e-02 6.653505563735961914e-02 -5.459621897898614407e-04 4.220691323280334473e-01 9.236633032560348511e-02 1.191806197166442871e-01 1.717788875102996826e-01 5.508249998092651367e-02 5.847716927528381348e-01 3.771285414695739746e-01 4.903300702571868896e-01 1.170361414551734924e-01 8.931961655616760254e-02 1.991475746035575867e-02 1.005623266100883484e-01 -1.469687744975090027e-02 2.149166613817214966e-01 -1.456387899816036224e-02 1.965346634387969971e-01 2.548151612281799316e-01 1.109379902482032776e-01 2.181873172521591187e-01 8.597986400127410889e-02 2.629966102540493011e-02 9.917601197957992554e-02 1.743772625923156738e-01 -2.551596146076917648e-03 1.587887257337570190e-01 7.881039381027221680e-02 1.311763655394315720e-02 -7.095604669302701950e-03 1.039119139313697815e-01 3.141666576266288757e-02 2.015076726675033569e-01 1.056692898273468018e-01 -7.538380473852157593e-02 -3.159153088927268982e-02 1.075181062333285809e-03 1.702718585729598999e-01 3.872442841529846191e-01 4.573458805680274963e-02 -4.264497756958007812e-02 2.704722881317138672e-01 1.411040127277374268e-01 4.815263673663139343e-02 2.934345044195652008e-02 7.455089688301086426e-02 2.679717838764190674e-01 2.659806013107299805e-01 6.200991198420524597e-02 4.856006801128387451e-02 8.041685819625854492e-02 9.436611086130142212e-02 1.245586872100830078e-01 1.349270939826965332e-01 1.151188313961029053e-01 2.830303013324737549e-01 1.440784335136413574e-01 1.283942610025405884e-01 1.066115126013755798e-01 2.464077621698379517e-01 1.092994511127471924e-01 8.595374971628189087e-02 1.437204629182815552e-01 2.102796137332916260e-01 2.134424597024917603e-01 1.964298486709594727e-01 3.032034039497375488e-01 1.630803197622299194e-01 9.703759849071502686e-02 2.339165471494197845e-02
3.331036865711212158e-01 5.098152756690979004e-01 6.020904779434204102e-01 5.899578332901000977e-01 1.000000000000000000e+00 6.755540966987609863e-01 6.518571972846984863e-01 4.270117282867431641e-01 1.094035208225250244e-01 6.841193139553070068e-02 1.936702877283096313e-01 4.685390368103981018e-02 5.619509145617485046e-02 4.716357588768005371e-02 -4.285445029381662607e-04 2.569421753287315369e-02 6.815559417009353638e-02 5.600106343626976013e-02 -8.578238077461719513e-03 -4.987596720457077026e-02 6.024840474128723145e-02 3.681927174329757690e-02 5.624146014451980591e-02 1.730877906084060669e-01 3.538223356008529663e-02 4.874147474765777588e-03 6.802602857351303101e-02 7.549980282783508301e-02 -4.235819447785615921e-03 1.523354947566986084e-01 9.703673422336578369e-03 6.868980079889297485e-02 -6.657520774751901627e-03 9.776165336370468140e-02 4.691742733120918274e-02 3.785441815853118896e-02 8.388780057430267334e-02 2.950016260147094727e-01 4.514312744140625000e-02 3.596966713666915894e-02 2.767358422279357910e-01 2.083529084920883179e-01 8.635904639959335327e-02 3.674536198377609253e-02 4.967285692691802979e-02 7.491489499807357788e-02 1.166945397853851318e-01 -9.527914226055145264e-04 4.213415980339050293e-01 1.027632951736450195e-01 1.193597391247749329e-01 1.939328908920288086e-01 5.211639404296875000e-02 4.565275311470031738e-01 2.403263449668884277e-01 3.319053947925567627e-01 1.033042669296264648e-01 1.033827140927314758e-01 -7.831963594071567059e-04 9.177685528993606567e-02 5.051826685667037964e-02 1.461080312728881836e-01 1.872467063367366791e-02 1.012755781412124634e-01 1.461195945739746094e-01 8.177462220191955566e-02 1.519000679254531860e-01 3.652710095047950745e-02 4.404268041253089905e-02 7.475725561380386353e-02 1.684378236532211304e-01 3.700607642531394958e-02 8.923116326332092285e-02 8.834096789360046387e-02 3.587194159626960754e-02 2.364334650337696075e-02 1.130137369036674500e-01 1.427465230226516724e-01 1.525595486164093018e-01 1.187396273016929626e-01 -4.865036532282829285e-02 6.579095963388681412e-03 2.720515243709087372e-02 2.156463116407394409e-01 3.295606374740600586e-01 4.947850480675697327e-02 2.332481555640697479e-02 2.302800714969635010e-01 1.557607650756835938e-01 2.482863888144493103e-02 2.657655067741870880e-02 4.042630270123481750e-02 1.919483542442321777e-01 1.829766780138015747e-01 4.219432175159454346e-02 3.544226661324501038e-02 6.028100848197937012e-02 9.851775318384170532e-02 1.198309212923049927e-01 1.026320084929466248e-01 1.454552114009857178e-01 2.218197286128997803e-01 1.411407142877578735e-01 1.106936782598495483e-01 1.099716797471046448e-01 2.072465568780899048e-01 1.027454584836959839e-01 1.336646974086761475e-01 1.409357339143753052e-01 1.819155961275100708e-01 1.987653970718383789e-01 2.074650228023529053e-01 2.375131547451019287e-01 1.613472104072570801e-01 6.627791374921798706e-02 -1.306683011353015900e-02
4.134053587913513184e-01 5.164861679077148438e-01 7.940397262573242188e-01 7.464358806610107422e-01 6.755540966987609863e-01 1.000000000000000000e+00 8.920130133628845215e-01 5.434158444404602051e-01 1.986631304025650024e-01 1.065151542425155640e-01 2.595408558845520020e-01 4.390341416001319885e-02 7.758720964193344116e-02 7.359208166599273682e-02 2.631440525874495506e-03 2.470966801047325134e-02 1.189695075154304504e-01 6.878502666950225830e-02 5.205404595471918583e-04 -7.815665751695632935e-02 6.303233653306961060e-02 -4.688064754009246826e-02 6.650496274232864380e-02 1.277227252721786499e-01 1.384155452251434326e-02 -2.185097709298133850e-02 1.023023501038551331e-01 7.745242118835449219e-02 -8.412539958953857422e-02 9.880243241786956787e-02 -3.806241229176521301e-02 3.793722763657569885e-02 -1.115824058651924133e-01 1.173990219831466675e-01 2.147739380598068237e-02 -1.675763167440891266e-02 5.919335037469863892e-02 2.791474461555480957e-01 1.896726898849010468e-02 2.232491225004196167e-02 2.069653272628784180e-01 2.392118126153945923e-01 1.303438395261764526e-01 4.658329114317893982e-02 1.142078172415494919e-02 5.823346972465515137e-02 9.867906570434570312e-02 -4.195450246334075928e-02 4.570264220237731934e-01 1.258398145437240601e-01 9.571738541126251221e-02 1.955570429563522339e-01 4.419775679707527161e-02 6.390105485916137695e-01 4.192734658718109131e-01 5.178246498107910156e-01 9.908348321914672852e-02 9.140357375144958496e-02 8.786927908658981323e-03 8.257843554019927979e-02 3.492445498704910278e-02 2.332264035940170288e-01 3.995766397565603256e-03 2.038402706384658813e-01 2.745890915393829346e-01 1.252081394195556641e-01 2.390511780977249146e-01 7.946638762950897217e-02 3.355213254690170288e-02 1.142562478780746460e-01 1.893675476312637329e-01 5.017189309000968933e-03 1.733379215002059937e-01 9.822075814008712769e-02 2.713301964104175568e-02 -9.824249893426895142e-03 9.222653508186340332e-02 5.500865355134010315e-02 2.387228459119796753e-01 1.260676980018615723e-01 -8.692053705453872681e-02 1.500783301889896393e-02 2.918937429785728455e-02 1.856833100318908691e-01 4.094088077545166016e-01 4.146902635693550110e-02 -3.779010474681854248e-02 3.223645687103271484e-01 2.262489199638366699e-01 3.442041948437690735e-02 2.880483306944370270e-02 5.993290618062019348e-02 2.822673916816711426e-01 2.947749197483062744e-01 6.941799074411392212e-02 5.356045812368392944e-02 7.006960362195968628e-02 1.433615535497665405e-01 1.510203033685684204e-01 1.510891020298004150e-01 1.473245471715927124e-01 3.341743648052215576e-01 1.694777905941009521e-01 1.693046391010284424e-01 1.254814863204956055e-01 2.868433594703674316e-01 1.298610419034957886e-01 1.508112996816635132e-01 2.290168851613998413e-01 2.829518318176269531e-01 2.628217637538909912e-01 2.462306767702102661e-01 3.529068231582641602e-01 1.746387481689453125e-01 9.281666576862335205e-02 -7.801195140928030014e-03
4.009258151054382324e-01 4.879011809825897217e-01 8.479725122451782227e-01 7.779815793037414551e-01 6.518571972846984863e-01 8.920130133628845215e-01 1.000000000000000000e+00 6.064601540565490723e-01 2.013686746358871460e-01 1.232216358184814453e-01 2.767044901847839355e-01 1.694475114345550537e-02 8.576520532369613647e-02 9.433200955390930176e-02 1.388984080404043198e-02 -4.071051254868507385e-03 1.347867548465728760e-01 6.640452146530151367e-02 -1.513704471290111542e-02 -1.050284281373023987e-01 6.047416850924491882e-02 -9.392774105072021484e-02 6.464724242687225342e-02 8.695378899574279785e-02 -1.520807389169931412e-03 -2.711517363786697388e-02 1.072135716676712036e-01 5.502736568450927734e-02 -1.288125365972518921e-01 5.919255316257476807e-02 -8.558892458677291870e-02 -7.446561008691787720e-03 -1.638669520616531372e-01 7.475224882364273071e-02 7.770559284836053848e-03 -4.044222831726074219e-02 6.930289417505264282e-02 2.059826850891113281e-01 -5.815416108816862106e-03 -2.257717773318290710e-03 1.183109432458877563e-01 2.352654039859771729e-01 1.315350234508514404e-01 5.427671223878860474e-02 -1.127643696963787079e-02 4.930547624826431274e-02 5.020626634359359741e-02 -8.990664035081863403e-02 3.988736569881439209e-01 9.836652129888534546e-02 8.523365110158920288e-02 1.566982120275497437e-01 1.119139883667230606e-02 7.169470191001892090e-01 4.780548214912414551e-01 5.854460000991821289e-01 8.805946260690689087e-02 7.194810360670089722e-02 2.708064951002597809e-02 9.512963891029357910e-02 -2.884251996874809265e-02 2.317336648702621460e-01 -6.803985685110092163e-02 2.388303428888320923e-01 2.642686963081359863e-01 1.264792233705520630e-01 2.404267340898513794e-01 1.153368055820465088e-01 1.297925412654876709e-02 9.906996786594390869e-02 1.603288352489471436e-01 -1.519562397152185440e-02 1.826208382844924927e-01 1.092493310570716858e-01 2.580237574875354767e-03 -2.116990461945533752e-02 6.875304877758026123e-02 -2.356822043657302856e-02 2.462174743413925171e-01 1.158559918403625488e-01 -1.638890802860260010e-01 -6.441187113523483276e-02 -3.459560219198465347e-03 1.599827259778976440e-01 3.910318911075592041e-01 3.878720477223396301e-02 -6.314430385828018188e-02 3.194890916347503662e-01 2.048662602901458740e-01 4.606833681464195251e-02 3.242200985550880432e-02 5.573909729719161987e-02 3.272007405757904053e-01 3.251206874847412109e-01 8.924685418605804443e-02 4.931591451168060303e-02 9.144098311662673950e-02 1.163294389843940735e-01 1.562004089355468750e-01 1.579122245311737061e-01 1.492894440889358521e-01 3.844695985317230225e-01 1.889924556016921997e-01 1.644053757190704346e-01 1.243321150541305542e-01 3.273209333419799805e-01 1.194439902901649475e-01 1.002787575125694275e-01 1.562834978103637695e-01 2.220426499843597412e-01 2.245535403490066528e-01 1.950238049030303955e-01 3.174385726451873779e-01 1.693897396326065063e-01 6.897948682308197021e-02 1.308035198599100113e-02
3.545188605785369873e-01 3.059825599193572998e-01 5.049247741699218750e-01 5.269536375999450684e-01 4.270117282867431641e-01 5.434158444404602051e-01 6.064601540565490723e-01 1.000000000000000000e+00 1.769574582576751709e-01 7.728978991508483887e-02 2.105951309204101562e-01 1.062651537358760834e-02 1.492334306240081787e-01 1.067966669797897339e-01 5.702347960323095322e-03 3.247463703155517578e-02 9.281170368194580078e-02 8.470762521028518677e-02 -2.809655852615833282e-03 -4.319099336862564087e-02 9.523250907659530640e-02 -7.135891914367675781e-02 3.036402910947799683e-02 8.033593744039535522e-02 -5.821153055876493454e-03 -3.581735119223594666e-02 1.059091165661811829e-01 1.937815919518470764e-02 -8.894266188144683838e-02 8.161067962646484375e-02 -5.201980844140052795e-02 1.283989287912845612e-02 -1.621949970722198486e-01 3.889214619994163513e-02 8.148184046149253845e-03 2.244010008871555328e-02 2.418134361505508423e-02 2.178642898797988892e-01 7.405548822134733200e-04 -2.110904827713966370e-02 9.555818885564804077e-02 2.581005096435546875e-01 8.822036534547805786e-02 2.139644324779510498e-02 -1.058285403996706009e-02 3.905937448143959045e-02 8.772344328463077545e-03 -2.421849779784679413e-02 3.134220838546752930e-01 5.133558809757232666e-02 5.011296272277832031e-02 1.459507495164871216e-01 3.292405977845191956e-02 5.120301246643066406e-01 3.237299919128417969e-01 3.946823179721832275e-01 7.801444083452224731e-02 4.985294863581657410e-02 -4.115424305200576782e-02 2.835720032453536987e-02 -5.084414035081863403e-02 1.374900639057159424e-01 -5.464338138699531555e-02 1.806362271308898926e-01 2.218382060527801514e-01 1.028930097818374634e-01 1.437008678913116455e-01 5.573448538780212402e-02 2.007182687520980835e-02 7.735581696033477783e-02 1.034487932920455933e-01 -3.476367419352754951e-05 1.389732509851455688e-01 5.134077742695808411e-02 3.216225013602524996e-04 2.257333602756261826e-03 5.666646733880043030e-02 -2.837561303749680519e-03 2.031926959753036499e-01 5.145325884222984314e-02 -1.110488548874855042e-01 -5.878664180636405945e-02 -3.143747523427009583e-02 1.347386389970779419e-01 2.414291799068450928e-01 3.840331360697746277e-02 -5.184734985232353210e-02 1.832758486270904541e-01 1.175974756479263306e-01 1.036627683788537979e-02 7.552830874919891357e-02 4.146471992135047913e-02 2.580576837062835693e-01 2.460791319608688354e-01 5.478276312351226807e-02 7.380314171314239502e-02 8.544315397739410400e-02 1.040604785084724426e-01 1.105376854538917542e-01 1.282170712947845459e-01 1.575440317392349243e-01 2.478563487529754639e-01 1.297292858362197876e-01 1.071022450923919678e-01 1.103365346789360046e-01 2.232761830091476440e-01 9.422554075717926025e-02 9.018192440271377563e-02 8.375720679759979248e-02 1.498703658580780029e-01 1.865462660789489746e-01 1.414497345685958862e-01 2.575117647647857666e-01 1.001818105578422546e-01 2.702695317566394806e-02 -1.460302993655204773e-02
9.232455492019653320e-02 6.007944792509078979e-02 1.691215336322784424e-01 1.960379183292388916e-01 1.094035208225250244e-01 1.986631304025650024e-01 2.013686746358871460e-01 1.769574582576751709e-01 1.000000000000000000e+00 2.072703391313552856e-01 1.879767030477523804e-01 1.436470299959182739e-01 1.747560799121856689e-01 1.075826436281204224e-01 1.264331787824630737e-01 1.658339351415634155e-01 7.797868549823760986e-02 8.213917165994644165e-02 7.900241017341613770e-02 5.359621718525886536e-02 7.752373069524765015e-02 -5.166459828615188599e-02 1.259864307940006256e-02 4.740910604596138000e-02 3.047442296519875526e-03 -2.576794475317001343e-02 6.038499996066093445e-02 1.431760843843221664e-02 -2.784320339560508728e-02 1.072313357144594193e-02 9.689494967460632324e-03 2.717428095638751984e-02 -7.765501737594604492e-02 6.384418159723281860e-02 1.033369544893503189e-02 -1.234660623595118523e-03 4.675585031509399414e-02 8.862052857875823975e-02 4.187610372900962830e-02 1.841152645647525787e-02 1.904765889048576355e-02 5.870629101991653442e-02 2.896876074373722076e-02 7.362409681081771851e-02 7.434540428221225739e-03 3.760887309908866882e-02 1.570492610335350037e-02 8.236424624919891357e-02 6.825536489486694336e-02 1.070865169167518616e-01 5.987786129117012024e-02 1.048790812492370605e-01 3.783788159489631653e-02 1.270599812269210815e-01 1.522202193737030029e-01 1.534830480813980103e-01 7.588333636522293091e-02 3.759439289569854736e-02 4.627818241715431213e-02 3.835337981581687927e-02 4.911275207996368408e-02 7.791218161582946777e-02 4.991168528795242310e-02 6.915967166423797607e-02 1.574253737926483154e-01 5.701822042465209961e-02 8.992474526166915894e-02 3.438135236501693726e-02 4.768814519047737122e-02 8.929561823606491089e-02 1.150858327746391296e-01 3.693462349474430084e-03 8.071348071098327637e-02 1.757808029651641846e-02 1.267894823104143143e-02 2.899901382625102997e-02 -1.028447784483432770e-02 -9.890967980027198792e-03 1.080936715006828308e-01 5.841465294361114502e-02 5.571097135543823242e-02 8.910813927650451660e-02 2.224502526223659515e-02 5.801910534501075745e-02 9.109798818826675415e-02 3.047037497162818909e-02 -4.517282918095588684e-02 1.058566421270370483e-01 2.959333918988704681e-02 2.653708867728710175e-02 7.507812231779098511e-02 7.353463768959045410e-02 1.134405210614204407e-01 6.796044111251831055e-02 6.292261183261871338e-02 4.210566356778144836e-02 6.026596575975418091e-02 1.278558671474456787e-01 7.529865950345993042e-02 1.183941289782524109e-01 6.050375476479530334e-02 1.674605011940002441e-01 7.644981890916824341e-02 8.847230672836303711e-02 8.252111822366714478e-02 1.052228361368179321e-01 4.097564518451690674e-02 7.741455733776092529e-02 1.031501814723014832e-01 1.389747858047485352e-01 9.784596413373947144e-02 8.079768717288970947e-02 1.298338919878005981e-01 2.762169204652309418e-02 4.652567952871322632e-02 -3.871411457657814026e-02
4.191192239522933960e-02 5.169524252414703369e-02 1.188680753111839294e-01 9.360560774803161621e-02 6.841193139553070068e-02 1.065151542425155640e-01 1.232216358184814453e-01 7.728978991508483887e-02 2.072703391313552856e-01 1.000000000000000000e+00 2.622559666633605957e-01 1.533959507942199707e-01 1.044800132513046265e-01 1.267689466476440430e-01 1.383049786090850830e-01 1.089472994208335876e-01 5.743246152997016907e-02 5.150666832923889160e-02 9.695424884557723999e-02 6.487766653299331665e-02 3.724489361047744751e-02 3.380610840395092964e-03 9.193336963653564453e-02 4.605730623006820679e-02 4.115721583366394043e-02 4.384623467922210693e-02 1.765137538313865662e-02 2.936685644090175629e-02 5.461100488901138306e-02 3.377932310104370117e-02 6.274473667144775391e-02 7.058099657297134399e-02 4.946879297494888306e-02 7.374655455350875854e-02 4.534829407930374146e-02 -1.550839748233556747e-02 5.253155529499053955e-02 1.853493414819240570e-02 2.084339223802089691e-02 2.832142263650894165e-02 3.321997448801994324e-02 2.953222766518592834e-02 4.389440268278121948e-02 6.352975219488143921e-02 -1.277968287467956543e-03 2.238609455525875092e-02 1.955534890294075012e-02 7.611496001482009888e-02 3.159447386860847473e-02 4.324711114168167114e-02 7.891979813575744629e-02 5.597283691167831421e-02 3.280107304453849792e-02 8.941036462783813477e-02 1.306950002908706665e-01 8.276890963315963745e-02 5.304915830492973328e-02 4.782871901988983154e-02 3.077562153339385986e-02 6.010733172297477722e-02 2.405300363898277283e-02 4.571258276700973511e-02 5.893864855170249939e-02 4.285037517547607422e-02 4.973309859633445740e-02 1.802274025976657867e-02 3.045842796564102173e-02 4.101029038429260254e-02 1.923613995313644409e-02 5.760239809751510620e-02 4.606253653764724731e-02 1.228479389101266861e-02 -1.470576878637075424e-02 2.243872545659542084e-02 1.677364669740200043e-02 3.056726977229118347e-02 -1.568532362580299377e-02 -2.551073580980300903e-02 3.946824371814727783e-02 2.780006453394889832e-02 7.891350984573364258e-02 9.390707314014434814e-02 3.619937226176261902e-02 2.366689778864383698e-02 6.819959729909896851e-02 4.035159200429916382e-02 4.039791971445083618e-02 5.501744523644447327e-02 2.896315231919288635e-02 3.722695633769035339e-02 1.503834594041109085e-02 3.707252442836761475e-02 5.885150283575057983e-02 5.386834964156150818e-02 2.422814257442951202e-02 3.902488946914672852e-02 6.138159334659576416e-02 6.225952133536338806e-02 5.147561058402061462e-02 7.525590062141418457e-02 4.337155818939208984e-02 9.714943170547485352e-02 6.367117166519165039e-02 8.029340207576751709e-02 8.280279487371444702e-02 9.415777027606964111e-02 5.099285021424293518e-02 2.001523599028587341e-02 2.164348959922790527e-02 6.166340038180351257e-02 2.392536588013172150e-02 4.830731451511383057e-02 2.393268980085849762e-02 3.289376571774482727e-02 4.408872500061988831e-02 -2.728730812668800354e-02
1.407052874565124512e-01 1.950253695249557495e-01 2.587548494338989258e-01 2.204168587923049927e-01 1.936702877283096313e-01 2.595408558845520020e-01 2.767044901847839355e-01 2.105951309204101562e-01 1.879767030477523804e-01 2.622559666633605957e-01 1.000000000000000000e+00 2.092310935258865356e-01 1.106751561164855957e-01 1.454285234212875366e-01 6.392172724008560181e-02 7.394080609083175659e-02 1.034757643938064575e-01 5.088143050670623779e-02 3.712683171033859253e-02 -3.820697311311960220e-03 4.426602274179458618e-02 2.361859008669853210e-02 7.683865725994110107e-02 6.989583373069763184e-02 5.144270136952400208e-02 8.056094497442245483e-02 1.849112287163734436e-02 8.003299683332443237e-02 3.537949919700622559e-02 5.531087890267372131e-02 1.643390581011772156e-02 6.088067591190338135e-02 1.838137768208980560e-02 1.028723046183586121e-01 6.759330630302429199e-02 4.539865255355834961e-02 5.319299176335334778e-02 4.915927350521087646e-02 4.834116622805595398e-02 5.584912002086639404e-02 7.600950449705123901e-02 1.216477304697036743e-01 6.927299499511718750e-02 6.859332323074340820e-02 1.418746262788772583e-02 7.093062996864318848e-02 6.383813172578811646e-02 3.616173751652240753e-03 1.152745783329010010e-01 9.454510360956192017e-02 1.008731424808502197e-01 1.089853793382644653e-01 1.073000356554985046e-01 2.056082636117935181e-01 2.143399268388748169e-01 1.808387935161590576e-01 7.849832624197006226e-02 7.719755917787551880e-02 2.906834334135055542e-02 1.056233495473861694e-01 1.684218831360340118e-02 9.536029398441314697e-02 2.677167952060699463e-02 1.028984859585762024e-01 8.822230249643325806e-02 7.775022089481353760e-02 9.863340854644775391e-02 5.366659909486770630e-02 2.343746460974216461e-02 9.242149442434310913e-02 9.432641416788101196e-02 4.145029187202453613e-02 4.036846105009317398e-03 3.080089204013347626e-02 2.649741806089878082e-02 7.031132554402574897e-05 4.802806675434112549e-02 3.112764842808246613e-02 1.026423647999763489e-01 5.857333540916442871e-02 -3.315334394574165344e-02 4.123020544648170471e-02 3.352969512343406677e-02 4.348718747496604919e-02 1.232993304729461670e-01 5.844024568796157837e-02 1.391061767935752869e-02 7.736331969499588013e-02 5.551972240209579468e-02 1.446259021759033203e-02 3.304203506559133530e-03 5.689870938658714294e-02 1.174667328596115112e-01 1.413757503032684326e-01 7.428623735904693604e-02 5.786967650055885315e-02 7.850822061300277710e-02 1.103977486491203308e-01 6.300985813140869141e-02 1.204428672790527344e-01 9.533604234457015991e-02 1.655279397964477539e-01 1.484134793281555176e-01 1.087049171328544617e-01 1.373296827077865601e-01 1.347136497497558594e-01 1.060731858015060425e-01 8.373694866895675659e-02 8.999530971050262451e-02 1.068657264113426208e-01 7.353395968675613403e-02 1.115970835089683533e-01 9.719847142696380615e-02 6.130371615290641785e-02 5.656291916966438293e-02 4.694453906267881393e-03
1.444656401872634888e-02 8.894459903240203857e-02 1.636851020157337189e-02 8.086020126938819885e-03 4.685390368103981018e-02 4.390341416001319885e-02 1.694475114345550537e-02 1.062651537358760834e-02 1.436470299959182739e-01 1.533959507942199707e-01 2.092310935258865356e-01 1.000000000000000000e+00 2.134172022342681885e-01 1.272177696228027344e-01 1.372493654489517212e-01 2.844237089157104492e-01 2.051958888769149780e-01 9.159789979457855225e-02 4.799241200089454651e-02 -2.595188468694686890e-02 2.143988944590091705e-02 1.201298683881759644e-01 4.818399995565414429e-02 8.412525802850723267e-02 4.974259436130523682e-02 -1.120357867330312729e-02 6.402953295037150383e-04 7.585398107767105103e-02 2.782848477363586426e-02 9.913541376590728760e-02 -6.595945451408624649e-03 -4.718179814517498016e-03 5.642009153962135315e-02 8.559263497591018677e-02 3.154861554503440857e-02 4.116899520158767700e-02 -4.077756311744451523e-03 6.764265894889831543e-02 5.449655652046203613e-02 9.216923266649246216e-02 1.265832632780075073e-01 8.119147270917892456e-02 -2.043959312140941620e-02 9.418528527021408081e-02 6.435744464397430420e-02 5.073331668972969055e-02 1.297877877950668335e-01 -2.838394418358802795e-02 6.266885250806808472e-02 1.300865560770034790e-01 1.000934317708015442e-01 8.112043887376785278e-02 2.815804779529571533e-01 -5.747098103165626526e-02 -2.963733300566673279e-02 -3.289408609271049500e-02 3.929461166262626648e-02 3.701549023389816284e-02 4.165659844875335693e-02 2.950687333941459656e-02 8.341488242149353027e-02 -3.164609149098396301e-02 9.670034050941467285e-03 2.143930085003376007e-02 -8.877396583557128906e-03 8.433213084936141968e-02 -4.244212433695793152e-02 -6.115187332034111023e-02 5.549700465053319931e-03 -2.237409353256225586e-03 1.588427647948265076e-02 5.990557000041007996e-02 -6.097972020506858826e-02 1.365883625112473965e-03 1.196317467838525772e-02 7.074540946632623672e-03 8.381657302379608154e-02 1.654081493616104126e-01 -3.612997010350227356e-02 6.701604928821325302e-03 -3.905874863266944885e-02 4.410570487380027771e-02 1.762338541448116302e-02 3.238155692815780640e-02 6.085384171456098557e-03 1.740678772330284119e-02 1.676927320659160614e-02 -1.729292236268520355e-02 2.870421856641769409e-02 -4.677398130297660828e-02 -3.387226909399032593e-02 -3.760224953293800354e-02 1.011510659009218216e-02 -1.707572303712368011e-02 -3.468497842550277710e-02 -1.590997911989688873e-02 1.066088583320379257e-02 1.149485930800437927e-01 4.347397014498710632e-02 6.455465406179428101e-02 3.281351923942565918e-02 1.986180990934371948e-02 1.199895218014717102e-01 6.913463771343231201e-02 1.614568531513214111e-01 3.244078531861305237e-02 1.763964258134365082e-02 8.093699067831039429e-02 1.020382568240165710e-01 3.028983063995838165e-02 5.551337823271751404e-02 4.760020598769187927e-02 1.306056417524814606e-02 2.843454945832490921e-03 3.403811156749725342e-02 -5.083284154534339905e-02
4.210453107953071594e-02 3.078791499137878418e-02 7.437866926193237305e-02 7.987070828676223755e-02 5.619509145617485046e-02 7.758720964193344116e-02 8.576520532369613647e-02 1.492334306240081787e-01 1.747560799121856689e-01 1.044800132513046265e-01 1.106751561164855957e-01 2.134172022342681885e-01 1.000000000000000000e+00 1.155509650707244873e-01 1.503977179527282715e-01 1.880540847778320312e-01 8.787584304809570312e-02 1.467982232570648193e-01 1.066471561789512634e-01 6.446138024330139160e-02 1.011067107319831848e-01 6.816843524575233459e-03 8.763675391674041748e-02 8.327951282262802124e-02 5.678169429302215576e-03 -2.032027393579483032e-02 5.132886767387390137e-02 2.747576311230659485e-02 -1.082147099077701569e-02 3.504645451903343201e-02 1.684705726802349091e-02 2.192375622689723969e-02 -6.489649415016174316e-02 5.225054919719696045e-02 8.492066990584135056e-04 5.860854685306549072e-02 -2.887729322537779808e-03 8.158500492572784424e-02 2.716086991131305695e-02 9.689483791589736938e-03 4.151053354144096375e-02 9.910868853330612183e-02 1.035944148898124695e-01 9.996594488620758057e-02 7.133909314870834351e-02 1.000811308622360229e-01 2.240137197077274323e-02 3.387739881873130798e-02 4.430622607469558716e-02 3.733987361192703247e-02 7.912328839302062988e-02 1.583223491907119751e-01 3.279648721218109131e-02 6.155358627438545227e-02 1.102593690156936646e-01 1.134691834449768066e-01 5.839737877249717712e-02 2.855648845434188843e-02 7.483365479856729507e-03 5.950950551778078079e-03 3.323014825582504272e-03 3.948425874114036560e-03 8.297837339341640472e-03 5.209837481379508972e-02 1.113169267773628235e-01 4.704565182328224182e-02 6.511808931827545166e-02 4.628498107194900513e-03 3.688297420740127563e-02 1.014174520969390869e-01 6.636310368776321411e-02 2.462282404303550720e-02 7.149671763181686401e-02 2.814237028360366821e-02 5.300847813487052917e-03 2.605391107499599457e-02 3.826284036040306091e-02 9.395520389080047607e-02 7.872894406318664551e-02 5.144743248820304871e-02 8.655621856451034546e-02 6.860747933387756348e-02 3.077327040955424309e-03 9.564241021871566772e-02 4.416478052735328674e-02 2.433341369032859802e-02 -2.010205946862697601e-02 6.604743748903274536e-02 5.033700913190841675e-02 -2.746843965724110603e-03 4.946113377809524536e-02 1.704488508403301239e-02 3.442719206213951111e-02 4.328199476003646851e-02 3.397429734468460083e-02 6.115587800741195679e-02 6.724882870912551880e-02 1.024730578064918518e-01 7.061953842639923096e-02 8.905276656150817871e-02 7.052050530910491943e-02 1.093556210398674011e-01 6.640783697366714478e-02 5.003754049539566040e-02 8.297406882047653198e-02 1.063373312354087830e-01 1.593422330915927887e-02 4.390235990285873413e-02 3.762273117899894714e-02 8.346986025571823120e-02 5.999365076422691345e-02 5.197842419147491455e-02 7.297747582197189331e-02 4.965377040207386017e-03 1.547127589583396912e-02 1.902750693261623383e-02
