1.000000000000000000e+00 3.132867515087127686e-01 -1.822911389172077179e-02 -3.741718456149101257e-02 -5.444527789950370789e-02 -2.084884233772754669e-02 -4.800685215741395950e-03 4.121397063136100769e-02 -2.594232000410556793e-02 3.036745078861713409e-02 -2.288162149488925934e-02 -1.137218158692121506e-02 -2.172652445733547211e-02 1.673263125121593475e-02 -3.457990288734436035e-02 -4.231384024024009705e-02 -1.030755322426557541e-02 -1.159839890897274017e-02 -2.333252876996994019e-02 -6.431508809328079224e-03 -4.262953251600265503e-02 -1.635504886507987976e-02 2.156232483685016632e-02 -2.369655109941959381e-02 3.559025749564170837e-02 -1.404223032295703888e-03 1.834315806627273560e-02 -1.063641160726547241e-02 -4.561791941523551941e-02 9.822852909564971924e-03 1.723146252334117889e-02 3.430940583348274231e-02 2.972318558022379875e-03 -2.606107853353023529e-02 5.114433914422988892e-02 2.567055448889732361e-02 2.366374433040618896e-02 4.655679687857627869e-02 -2.600152231752872467e-02 5.882277339696884155e-02 -3.524257615208625793e-02 -3.265782725065946579e-03 -1.968251541256904602e-02 -6.533650448545813560e-04 3.567122295498847961e-02 -4.488545004278421402e-03 -3.389441967010498047e-02 -2.003253623843193054e-02 -7.943531498312950134e-03 4.236035048961639404e-02 -8.764235302805900574e-03 1.566816680133342743e-02 4.228097852319478989e-03 -1.325631793588399887e-02 -3.398858383297920227e-02 -1.989671029150485992e-03
3.132867515087127686e-01 1.000000000000000000e+00 7.214616239070892334e-02 -4.807129129767417908e-02 -9.561817348003387451e-02 -4.012477025389671326e-02 -4.491630196571350098e-02 7.994033396244049072e-03 -4.827005788683891296e-02 -4.452542401850223541e-03 -2.676994912326335907e-02 -6.241609528660774231e-02 -4.735725745558738708e-02 -4.469556733965873718e-02 -4.069225862622261047e-02 -2.927868254482746124e-02 -1.849711313843727112e-02 -1.678926404565572739e-03 5.436175037175416946e-03 -3.938431851565837860e-03 -2.457457408308982849e-02 -1.433712430298328400e-02 1.870231144130229950e-02 -2.891313098371028900e-02 4.536001756787300110e-02 -1.096458639949560165e-02 3.394414205104112625e-03 9.235807810910046101e-04 -9.538859128952026367e-03 -1.528872177004814148e-02 -6.156428135000169277e-04 -5.698775639757514000e-04 -1.215941179543733597e-02 -7.668326143175363541e-03 1.421326119452714920e-02 6.615488091483712196e-04 1.234937738627195358e-02 -1.948531344532966614e-02 1.569470576941967010e-02 -2.182087628170847893e-03 -3.470028191804885864e-02 1.400250848382711411e-02 -3.258368000388145447e-02 -1.310841616941615939e-04 -2.529358724132180214e-03 -6.971229333430528641e-03 1.766047999262809753e-02 -8.085872977972030640e-04 2.434779703617095947e-02 2.292243950068950653e-02 -8.932732976973056793e-03 3.017521090805530548e-02 7.010594941675662994e-03 1.090541947633028030e-02 -2.902769856154918671e-02 -2.035018987953662872e-02
-1.822911389172077179e-02 7.214616239070892334e-02 1.000000000000000000e+00 2.339248955249786377e-01 8.987347781658172607e-02 6.798446178436279297e-02 8.906633406877517700e-02 4.127554595470428467e-02 4.854674637317657471e-02 4.709010943770408630e-02 4.910906404256820679e-02 6.619656831026077271e-02 3.993178158998489380e-02 3.036404401063919067e-02 2.500935830175876617e-02 2.598699554800987244e-02 2.358135208487510681e-02 3.018332645297050476e-02 1.240345463156700134e-02 1.423420943319797516e-02 2.447646856307983398e-02 6.975783500820398331e-03 7.573708891868591309e-03 1.507845986634492874e-02 3.645390737801790237e-03 1.506846956908702850e-02 1.759493025019764900e-03 2.595021622255444527e-03 8.406178094446659088e-04 5.453301593661308289e-03 1.276538893580436707e-02 7.122457493096590042e-03 7.236193865537643433e-03 2.292158454656600952e-02 1.816279813647270203e-02 3.145628795027732849e-02 2.029458805918693542e-02 -9.642264805734157562e-03 -5.963217932730913162e-03 6.604214664548635483e-03 2.087910193949937820e-03 4.494374617934226990e-03 8.495742455124855042e-03 3.450137097388505936e-03 2.466924721375107765e-03 5.998420994728803635e-03 1.434931327821686864e-04 9.566901251673698425e-03 1.143215969204902649e-02 5.346110090613365173e-03 2.311226446181535721e-03 1.829928020015358925e-03 1.393760368227958679e-02 3.224149346351623535e-02 1.649937219917774200e-02 1.769730634987354279e-02
-3.741718456149101257e-02 -4.807129129767417908e-02 2.339248955249786377e-01 1.000000000000000000e+00 2.481857240200042725e-01 1.599689573049545288e-01 1.624558418989181519e-01 1.327688694000244141e-01 1.409240514039993286e-01 1.190592125058174133e-01 1.253513395786285400e-01 1.723574250936508179e-01 9.114278852939605713e-02 1.526495367288589478e-01 7.716262340545654297e-02 9.475025534629821777e-02 5.999015644192695618e-02 7.207956165075302124e-02 4.604412615299224854e-02 2.000560238957405090e-02 9.108390659093856812e-03 1.589127629995346069e-02 1.998723857104778290e-02 2.787686139345169067e-02 1.385114435106515884e-02 1.296419743448495865e-02 1.075572706758975983e-02 3.621237701736390591e-04 7.155180443078279495e-03 1.233613304793834686e-02 1.825610548257827759e-02 4.166034981608390808e-03 2.875826135277748108e-02 3.287515044212341309e-02 7.098922505974769592e-03 8.447966724634170532e-02 -1.757263392210006714e-02 6.221530586481094360e-02 1.707893610000610352e-02 2.984426356852054596e-02 2.288927324116230011e-02 2.043449692428112030e-02 3.320810198783874512e-02 2.305766381323337555e-02 7.816076278686523438e-02 3.822702541947364807e-02 3.868303028866648674e-03 3.845407860353589058e-03 1.258556544780731201e-02 -4.063227213919162750e-03 5.472884979099035263e-03 8.994774892926216125e-03 4.611064121127128601e-02 4.309800639748573303e-02 3.314977511763572693e-02 4.377036355435848236e-03
-5.444527789950370789e-02 -9.561817348003387451e-02 8.987347781658172607e-02 2.481857240200042725e-01 1.000000000000000000e+00 4.950463771820068359e-01 4.522270262241363525e-01 4.482139050960540771e-01 4.327085018157958984e-01 4.119026064872741699e-01 4.296362996101379395e-01 6.473706364631652832e-01 2.667973935604095459e-01 3.828154206275939941e-01 3.031421899795532227e-01 2.582501173019409180e-01 2.052833139896392822e-01 2.322228997945785522e-01 9.216511249542236328e-02 8.835291117429733276e-02 6.893827114254236221e-03 9.741587191820144653e-02 7.157050073146820068e-03 5.527983978390693665e-02 1.114456634968519211e-02 1.984382979571819305e-02 4.179278016090393066e-02 1.615504920482635498e-02 -8.396516554057598114e-03 8.512611687183380127e-02 4.860014468431472778e-02 -1.965518854558467865e-02 1.244711577892303467e-01 2.290902659296989441e-02 -2.660524286329746246e-02 1.519238203763961792e-01 -2.304398827254772186e-02 2.593618072569370270e-02 -2.141683362424373627e-02 -3.590223193168640137e-02 -6.733284797519445419e-03 2.901815436780452728e-02 -2.369603142142295837e-02 3.593026474118232727e-02 4.085165634751319885e-02 5.824743583798408508e-02 -6.882166955620050430e-03 -2.522558905184268951e-02 4.003904759883880615e-02 3.471203520894050598e-02 4.474693536758422852e-02 -1.516140811145305634e-02 4.040911793708801270e-02 2.003365196287631989e-02 5.875561386346817017e-02 -2.696413779631257057e-03
-2.084884233772754669e-02 -4.012477025389671326e-02 6.798446178436279297e-02 1.599689573049545288e-01 4.950463771820068359e-01 1.000000000000000000e+00 2.642412483692169189e-01 2.425390034914016724e-01 2.395555526018142700e-01 2.115831077098846436e-01 2.313604205846786499e-01 3.391742408275604248e-01 1.522566527128219604e-01 1.791745722293853760e-01 1.657348424196243286e-01 1.389368325471878052e-01 1.135229244828224182e-01 1.223085522651672363e-01 4.945336282253265381e-02 7.213473320007324219e-02 4.801365546882152557e-03 5.800614878535270691e-02 3.464540699496865273e-03 3.572751581668853760e-02 1.925425417721271515e-02 2.132911980152130127e-02 3.294192627072334290e-02 1.184162870049476624e-02 9.977375157177448273e-03 1.200801134109497070e-02 3.796096518635749817e-02 -7.460339111275970936e-04 6.222221627831459045e-02 1.964897476136684418e-02 4.128299653530120850e-03 7.255178689956665039e-02 6.781136617064476013e-03 -4.655574914067983627e-03 -7.140506058931350708e-04 -4.726102109998464584e-03 -2.075438387691974640e-03 2.374205738306045532e-02 -1.410442776978015900e-02 2.821371331810951233e-02 2.519938163459300995e-02 4.051430523395538330e-02 6.440986413508653641e-03 -8.735908195376396179e-03 1.577949337661266327e-02 2.229965105652809143e-02 3.176347585394978523e-03 9.854265488684177399e-03 3.396047651767730713e-02 2.200724929571151733e-02 1.312550250440835953e-02 -2.277166582643985748e-03
-4.800685215741395950e-03 -4.491630196571350098e-02 8.906633406877517700e-02 1.624558418989181519e-01 4.522270262241363525e-01 2.642412483692169189e-01 1.000000000000000000e+00 2.960092127323150635e-01 2.225507348775863647e-01 2.056442052125930786e-01 2.225502431392669678e-01 3.336159288883209229e-01 1.575152575969696045e-01 1.856506019830703735e-01 1.423725485801696777e-01 1.304118931293487549e-01 1.094762831926345825e-01 1.065683364868164062e-01 4.482108354568481445e-02 3.081174381077289581e-02 1.680685090832412243e-03 4.676700383424758911e-02 -3.538810880854725838e-03 1.235855463892221451e-02 1.223769132047891617e-02 2.257734164595603943e-02 9.737627580761909485e-03 7.311745546758174896e-03 6.217548158019781113e-03 -4.523187875747680664e-03 1.534030865877866745e-02 1.380662899464368820e-02 6.764360517263412476e-02 1.037800870835781097e-02 2.219130098819732666e-02 1.080811992287635803e-01 2.395427972078323364e-02 -2.338309539481997490e-03 -2.340871095657348633e-02 2.179225161671638489e-02 5.938591435551643372e-02 5.068318173289299011e-02 -1.331239100545644760e-02 2.702639065682888031e-02 9.118440747261047363e-02 3.270372748374938965e-02 3.152081742882728577e-02 -1.676477678120136261e-02 4.242728278040885925e-02 2.997890859842300415e-02 -5.306153092533349991e-03 2.627730928361415863e-02 3.723737224936485291e-02 9.922488592565059662e-03 -1.777272671461105347e-03 -1.114023663103580475e-02
4.121397063136100769e-02 7.994033396244049072e-03 4.127554595470428467e-02 1.327688694000244141e-01 4.482139050960540771e-01 2.425390034914016724e-01 2.960092127323150635e-01 1.000000000000000000e+00 2.266423255205154419e-01 1.549112498760223389e-01 2.201154381036758423e-01 3.398479819297790527e-01 1.229977458715438843e-01 1.949571222066879272e-01 1.559470444917678833e-01 1.467409878969192505e-01 1.117929890751838684e-01 1.126723214983940125e-01 4.973386600613594055e-02 4.953219369053840637e-02 -7.453067228198051453e-03 9.724966250360012054e-03 7.427348289638757706e-03 2.808702876791357994e-03 4.180182144045829773e-02 1.457111164927482605e-02 -6.021358072757720947e-03 2.050890959799289703e-02 -6.048631388694047928e-03 -1.189973950386047363e-02 4.470068495720624924e-03 1.487686950713396072e-02 5.688698589801788330e-02 3.661082312464714050e-02 1.168730016797780991e-02 8.539354801177978516e-02 3.999950364232063293e-02 -1.170232892036437988e-02 5.666143260896205902e-03 -3.972786292433738708e-02 -7.734915707260370255e-03 4.355623945593833923e-02 -9.264796040952205658e-03 2.796238847076892853e-02 5.136447399854660034e-02 1.305134221911430359e-02 -5.272419191896915436e-03 -3.069862723350524902e-02 1.113986689597368240e-02 -9.448235854506492615e-03 3.928731661289930344e-03 1.264223270118236542e-02 4.371707793325185776e-03 -9.540463215671479702e-04 8.935313671827316284e-03 1.162836211733520031e-03
-2.594232000410556793e-02 -4.827005788683891296e-02 4.854674637317657471e-02 1.409240514039993286e-01 4.327085018157958984e-01 2.395555526018142700e-01 2.225507348775863647e-01 2.266423255205154419e-01 1.000000000000000000e+00 2.017890512943267822e-01 2.316738069057464600e-01 3.080146014690399170e-01 1.387876868247985840e-01 2.046049237251281738e-01 1.577712893486022949e-01 1.331974565982818604e-01 1.067579612135887146e-01 1.174093857407569885e-01 5.952007323503494263e-02 4.622402787208557129e-02 -4.547642602119594812e-04 7.035683840513229370e-02 1.361021492630243301e-02 2.955068275332450867e-02 2.296113595366477966e-02 1.646117307245731354e-02 2.991106919944286346e-02 1.680522784590721130e-02 1.601430028676986694e-02 6.778598763048648834e-03 4.260621964931488037e-02 4.338477272540330887e-03 7.037003338336944580e-02 3.081356361508369446e-02 3.938396403100341558e-04 9.837721288204193115e-02 -1.716248504817485809e-02 3.101162798702716827e-02 6.171653978526592255e-03 -2.125051058828830719e-02 -2.770984778180718422e-03 2.044727839529514313e-02 -1.206382457166910172e-02 2.813469618558883667e-02 3.459509089589118958e-02 6.060814857482910156e-02 2.837107516825199127e-03 -1.763459062203764915e-03 3.345905989408493042e-02 1.227940060198307037e-02 1.039579045027494431e-02 8.342538960278034210e-03 2.281512878835201263e-02 1.359289139509201050e-02 3.548215609043836594e-03 9.457227773964405060e-03
3.036745078861713409e-02 -4.452542401850223541e-03 4.709010943770408630e-02 1.190592125058174133e-01 4.119026064872741699e-01 2.115831077098846436e-01 2.056442052125930786e-01 1.549112498760223389e-01 2.017890512943267822e-01 1.000000000000000000e+00 2.400887310504913330e-01 3.321609199047088623e-01 1.462768763303756714e-01 2.323335856199264526e-01 1.552954316139221191e-01 1.237305402755737305e-01 1.142636984586715698e-01 1.249069422483444214e-01 3.754586353898048401e-02 2.022095397114753723e-02 -2.249679900705814362e-02 1.219041943550109863e-01 8.142237551510334015e-03 2.511079050600528717e-02 8.790043182671070099e-03 2.231642603874206543e-02 2.059980854392051697e-02 4.418245516717433929e-03 -5.209069233387708664e-03 -1.638449355959892273e-02 3.045620769262313843e-02 8.321228437125682831e-03 6.338602304458618164e-02 -2.096868120133876801e-03 2.736276015639305115e-02 1.072912365198135376e-01 -3.837900236248970032e-03 4.404047876596450806e-02 1.264202222228050232e-02 4.596120864152908325e-02 4.708580672740936279e-02 6.852487102150917053e-03 -6.154921371489763260e-03 1.345601398497819901e-02 4.014749452471733093e-02 3.375545889139175415e-02 4.183524288237094879e-03 -2.506269328296184540e-02 2.112420462071895599e-02 1.244060974568128586e-02 -1.348401699215173721e-02 -1.793619804084300995e-02 2.328135073184967041e-02 1.290063001215457916e-02 -5.886579863727092743e-03 -9.314944036304950714e-03
-2.288162149488925934e-02 -2.676994912326335907e-02 4.910906404256820679e-02 1.253513395786285400e-01 4.296362996101379395e-01 2.313604205846786499e-01 2.225502431392669678e-01 2.201154381036758423e-01 2.316738069057464600e-01 2.400887310504913330e-01 1.000000000000000000e+00 3.515781164169311523e-01 1.907243579626083374e-01 2.315085828304290771e-01 1.825063824653625488e-01 1.639627814292907715e-01 1.285820901393890381e-01 1.601716727018356323e-01 7.874727249145507812e-02 5.857537686824798584e-02 1.700816676020622253e-02 5.238347500562667847e-02 1.200083922594785690e-02 2.752825431525707245e-02 2.366689592599868774e-02 2.201878279447555542e-02 2.662794850766658783e-02 2.033996395766735077e-02 -3.416813211515545845e-03 1.042261067777872086e-02 2.358833141624927521e-02 5.434898193925619125e-03 7.836044579744338989e-02 4.173444211483001709e-02 8.039029315114021301e-03 1.163402199745178223e-01 1.261127297766506672e-03 3.053745813667774200e-02 -1.094495505094528198e-02 -1.572064682841300964e-02 -7.081119809299707413e-03 2.552113682031631470e-02 -3.663276555016636848e-03 2.747302129864692688e-02 1.465302985161542892e-02 5.417232215404510498e-02 5.041538970544934273e-04 -3.478813916444778442e-03 2.747419662773609161e-02 1.262823399156332016e-02 -5.277960561215877533e-03 -2.906551118940114975e-03 1.223545987159013748e-02 1.616313681006431580e-02 1.946930889971554279e-03 -4.463329445570707321e-03
-1.137218158692121506e-02 -6.241609528660774231e-02 6.619656831026077271e-02 1.723574250936508179e-01 6.473706364631652832e-01 3.391742408275604248e-01 3.336159288883209229e-01 3.398479819297790527e-01 3.080146014690399170e-01 3.321609199047088623e-01 3.515781164169311523e-01 1.000000000000000000e+00 2.839763760566711426e-01 3.539825379848480225e-01 3.554755151271820068e-01 2.656944692134857178e-01 2.078689187765121460e-01 2.564749121665954590e-01 9.174792468547821045e-02 1.928286701440811157e-01 -3.329682163894176483e-03 6.711225211620330811e-02 3.550476953387260437e-02 5.485615693032741547e-03 8.738946169614791870e-03 5.484639201313257217e-03 5.375953018665313721e-02 2.095769532024860382e-02 1.614830642938613892e-02 9.849338093772530556e-04 4.613931477069854736e-02 2.105540782213211060e-02 1.946253478527069092e-01 3.784871101379394531e-02 2.230852395296096802e-01 1.267320364713668823e-01 2.258708328008651733e-01 -1.151575613766908646e-02 -1.138827763497829437e-02 2.131015956401824951e-01 3.888176009058952332e-02 4.454371333122253418e-02 1.105127949267625809e-02 1.246043220162391663e-01 1.876053959131240845e-02 4.387521371245384216e-02 -2.238290570676326752e-02 -1.031793747097253799e-02 3.742172196507453918e-02 5.005551502108573914e-02 -1.559620723128318787e-02 -2.257597260177135468e-02 7.940707355737686157e-02 4.522779025137424469e-03 -2.598373964428901672e-02 1.361537631601095200e-02
-2.172652445733547211e-02 -4.735725745558738708e-02 3.993178158998489380e-02 9.114278852939605713e-02 2.667973935604095459e-01 1.522566527128219604e-01 1.575152575969696045e-01 1.229977458715438843e-01 1.387876868247985840e-01 1.462768763303756714e-01 1.907243579626083374e-01 2.839763760566711426e-01 1.000000000000000000e+00 2.814792096614837646e-01 2.076873034238815308e-01 1.783319115638732910e-01 1.071146875619888306e-01 1.294049918651580811e-01 6.635488569736480713e-02 6.875521037727594376e-03 2.233442291617393494e-02 4.029030445963144302e-03 1.493978407233953476e-02 3.610845422372221947e-03 -9.694679174572229385e-04 9.426088072359561920e-03 5.596155300736427307e-02 1.101673301309347153e-02 2.290125936269760132e-02 1.132716424763202667e-03 1.846903562545776367e-02 6.132849492132663727e-03 6.931436806917190552e-02 2.937204390764236450e-02 1.994840428233146667e-02 2.857493460178375244e-01 2.247181162238121033e-02 1.283441036939620972e-01 6.031986791640520096e-03 -1.129941176623106003e-02 -5.778270773589611053e-03 1.181124057620763779e-02 -5.756451282650232315e-03 7.005925290286540985e-03 -1.004543155431747437e-02 4.722173511981964111e-02 -5.897679831832647324e-03 -2.842838293872773647e-04 2.782514877617359161e-02 2.203638665378093719e-03 -1.078683696687221527e-02 9.918152500176802278e-05 2.905696630477905273e-02 1.962439343333244324e-02 2.179969334974884987e-03 -1.949170022271573544e-03
1.673263125121593475e-02 -4.469556733965873718e-02 3.036404401063919067e-02 1.526495367288589478e-01 3.828154206275939941e-01 1.791745722293853760e-01 1.856506019830703735e-01 1.949571222066879272e-01 2.046049237251281738e-01 2.323335856199264526e-01 2.315085828304290771e-01 3.539825379848480225e-01 2.814792096614837646e-01 1.000000000000000000e+00 2.685866355895996094e-01 2.679432928562164307e-01 1.831824183464050293e-01 1.494176387786865234e-01 9.316331148147583008e-02 -2.937596105039119720e-02 8.488059043884277344e-03 -5.562962964177131653e-02 4.097722470760345459e-02 -1.615052297711372375e-02 -2.365804743021726608e-03 3.286048397421836853e-02 2.626222930848598480e-02 3.407579287886619568e-02 9.336016140878200531e-03 4.084628820419311523e-02 3.242078050971031189e-02 -9.642962366342544556e-03 1.109265014529228210e-01 1.948283798992633820e-02 -5.771062150597572327e-02 3.561883270740509033e-01 -4.914171993732452393e-02 7.159540653228759766e-01 -1.827827468514442444e-02 -6.298387795686721802e-02 -8.318563923239707947e-03 -4.446224309504032135e-03 -2.379160374402999878e-02 -6.334523111581802368e-02 -1.334744505584239960e-02 9.607010334730148315e-02 -3.352070972323417664e-02 -1.292833779007196426e-02 5.565392225980758667e-02 1.549997553229331970e-02 1.255477219820022583e-02 -1.931548118591308594e-02 1.325308997184038162e-02 -9.955116547644138336e-03 6.307626608759164810e-03 7.857173681259155273e-03
-3.457990288734436035e-02 -4.069225862622261047e-02 2.500935830175876617e-02 7.716262340545654297e-02 3.031421899795532227e-01 1.657348424196243286e-01 1.423725485801696777e-01 1.559470444917678833e-01 1.577712893486022949e-01 1.552954316139221191e-01 1.825063824653625488e-01 3.554755151271820068e-01 2.076873034238815308e-01 2.685866355895996094e-01 1.000000000000000000e+00 2.430741190910339355e-01 1.447851657867431641e-01 1.914625912904739380e-01 1.085168570280075073e-01 6.975118070840835571e-02 1.790412887930870056e-02 3.480010107159614563e-02 1.389926578849554062e-02 1.133681554347276688e-02 1.014204043895006180e-02 7.306636311113834381e-03 5.284903571009635925e-02 4.234858602285385132e-02 4.232194647192955017e-02 2.674760762602090836e-03 1.583340205252170563e-02 8.085357025265693665e-03 6.389348953962326050e-02 2.742706798017024994e-02 3.281843662261962891e-02 1.981820613145828247e-01 2.180122770369052887e-02 6.983346492052078247e-02 -4.086291417479515076e-03 -1.135491207242012024e-02 -2.523242682218551636e-02 2.996721677482128143e-02 -3.229475393891334534e-02 7.547980640083551407e-03 -1.496049109846353531e-02 3.319689631462097168e-02 -2.475251816213130951e-02 -1.736613363027572632e-02 7.263852655887603760e-02 1.371709350496530533e-02 -2.344082668423652649e-02 6.186944898217916489e-03 3.327390179038047791e-02 1.250358950346708298e-02 -3.255074843764305115e-02 4.893860314041376114e-04
-4.231384024024009705e-02 -2.927868254482746124e-02 2.598699554800987244e-02 9.475025534629821777e-02 2.582501173019409180e-01 1.389368325471878052e-01 1.304118931293487549e-01 1.467409878969192505e-01 1.331974565982818604e-01 1.237305402755737305e-01 1.639627814292907715e-01 2.656944692134857178e-01 1.783319115638732910e-01 2.679432928562164307e-01 2.430741190910339355e-01 1.000000000000000000e+00 1.578124910593032837e-01 2.274747192859649658e-01 1.469994187355041504e-01 4.701818153262138367e-02 5.776731763035058975e-03 -3.069797903299331665e-02 3.946873173117637634e-02 2.293411083519458771e-02 2.665790356695652008e-02 2.495111338794231415e-02 6.194531545042991638e-02 2.573128789663314819e-02 3.340334445238113403e-02 8.678934536874294281e-03 5.284240469336509705e-02 1.590594463050365448e-02 3.944978863000869751e-02 9.067312628030776978e-02 3.773936629295349121e-02 1.754586249589920044e-01 2.866336889564990997e-02 9.048054367303848267e-02 1.410415279679000378e-03 -3.424230962991714478e-02 -5.153247155249118805e-03 2.599034458398818970e-02 -2.593589387834072113e-02 2.271971665322780609e-02 -1.008251123130321503e-02 3.372763469815254211e-02 1.970317773520946503e-02 -4.835207015275955200e-03 3.612530976533889771e-02 -7.839986123144626617e-03 -1.278639957308769226e-02 1.548867730889469385e-04 2.086198516190052032e-02 2.701657451689243317e-02 -1.696374383755028248e-03 -6.444028578698635101e-03
-1.030755322426557541e-02 -1.849711313843727112e-02 2.358135208487510681e-02 5.999015644192695618e-02 2.052833139896392822e-01 1.135229244828224182e-01 1.094762831926345825e-01 1.117929890751838684e-01 1.067579612135887146e-01 1.142636984586715698e-01 1.285820901393890381e-01 2.078689187765121460e-01 1.071146875619888306e-01 1.831824183464050293e-01 1.447851657867431641e-01 1.578124910593032837e-01 1.000000000000000000e+00 1.408280581235885620e-01 8.010154217481613159e-02 2.720528654754161835e-02 6.176701933145523071e-02 6.355280522257089615e-03 2.422914654016494751e-02 9.882193990051746368e-03 2.489637583494186401e-02 2.594980224967002869e-02 2.348157949745655060e-02 1.716047339141368866e-02 7.115877233445644379e-03 7.855737581849098206e-03 2.130054496228694916e-02 2.929330617189407349e-02 2.945314161479473114e-02 7.176897674798965454e-02 6.418744567781686783e-03 1.453662961721420288e-01 1.905352436006069183e-02 3.190148249268531799e-02 1.690768450498580933e-02 1.364856492727994919e-03 7.543697021901607513e-03 2.854657359421253204e-02 3.272127360105514526e-03 1.515202317386865616e-02 1.318448106758296490e-03 4.350435733795166016e-02 5.464032758027315140e-03 2.248978428542613983e-02 3.124680742621421814e-02 8.654247038066387177e-03 -6.936523132026195526e-03 2.125517092645168304e-02 2.001012861728668213e-02 8.954141288995742798e-03 -5.641742609441280365e-03 1.189782377332448959e-02
-1.159839890897274017e-02 -1.678926404565572739e-03 3.018332645297050476e-02 7.207956165075302124e-02 2.322228997945785522e-01 1.223085522651672363e-01 1.065683364868164062e-01 1.126723214983940125e-01 1.174093857407569885e-01 1.249069422483444214e-01 1.601716727018356323e-01 2.564749121665954590e-01 1.294049918651580811e-01 1.494176387786865234e-01 1.914625912904739380e-01 2.274747192859649658e-01 1.408280581235885620e-01 1.000000000000000000e+00 1.590770781040191650e-01 8.307082206010818481e-02 8.508213795721530914e-03 1.441920921206474304e-02 1.557461638003587723e-02 3.529068455100059509e-02 1.375148817896842957e-02 2.323433011770248413e-02 5.477497726678848267e-02 1.669004000723361969e-02 2.126152999699115753e-02 1.393277943134307861e-02 2.880404703319072723e-02 1.733581349253654480e-02 6.117990985512733459e-02 7.107226550579071045e-02 4.732925072312355042e-02 1.478097289800643921e-01 5.803314596414566040e-02 -2.775340527296066284e-02 -1.200802158564329147e-03 1.330094784498214722e-02 4.049448296427726746e-03 2.713434211909770966e-02 -1.595395244657993317e-02 3.509613499045372009e-02 -6.138679571449756622e-03 3.129079192876815796e-02 9.561241604387760162e-03 1.094817183911800385e-02 3.418563678860664368e-02 7.025941740721464157e-03 -3.276667324826121330e-03 4.460550844669342041e-03 2.711086347699165344e-02 2.563476562500000000e-02 -6.812098901718854904e-03 1.697631180286407471e-02
-2.333252876996994019e-02 5.436175037175416946e-03 1.240345463156700134e-02 4.604412615299224854e-02 9.216511249542236328e-02 4.945336282253265381e-02 4.482108354568481445e-02 4.973386600613594055e-02 5.952007323503494263e-02 3.754586353898048401e-02 7.874727249145507812e-02 9.174792468547821045e-02 6.635488569736480713e-02 9.316331148147583008e-02 1.085168570280075073e-01 1.469994187355041504e-01 8.010154217481613159e-02 1.590770781040191650e-01 1.000000000000000000e+00 5.337047204375267029e-02 3.938018903136253357e-02 2.351717092096805573e-02 2.402994036674499512e-02 2.242289483547210693e-02 2.061133459210395813e-02 1.306247431784868240e-02 1.520240772515535355e-02 6.115217693150043488e-03 2.361165173351764679e-02 1.496868673712015152e-02 1.596152782440185547e-02 2.948295325040817261e-02 2.056916616857051849e-02 7.134838402271270752e-02 1.284136157482862473e-02 7.927653193473815918e-02 3.719605505466461182e-03 6.862319074571132660e-03 -5.135536659508943558e-03 5.156811326742172241e-03 2.369408123195171356e-02 1.723652519285678864e-02 7.078288123011589050e-03 1.860241964459419250e-02 -2.735077217221260071e-02 8.810984902083873749e-03 -2.184183103963732719e-04 4.175818990916013718e-03 3.868293017148971558e-02 -1.029502134770154953e-02 -1.937791472300887108e-03 3.160470630973577499e-03 2.876696549355983734e-02 2.488395385444164276e-02 8.136243559420108795e-03 7.490721996873617172e-03
-6.431508809328079224e-03 -3.938431851565837860e-03 1.423420943319797516e-02 2.000560238957405090e-02 8.835291117429733276e-02 7.213473320007324219e-02 3.081174381077289581e-02 4.953219369053840637e-02 4.622402787208557129e-02 2.022095397114753723e-02 5.857537686824798584e-02 1.928286701440811157e-01 6.875521037727594376e-03 -2.937596105039119720e-02 6.975118070840835571e-02 4.701818153262138367e-02 2.720528654754161835e-02 8.307082206010818481e-02 5.337047204375267029e-02 1.000000000000000000e+00 1.183527521789073944e-02 8.305682241916656494e-02 -9.763422422111034393e-03 4.966215416789054871e-02 2.085576765239238739e-02 2.983786165714263916e-02 2.153985947370529175e-02 -2.900460734963417053e-03 -1.479117106646299362e-02 -1.611129730008542538e-03 4.583573341369628906e-02 6.820524111390113831e-03 1.223438754677772522e-01 1.934660412371158600e-02 7.161208987236022949e-02 -2.338734827935695648e-02 1.350996047258377075e-01 -9.896434843540191650e-02 -2.922835387289524078e-02 4.985576868057250977e-02 5.733602680265903473e-03 2.077747695147991180e-02 7.269572466611862183e-03 3.630779981613159180e-01 -3.690949454903602600e-02 3.304413333535194397e-02 -6.931423395872116089e-02 -1.955737359821796417e-03 -2.735364716500043869e-03 -2.524287253618240356e-02 -3.578013507649302483e-03 -3.258273378014564514e-02 -5.332716275006532669e-03 -5.779442843049764633e-03 -1.389318425208330154e-02 5.342528596520423889e-02
-4.262953251600265503e-02 -2.457457408308982849e-02 2.447646856307983398e-02 9.108390659093856812e-03 6.893827114254236221e-03 4.801365546882152557e-03 1.680685090832412243e-03 -7.453067228198051453e-03 -4.547642602119594812e-04 -2.249679900705814362e-02 1.700816676020622253e-02 -3.329682163894176483e-03 2.233442291617393494e-02 8.488059043884277344e-03 1.790412887930870056e-02 5.776731763035058975e-03 6.176701933145523071e-02 8.508213795721530914e-03 3.938018903136253357e-02 1.183527521789073944e-02 1.000000000000000000e+00 -2.256906405091285706e-02 -3.171743126586079597e-03 2.973220497369766235e-02 1.648129895329475403e-02 1.599887944757938385e-02 -2.357573807239532471e-02 8.755465038120746613e-03 -1.922549121081829071e-02 1.487975940108299255e-02 -1.871983706951141357e-02 3.544672951102256775e-02 -4.392145201563835144e-02 2.179855667054653168e-02 -3.596666455268859863e-02 2.296269126236438751e-02 -7.629189640283584595e-02 -2.304858341813087463e-02 -7.459347601979970932e-03 -3.218332305550575256e-02 6.398873403668403625e-03 2.584859356284141541e-02 2.006951533257961273e-02 -5.066495388746261597e-02 -4.674848541617393494e-02 -1.781691983342170715e-02 2.156183496117591858e-02 1.517602056264877319e-01 2.732319943606853485e-02 -4.393676295876502991e-02 -8.413562551140785217e-03 6.363225169479846954e-03 -3.541411715559661388e-04 -1.105751842260360718e-02 -8.675902499817311764e-04 1.324303820729255676e-02
-1.635504886507987976e-02 -1.433712430298328400e-02 6.975783500820398331e-03 1.589127629995346069e-02 9.741587191820144653e-02 5.800614878535270691e-02 4.676700383424758911e-02 9.724966250360012054e-03 7.035683840513229370e-02 1.219041943550109863e-01 5.238347500562667847e-02 6.711225211620330811e-02 4.029030445963144302e-03 -5.562962964177131653e-02 3.480010107159614563e-02 -3.069797903299331665e-02 6.355280522257089615e-03 1.441920921206474304e-02 2.351717092096805573e-02 8.305682241916656494e-02 -2.256906405091285706e-02 1.000000000000000000e+00 -6.018206477165222168e-03 8.602499216794967651e-02 3.231529612094163895e-03 2.999610500410199165e-03 9.938376955687999725e-03 -1.126692537218332291e-02 -1.404139865189790726e-02 -5.881055258214473724e-03 5.188813060522079468e-02 2.173264976590871811e-03 4.021009057760238647e-02 -1.971287652850151062e-02 6.788076134398579597e-04 -7.964283227920532227e-02 -1.268163416534662247e-02 -1.018690243363380432e-01 -1.892160624265670776e-02 5.950402468442916870e-02 2.173771522939205170e-02 3.243006393313407898e-02 5.719818640500307083e-03 6.970673054456710815e-02 -3.618124872446060181e-02 4.473411478102207184e-03 -4.432449489831924438e-02 -2.895974181592464447e-02 6.048328243196010590e-03 -1.371556520462036133e-02 8.542570285499095917e-04 1.438423804938793182e-02 -1.661285385489463806e-02 -2.517951361369341612e-04 -2.052271552383899689e-02 2.248322591185569763e-02
2.156232483685016632e-02 1.870231144130229950e-02 7.573708891868591309e-03 1.998723857104778290e-02 7.157050073146820068e-03 3.464540699496865273e-03 -3.538810880854725838e-03 7.427348289638757706e-03 1.361021492630243301e-02 8.142237551510334015e-03 1.200083922594785690e-02 3.550476953387260437e-02 1.493978407233953476e-02 4.097722470760345459e-02 1.389926578849554062e-02 3.946873173117637634e-02 2.422914654016494751e-02 1.557461638003587723e-02 2.402994036674499512e-02 -9.763422422111034393e-03 -3.171743126586079597e-03 -6.018206477165222168e-03 1.000000000000000000e+00 5.091389268636703491e-02 3.589216619729995728e-02 1.501989644020795822e-02 3.840430080890655518e-02 3.427011892199516296e-02 -6.261900067329406738e-03 -5.035269260406494141e-02 4.451946355402469635e-03 7.663666736334562302e-03 2.598548494279384613e-02 2.229738747701048851e-03 1.670446805655956268e-02 2.496576867997646332e-02 3.884213045239448547e-02 2.652606554329395294e-02 -3.123235516250133514e-02 -1.388281956315040588e-02 1.765628717839717865e-02 -1.168549642898142338e-03 6.615149788558483124e-03 1.534007210284471512e-02 -2.667867019772529602e-02 2.767373807728290558e-02 -1.333176344633102417e-02 -1.552533940412104130e-03 2.132123103365302086e-03 6.794029846787452698e-03 -3.860056027770042419e-02 -2.952652284875512123e-03 6.248036399483680725e-03 5.337161198258399963e-02 -6.217544898390769958e-03 3.102615103125572205e-02
-2.369655109941959381e-02 -2.891313098371028900e-02 1.507845986634492874e-02 2.787686139345169067e-02 5.527983978390693665e-02 3.572751581668853760e-02 1.235855463892221451e-02 2.808702876791357994e-03 2.955068275332450867e-02 2.511079050600528717e-02 2.752825431525707245e-02 5.485615693032741547e-03 3.610845422372221947e-03 -1.615052297711372375e-02 1.133681554347276688e-02 2.293411083519458771e-02 9.882193990051746368e-03 3.529068455100059509e-02 2.242289483547210693e-02 4.966215416789054871e-02 2.973220497369766235e-02 8.602499216794967651e-02 5.091389268636703491e-02 1.000000000000000000e+00 4.804390016943216324e-03 2.547393366694450378e-02 6.412310898303985596e-02 -3.851345740258693695e-03 -1.452840026468038559e-02 -5.935789085924625397e-03 1.652393788099288940e-01 -4.078162834048271179e-03 -1.359935291111469269e-02 1.412365864962339401e-02 -2.487812377512454987e-02 -1.922295615077018738e-02 -8.340656757354736328e-03 -2.838910929858684540e-02 -3.452149685472249985e-03 -2.530252933502197266e-02 -2.809707261621952057e-02 2.257080515846610069e-03 -7.844388484954833984e-03 3.708863630890846252e-02 -2.938432991504669189e-02 4.213560372591018677e-03 -1.158193033188581467e-02 3.354786196723580360e-03 -1.371081173419952393e-02 1.019752770662307739e-02 -6.620985921472311020e-03 -2.256019413471221924e-02 -4.858928732573986053e-03 -8.047783747315406799e-03 -4.275486338883638382e-03 -1.085120067000389099e-02
3.559025749564170837e-02 4.536001756787300110e-02 3.645390737801790237e-03 1.385114435106515884e-02 1.114456634968519211e-02 1.925425417721271515e-02 1.223769132047891617e-02 4.180182144045829773e-02 2.296113595366477966e-02 8.790043182671070099e-03 2.366689592599868774e-02 8.738946169614791870e-03 -9.694679174572229385e-04 -2.365804743021726608e-03 1.014204043895006180e-02 2.665790356695652008e-02 2.489637583494186401e-02 1.375148817896842957e-02 2.061133459210395813e-02 2.085576765239238739e-02 1.648129895329475403e-02 3.231529612094163895e-03 3.589216619729995728e-02 4.804390016943216324e-03 1.000000000000000000e+00 2.093123272061347961e-02 1.150612812489271164e-02 5.016941577196121216e-02 -7.968158461153507233e-03 -3.648658981546759605e-03 1.631921529769897461e-02 1.036121882498264313e-02 1.270359568297863007e-02 2.170862257480621338e-02 2.151349373161792755e-02 1.012804452329874039e-02 1.452122442424297333e-02 -1.558755175210535526e-03 4.554766230285167694e-03 -1.143075712025165558e-02 -1.370106637477874756e-02 1.538018882274627686e-02 -1.547624729573726654e-02 4.479830153286457062e-03 1.669312012381851673e-03 1.339303515851497650e-02 6.367750931531190872e-03 1.813092827796936035e-02 -8.003275841474533081e-03 1.509136613458395004e-02 -2.752723405137658119e-03 6.582996807992458344e-03 5.759450723417103291e-04 1.425862219184637070e-02 -2.222122251987457275e-02 -8.561438880860805511e-03
-1.404223032295703888e-03 -1.096458639949560165e-02 1.506846956908702850e-02 1.296419743448495865e-02 1.984382979571819305e-02 2.132911980152130127e-02 2.257734164595603943e-02 1.457111164927482605e-02 1.646117307245731354e-02 2.231642603874206543e-02 2.201878279447555542e-02 5.484639201313257217e-03 9.426088072359561920e-03 3.286048397421836853e-02 7.306636311113834381e-03 2.495111338794231415e-02 2.594980224967002869e-02 2.323433011770248413e-02 1.306247431784868240e-02 2.983786165714263916e-02 1.599887944757938385e-02 2.999610500410199165e-03 1.501989644020795822e-02 2.547393366694450378e-02 2.093123272061347961e-02 1.000000000000000000e+00 2.264590188860893250e-02 2.921058982610702515e-02 -1.885014958679676056e-02 -3.748232964426279068e-03 2.060813270509243011e-02 1.087742671370506287e-02 1.344059128314256668e-02 1.344189886003732681e-02 -1.456461753696203232e-02 1.427997089922428131e-02 -1.166804973036050797e-02 8.486201986670494080e-03 -2.610981930047273636e-03 -2.085096202790737152e-02 -3.196033358108252287e-04 2.140001952648162842e-02 -4.379678517580032349e-03 -3.644393058493733406e-03 -2.878977544605731964e-02 1.098575349897146225e-02 9.588986635208129883e-03 1.834758371114730835e-02 2.450785599648952484e-02 -1.034622266888618469e-02 -4.654139745980501175e-03 5.339819006621837616e-03 -1.175750885158777237e-02 -2.206106903031468391e-03 -5.113823339343070984e-03 -2.065147040411829948e-03
1.834315806627273560e-02 3.394414205104112625e-03 1.759493025019764900e-03 1.075572706758975983e-02 4.179278016090393066e-02 3.294192627072334290e-02 9.737627580761909485e-03 -6.021358072757720947e-03 2.991106919944286346e-02 2.059980854392051697e-02 2.662794850766658783e-02 5.375953018665313721e-02 5.596155300736427307e-02 2.626222930848598480e-02 5.284903571009635925e-02 6.194531545042991638e-02 2.348157949745655060e-02 5.477497726678848267e-02 1.520240772515535355e-02 2.153985947370529175e-02 -2.357573807239532471e-02 9.938376955687999725e-03 3.840430080890655518e-02 6.412310898303985596e-02 1.150612812489271164e-02 2.264590188860893250e-02 1.000000000000000000e+00 1.069021299481391907e-01 3.029464930295944214e-02 -1.228905399329960346e-03 1.196328625082969666e-01 -1.987139694392681122e-03 -1.827463507652282715e-02 -4.433247959241271019e-04 -2.205282635986804962e-02 -4.036562051624059677e-03 -1.768753491342067719e-02 5.367832258343696594e-02 -2.621732279658317566e-02 -2.290497720241546631e-02 -4.083920270204544067e-03 2.627079666126519442e-04 2.955352421849966049e-03 3.596721217036247253e-02 -2.873465791344642639e-02 1.412542536854743958e-02 -2.516529522836208344e-02 -1.341653428971767426e-02 -1.992806233465671539e-02 2.090635150671005249e-02 7.133222650736570358e-03 1.298074144870042801e-02 2.425323938950896263e-03 3.421582514420151711e-03 6.372439675033092499e-03 1.310991775244474411e-02
-1.063641160726547241e-02 9.235807810910046101e-04 2.595021622255444527e-03 3.621237701736390591e-04 1.615504920482635498e-02 1.184162870049476624e-02 7.311745546758174896e-03 2.050890959799289703e-02 1.680522784590721130e-02 4.418245516717433929e-03 2.033996395766735077e-02 2.095769532024860382e-02 1.101673301309347153e-02 3.407579287886619568e-02 4.234858602285385132e-02 2.573128789663314819e-02 1.716047339141368866e-02 1.669004000723361969e-02 6.115217693150043488e-03 -2.900460734963417053e-03 8.755465038120746613e-03 -1.126692537218332291e-02 3.427011892199516296e-02 -3.851345740258693695e-03 5.016941577196121216e-02 2.921058982610702515e-02 1.069021299481391907e-01 1.000000000000000000e+00 2.375873737037181854e-02 3.510130941867828369e-02 4.842134192585945129e-03 6.429253611713647842e-03 -4.356050398200750351e-03 4.801846574991941452e-03 5.092469044029712677e-03 1.582611724734306335e-02 -9.774171485332772136e-05 7.383757084608078003e-02 1.388481725007295609e-02 -6.720388773828744888e-03 -1.949794404208660126e-02 3.661762923002243042e-03 6.052641547285020351e-04 5.976645275950431824e-03 -1.926137506961822510e-02 2.966646477580070496e-02 1.012204520520754158e-04 2.567697549238801003e-03 3.750026971101760864e-02 1.150771044194698334e-02 1.490805152570828795e-04 1.423529163002967834e-02 -5.692160222679376602e-03 2.043014205992221832e-02 1.564386300742626190e-02 1.964647881686687469e-02
