1.000000000000000000e+00 6.749568581581115723e-01 5.363495945930480957e-01 4.702486395835876465e-01 2.722398340702056885e-01 1.632860004901885986e-01 1.801497340202331543e-01 -4.440567269921302795e-02 5.520161986351013184e-02 4.255004227161407471e-02 1.156364567577838898e-02 -1.546442694962024689e-02 2.661979496479034424e-01 2.181769609451293945e-01 1.258210092782974243e-01 1.358887404203414917e-01 3.916462063789367676e-01 3.312748968601226807e-01 2.454678267240524292e-01 1.124407425522804260e-01 1.479219943284988403e-01 7.746971398591995239e-02 2.747059464454650879e-01 1.407838463783264160e-01 1.989118456840515137e-01 2.523710429668426514e-01 1.074393987655639648e-01 2.350464910268783569e-01 1.085613816976547241e-01 1.748144030570983887e-01 1.307353079319000244e-01 1.166645903140306473e-02 2.269955724477767944e-01 7.717920839786529541e-02 1.450885087251663208e-01 4.432860314846038818e-01 4.358434379100799561e-01 3.760305047035217285e-01 1.913204193115234375e-01 9.551716968417167664e-03 8.411694318056106567e-02 -3.564035147428512573e-02 1.923474371433258057e-01 2.275859117507934570e-01 2.333641201257705688e-01 6.601849198341369629e-02 8.068682998418807983e-02 1.233283616602420807e-02 1.508465260267257690e-01 1.489620562642812729e-02 1.362967640161514282e-01 -3.098224848508834839e-02 -7.308211177587509155e-02 -3.028261475265026093e-02 1.094395741820335388e-01 1.235031485557556152e-01 9.067996591329574585e-02 1.555593013763427734e-01 -7.751416414976119995e-02 4.519779607653617859e-02 1.051967404782772064e-02 6.599488854408264160e-02 2.127991318702697754e-01 -1.339311897754669189e-02 -5.855822190642356873e-02 1.190282180905342102e-01 -9.226392209529876709e-02 7.454773783683776855e-02 7.705879956483840942e-02 1.885555088520050049e-01 6.438341736793518066e-02 2.552787959575653076e-01 1.624331772327423096e-01 1.575333476066589355e-01 4.076611697673797607e-01 2.311923652887344360e-01 2.473903000354766846e-01 1.966620236635208130e-01 8.238979429006576538e-02 7.249237596988677979e-02 1.319023370742797852e-01 7.339144498109817505e-02 6.427896767854690552e-02 1.502825319766998291e-01 7.276953011751174927e-02 1.389283314347267151e-02 7.423868775367736816e-02 8.387154340744018555e-02 4.768345504999160767e-02 1.685873866081237793e-01 1.559573560953140259e-01 7.277037948369979858e-02 9.788899868726730347e-02 1.024657115340232849e-01
6.749568581581115723e-01 1.000000000000000000e+00 5.381190776824951172e-01 4.177297353744506836e-01 2.779416143894195557e-01 1.667037010192871094e-01 2.441783994436264038e-01 -7.472240179777145386e-02 4.307037219405174255e-02 2.082154154777526855e-02 -8.027295581996440887e-03 2.355183288455009460e-02 3.104995191097259521e-01 2.866856157779693604e-01 1.058955565094947815e-01 1.675373166799545288e-01 3.876380324363708496e-01 3.499576747417449951e-01 2.602561116218566895e-01 1.022408381104469299e-01 1.524113863706588745e-01 8.760873973369598389e-02 2.880071997642517090e-01 1.611396521329879761e-01 2.346685379743576050e-01 2.633534967899322510e-01 1.245215460658073425e-01 2.399899661540985107e-01 9.649873524904251099e-02 2.210358977317810059e-01 1.530488282442092896e-01 2.252899110317230225e-02 2.558933496475219727e-01 1.028676331043243408e-01 1.234173253178596497e-01 4.661337137222290039e-01 4.225869476795196533e-01 3.628149628639221191e-01 2.165757119655609131e-01 3.355248644948005676e-02 1.399767119437456131e-02 -3.957803547382354736e-02 2.007846832275390625e-01 2.280226051807403564e-01 2.236832082271575928e-01 7.962851971387863159e-02 4.276636615395545959e-02 1.207672059535980225e-02 1.437341421842575073e-01 2.512692660093307495e-02 1.768633574247360229e-01 -4.745570942759513855e-02 -4.759992007166147232e-03 -4.013060405850410461e-02 1.070514321327209473e-01 1.527164131402969360e-01 1.024962514638900757e-01 1.815705448389053345e-01 -5.212311074137687683e-02 4.464934021234512329e-02 -6.723560392856597900e-03 7.740077376365661621e-02 2.367871254682540894e-01 -2.082537114620208740e-02 -5.475013330578804016e-02 1.556007266044616699e-01 -8.463937044143676758e-02 7.584132999181747437e-02 7.222346961498260498e-02 1.916998177766799927e-01 8.798968791961669922e-02 2.827183306217193604e-01 1.565275639295578003e-01 2.130603194236755371e-01 5.156440734863281250e-01 2.526727318763732910e-01 2.715526521205902100e-01 2.165577262639999390e-01 7.445912808179855347e-02 7.589077204465866089e-02 1.145804598927497864e-01 1.164113059639930725e-01 7.694037258625030518e-02 1.395895779132843018e-01 6.545473635196685791e-02 4.135236609727144241e-03 7.465438544750213623e-02 6.754388660192489624e-02 4.229384660720825195e-02 1.657841205596923828e-01 1.499448269605636597e-01 7.274108380079269409e-02 9.868942201137542725e-02 9.865644574165344238e-02
5.363495945930480957e-01 5.381190776824951172e-01 1.000000000000000000e+00 3.229258060455322266e-01 1.997807919979095459e-01 1.749439537525177002e-01 1.479114443063735962e-01 -5.030989274382591248e-02 7.942954450845718384e-02 2.998326905071735382e-02 -1.110891811549663544e-03 -2.525782026350498199e-02 1.679880619049072266e-01 1.873905211687088013e-01 1.137391552329063416e-01 1.844109892845153809e-01 2.840592265129089355e-01 3.281553387641906738e-01 2.312609702348709106e-01 1.118143349885940552e-01 1.206959411501884460e-01 6.927777081727981567e-02 2.221110314130783081e-01 8.401670306921005249e-02 1.937276870012283325e-01 1.782174110412597656e-01 9.392959624528884888e-02 1.785491406917572021e-01 2.991300262510776520e-02 1.065535545349121094e-01 1.188045963644981384e-01 -9.891736321151256561e-03 1.629474312067031860e-01 9.831567108631134033e-02 1.169145405292510986e-01 3.581992089748382568e-01 3.119300901889801025e-01 2.759599685668945312e-01 1.476844698190689087e-01 -5.545236635953187943e-03 -5.461630597710609436e-02 -4.375685006380081177e-02 9.128868579864501953e-02 1.403180807828903198e-01 1.934549659490585327e-01 1.016845479607582092e-01 7.065287977457046509e-02 -1.133521553128957748e-02 1.263420283794403076e-01 6.691739894449710846e-03 1.286308020353317261e-01 -3.889184072613716125e-02 -4.847576096653938293e-02 -5.220504105091094971e-02 5.860539898276329041e-02 8.769500069320201874e-03 4.092595726251602173e-02 1.522493064403533936e-01 -5.225473642349243164e-02 8.289083093404769897e-02 -8.331730961799621582e-03 3.506954759359359741e-02 1.933629959821701050e-01 -1.142650246620178223e-01 -9.571019560098648071e-02 6.415446847677230835e-02 -1.088535785675048828e-01 1.100663840770721436e-01 6.814905256032943726e-02 8.261700719594955444e-02 3.982144221663475037e-02 2.040059268474578857e-01 1.284676939249038696e-01 7.490627467632293701e-02 3.175521194934844971e-01 1.531141847372055054e-01 2.102620452642440796e-01 1.236071586608886719e-01 6.942034512758255005e-02 4.455997422337532043e-02 9.888766705989837646e-02 4.996269196271896362e-02 4.957915097475051880e-02 1.099223420023918152e-01 6.120611354708671570e-02 -1.198788266628980637e-02 6.149482354521751404e-02 5.146296322345733643e-02 2.618279121816158295e-02 1.566176563501358032e-01 1.114738360047340393e-01 6.423016637563705444e-02 8.560094237327575684e-02 8.585641533136367798e-02
4.702486395835876465e-01 4.177297353744506836e-01 3.229258060455322266e-01 1.000000000000000000e+00 1.829327046871185303e-01 3.285621702671051025e-01 1.423247456550598145e-01 9.000346809625625610e-02 1.778881996870040894e-01 5.960200726985931396e-02 9.034743905067443848e-02 -3.317484632134437561e-03 2.183041274547576904e-01 1.348934322595596313e-01 8.968494087457656860e-02 1.091078445315361023e-01 4.125326871871948242e-01 1.519616097211837769e-01 1.500745713710784912e-01 1.892262548208236694e-01 1.465245336294174194e-01 1.459694504737854004e-01 1.242638230323791504e-01 1.460183411836624146e-01 7.793298363685607910e-02 1.606184989213943481e-01 5.013109371066093445e-02 2.309730201959609985e-01 1.125845387578010559e-01 1.097435429692268372e-01 1.357968337833881378e-02 -1.422074437141418457e-02 8.660835027694702148e-02 6.763374060392379761e-02 1.293585151433944702e-01 2.546176016330718994e-01 3.695799410343170166e-01 3.089298009872436523e-01 1.330844908952713013e-01 3.333345428109169006e-02 1.410772185772657394e-02 -2.704422734677791595e-02 2.609843909740447998e-01 1.587526947259902954e-01 1.243369355797767639e-01 2.686245553195476532e-02 3.299267590045928955e-02 -9.799776598811149597e-03 1.532674431800842285e-01 3.614256158471107483e-03 6.821535527706146240e-02 3.249059244990348816e-02 -9.002097696065902710e-02 -1.475778967142105103e-02 7.962834835052490234e-02 1.107543334364891052e-01 5.844451859593391418e-02 9.549970924854278564e-02 -1.222733780741691589e-01 -1.923807710409164429e-02 3.053296543657779694e-02 -2.367685176432132721e-02 6.802503764629364014e-02 -3.713452443480491638e-02 -3.931799530982971191e-02 2.859040535986423492e-02 -1.460680365562438965e-01 2.769403159618377686e-02 1.540323439985513687e-02 2.082599513232707977e-02 -3.260307246819138527e-03 8.482266962528228760e-02 3.613559156656265259e-02 5.201607197523117065e-02 1.247789338231086731e-01 1.405766755342483521e-01 1.399850845336914062e-01 -4.409510642290115356e-03 6.242310255765914917e-02 -5.705840885639190674e-03 6.437590718269348145e-02 -3.795978799462318420e-02 7.235502824187278748e-03 4.522883519530296326e-02 4.269311577081680298e-02 1.768632791936397552e-02 6.172993406653404236e-02 4.699953272938728333e-02 6.244405731558799744e-02 3.688770905137062073e-02 8.875428140163421631e-02 4.153329879045486450e-02 4.808779433369636536e-02 4.917783290147781372e-02
2.722398340702056885e-01 2.779416143894195557e-01 1.997807919979095459e-01 1.829327046871185303e-01 1.000000000000000000e+00 1.410769075155258179e-01 1.423408240079879761e-01 -1.278391946107149124e-02 6.767867505550384521e-02 2.870259433984756470e-02 3.438778221607208252e-02 2.257088385522365570e-02 1.226943582296371460e-01 2.022739797830581665e-01 1.165498569607734680e-01 6.859819591045379639e-02 1.709116995334625244e-01 2.150392532348632812e-01 1.400675773620605469e-01 8.193725347518920898e-02 8.732588589191436768e-02 4.133762419223785400e-02 2.157011032104492188e-01 3.196232765913009644e-02 1.107333004474639893e-01 1.598745435476303101e-01 6.394760310649871826e-02 8.290844410657882690e-02 1.524684857577085495e-02 6.458468735218048096e-02 3.968003019690513611e-02 3.651216626167297363e-02 2.290992289781570435e-01 -1.707880408503115177e-03 6.625128537416458130e-02 2.545922994613647461e-01 1.690285652875900269e-01 1.414891183376312256e-01 1.320378929376602173e-01 7.111402601003646851e-02 4.056606441736221313e-02 -2.818201296031475067e-02 5.941263958811759949e-02 1.271852105855941772e-01 1.147189736366271973e-01 7.184187322854995728e-02 3.872586786746978760e-02 2.517991885542869568e-02 4.022431001067161560e-02 4.116769507527351379e-02 8.553102612495422363e-02 6.426713895052671432e-03 -1.247650478035211563e-02 2.708592452108860016e-02 3.193996474146842957e-02 3.682052716612815857e-02 1.277363300323486328e-01 7.803952693939208984e-02 -3.117236867547035217e-02 2.113054506480693817e-02 2.602684311568737030e-02 5.130694434046745300e-02 1.418693065643310547e-01 -2.664326317608356476e-02 -3.248007735237479210e-03 4.512210935354232788e-02 -4.769446700811386108e-02 5.946157872676849365e-02 4.474096745252609253e-02 3.728013113141059875e-02 5.226728320121765137e-02 1.478604227304458618e-01 1.019271910190582275e-01 8.552355319261550903e-02 2.406641989946365356e-01 9.835643321275711060e-02 1.306423246860504150e-01 4.662461206316947937e-02 9.018155932426452637e-02 4.887839406728744507e-02 8.421137928962707520e-02 1.649406179785728455e-02 1.950089260935783386e-02 9.446897357702255249e-02 5.662342905998229980e-02 5.585383623838424683e-02 6.231283769011497498e-02 3.052027523517608643e-02 2.516810409724712372e-02 1.442404836416244507e-01 8.921731263399124146e-02 7.678318768739700317e-02 7.100932300090789795e-02 7.274287939071655273e-02
1.632860004901885986e-01 1.667037010192871094e-01 1.749439537525177002e-01 3.285621702671051025e-01 1.410769075155258179e-01 1.000000000000000000e+00 1.917408555746078491e-01 4.529219269752502441e-01 5.454884171485900879e-01 7.522965222597122192e-02 1.541670709848403931e-01 1.146570667624473572e-01 1.982997655868530273e-01 7.782457023859024048e-02 2.554382197558879852e-02 1.199014112353324890e-01 1.525043398141860962e-01 1.058428958058357239e-01 9.778077900409698486e-02 2.001176476478576660e-01 1.386263817548751831e-01 3.915291428565979004e-01 9.038395434617996216e-02 1.089489907026290894e-01 4.852447658777236938e-02 6.065956875681877136e-02 7.868299633264541626e-02 7.366743683815002441e-02 6.208983436226844788e-02 5.056784301996231079e-02 7.234726846218109131e-02 -1.652640849351882935e-02 4.881945904344320297e-03 2.404448762536048889e-02 5.847161082783713937e-05 8.493374288082122803e-02 5.848627910017967224e-02 1.336185187101364136e-01 9.638531133532524109e-03 -4.054970294237136841e-02 -1.256607938557863235e-02 -2.061825059354305267e-02 5.931061133742332458e-02 -2.341485768556594849e-02 1.825084351003170013e-02 -4.146854626014828682e-04 2.679515257477760315e-02 -3.568984940648078918e-02 9.435521811246871948e-02 -1.040781941264867783e-02 5.889438092708587646e-02 -4.779389128088951111e-02 -1.686472818255424500e-02 -3.389539197087287903e-02 2.067075669765472412e-02 -3.705804795026779175e-02 1.880485191941261292e-02 3.565035760402679443e-02 -3.575614839792251587e-02 -1.253030728548765182e-02 -4.735324904322624207e-02 -2.419168315827846527e-02 3.589900210499763489e-02 -5.423445254564285278e-02 -4.859640821814537048e-02 -7.869835011661052704e-03 -3.657279163599014282e-02 1.043343450874090195e-02 9.531528688967227936e-03 6.403627991676330566e-02 -2.790721692144870758e-02 5.262297019362449646e-02 -3.782158344984054565e-02 1.753106713294982910e-02 6.880404055118560791e-02 7.330435514450073242e-02 4.087921231985092163e-02 -1.192806055769324303e-03 1.974222715944051743e-03 -2.243253868073225021e-03 1.285819895565509796e-02 3.576786443591117859e-02 -3.841576399281620979e-04 2.609327621757984161e-02 -3.947848454117774963e-03 1.220040023326873779e-02 2.398532629013061523e-02 2.240892313420772552e-02 2.150446176528930664e-02 1.307037565857172012e-02 2.017539925873279572e-02 1.098801661282777786e-02 1.219605002552270889e-02 1.123829558491706848e-02
1.801497340202331543e-01 2.441783994436264038e-01 1.479114443063735962e-01 1.423247456550598145e-01 1.423408240079879761e-01 1.917408555746078491e-01 1.000000000000000000e+00 4.374587163329124451e-02 1.787375658750534058e-01 1.000801026821136475e-01 6.705544143915176392e-02 2.463019490242004395e-01 1.739994436502456665e-01 2.301407754421234131e-01 6.835359334945678711e-02 1.104777082800865173e-01 1.802346855401992798e-01 1.303209364414215088e-01 4.480689764022827148e-02 6.744331866502761841e-02 9.497670829296112061e-02 9.528627246618270874e-02 8.160503208637237549e-02 8.246181160211563110e-02 9.722449630498886108e-02 1.302278190851211548e-01 1.133757904171943665e-01 1.180786862969398499e-01 4.379770159721374512e-02 1.154305562376976013e-01 9.039519727230072021e-02 7.334206253290176392e-02 1.087520197033882141e-01 6.015703082084655762e-02 7.657786458730697632e-02 1.956690996885299683e-01 1.671616584062576294e-01 1.724319458007812500e-01 1.183478981256484985e-01 6.167891249060630798e-02 2.735923416912555695e-02 -2.353531122207641602e-02 1.043674796819686890e-01 7.691549509763717651e-02 9.981617331504821777e-02 2.667103335261344910e-02 6.473992764949798584e-02 7.655103504657745361e-02 1.021175011992454529e-01 3.870387375354766846e-02 7.253912836313247681e-02 -1.974887214601039886e-02 4.444289021193981171e-03 2.364084683358669281e-02 2.784815616905689240e-02 9.945478290319442749e-02 1.319947838783264160e-01 7.864371687173843384e-02 1.557185053825378418e-01 2.862501703202724457e-02 1.037543043494224548e-01 6.084512919187545776e-02 9.088090807199478149e-02 3.139050677418708801e-02 2.958531863987445831e-02 6.425848603248596191e-02 2.773126773536205292e-02 6.972057372331619263e-02 5.353048071265220642e-02 1.537089943885803223e-01 6.252451986074447632e-02 1.506707072257995605e-01 4.873898252844810486e-02 1.629984378814697266e-01 2.530576884746551514e-01 1.547285765409469604e-01 1.842408031225204468e-01 1.014239490032196045e-01 9.844755381345748901e-02 3.373697772622108459e-02 9.993430227041244507e-02 9.251651912927627563e-02 1.018484532833099365e-01 1.235871613025665283e-01 9.541796892881393433e-02 6.207389384508132935e-02 8.394058048725128174e-02 1.833907961845397949e-01 1.659874171018600464e-01 1.363078951835632324e-01 1.898720711469650269e-01 7.799496501684188843e-02 8.231723308563232422e-02 7.817494869232177734e-02
-4.440567269921302795e-02 -7.472240179777145386e-02 -5.030989274382591248e-02 9.000346809625625610e-02 -1.278391946107149124e-02 4.529219269752502441e-01 4.374587163329124451e-02 1.000000000000000000e+00 3.094137012958526611e-01 1.016594320535659790e-01 3.422793149948120117e-01 1.844124794006347656e-01 2.811370976269245148e-02 1.634572073817253113e-02 1.308176219463348389e-01 2.604060061275959015e-02 -3.107717819511890411e-02 -1.296139322221279144e-02 1.312179397791624069e-02 4.581796377897262573e-02 3.338745236396789551e-02 1.889772266149520874e-01 -2.856384217739105225e-02 -5.141150578856468201e-02 -1.642363704741001129e-02 -3.330513462424278259e-02 4.107210785150527954e-02 -6.601652503013610840e-02 1.953658880665898323e-03 -3.052773140370845795e-02 -7.078383862972259521e-02 3.894590586423873901e-02 -4.972000047564506531e-02 -8.062653243541717529e-02 -8.050058782100677490e-02 -8.132401108741760254e-02 -6.376290321350097656e-02 -9.273254871368408203e-02 -1.181678473949432373e-02 1.004045270383358002e-02 -4.087743908166885376e-02 -3.331103548407554626e-02 -8.897842466831207275e-02 -1.168042793869972229e-01 -3.951917961239814758e-02 -5.726842209696769714e-02 2.140618413686752319e-01 1.312516182661056519e-01 -4.152316972613334656e-02 1.465893909335136414e-02 -3.255973104387521744e-03 3.075248897075653076e-01 1.438125520944595337e-01 1.178755462169647217e-01 4.022334516048431396e-02 -1.426833868026733398e-01 -3.111386206001043320e-03 6.778533570468425751e-03 -1.151139959692955017e-01 8.274394087493419647e-03 1.876713335514068604e-02 -4.405580833554267883e-02 -6.337676197290420532e-03 -6.843326240777969360e-02 -8.030647784471511841e-02 -3.998498246073722839e-02 2.243996560573577881e-01 -4.484189674258232117e-02 -5.908114835619926453e-02 -7.722167670726776123e-02 -3.667676821351051331e-02 -5.384430661797523499e-02 -6.594222038984298706e-02 9.814969450235366821e-02 -1.251093298196792603e-01 -5.884250625967979431e-02 -1.007659137248992920e-01 -1.310897767543792725e-01 5.183238163590431213e-02 -4.429592285305261612e-03 -2.159439399838447571e-02 -9.688047319650650024e-02 -7.070686668157577515e-02 -2.379612997174263000e-03 -7.248383760452270508e-02 -1.901836507022380829e-02 -1.882931888103485107e-01 -1.655707806348800659e-01 -1.403266191482543945e-01 -5.199539288878440857e-02 -1.306407600641250610e-01 -1.628943718969821930e-02 -1.872159726917743683e-02 -1.596705988049507141e-02
5.520161986351013184e-02 4.307037219405174255e-02 7.942954450845718384e-02 1.778881996870040894e-01 6.767867505550384521e-02 5.454884171485900879e-01 1.787375658750534058e-01 3.094137012958526611e-01 1.000000000000000000e+00 6.913230568170547485e-02 1.147829145193099976e-01 1.388808488845825195e-01 6.211422011256217957e-02 2.948458492755889893e-02 -3.448985889554023743e-02 3.701413981616497040e-03 9.699561446905136108e-02 3.417389094829559326e-02 2.962936088442802429e-02 1.047380864620208740e-01 2.945970371365547180e-02 2.194419056177139282e-01 6.262484937906265259e-02 -2.014381624758243561e-02 1.867666840553283691e-02 4.437873605638742447e-03 1.516673993319272995e-02 5.986515898257493973e-03 -8.405561558902263641e-03 -3.323902562260627747e-02 2.895596250891685486e-02 -2.121765352785587311e-02 1.041271607391536236e-03 -6.710071116685867310e-02 2.246931195259094238e-02 1.711497455835342407e-02 -1.167342532426118851e-02 -1.548247877508401871e-02 -1.975213177502155304e-02 -5.146146193146705627e-02 -2.141396142542362213e-02 2.274874364957213402e-03 -6.322943419218063354e-02 -7.030332460999488831e-03 3.192754462361335754e-02 -5.671685561537742615e-03 -1.068917941302061081e-02 -5.452882964164018631e-03 5.068632215261459351e-02 1.086726551875472069e-03 -1.798372529447078705e-02 -3.240505605936050415e-02 -6.259880959987640381e-02 -4.110557213425636292e-02 -3.803230449557304382e-02 -1.116813272237777710e-01 2.691189944744110107e-02 -6.136276945471763611e-02 4.979155957698822021e-02 5.918364040553569794e-04 2.212534472346305847e-02 -1.740788295865058899e-02 -1.131571643054485321e-02 -6.633057445287704468e-02 1.830420829355716705e-02 -3.466795757412910461e-02 5.873490869998931885e-02 2.659242413938045502e-02 6.709928624331951141e-03 -2.813506126403808594e-02 -1.121387351304292679e-02 1.690536038950085640e-03 -3.206012398004531860e-02 -4.318222776055335999e-02 2.546607516705989838e-03 2.517387270927429199e-02 4.590913280844688416e-02 -3.728673979640007019e-02 4.783908836543560028e-03 -7.894064299762248993e-03 -1.611767709255218506e-02 -2.680278196930885315e-02 8.242763578891754150e-03 2.630568668246269226e-02 1.052377652376890182e-02 1.350304111838340759e-02 2.660702727735042572e-02 1.210573967546224594e-02 2.047704346477985382e-02 1.506866142153739929e-02 1.762742921710014343e-02 1.462772767990827560e-02 1.219934970140457153e-02 1.440061256289482117e-02
4.255004227161407471e-02 2.082154154777526855e-02 2.998326905071735382e-02 5.960200726985931396e-02 2.870259433984756470e-02 7.522965222597122192e-02 1.000801026821136475e-01 1.016594320535659790e-01 6.913230568170547485e-02 1.000000000000000000e+00 3.449058234691619873e-01 5.477915331721305847e-02 6.004215776920318604e-02 3.764861449599266052e-02 1.236948594450950623e-01 3.928242623805999756e-02 1.574219949543476105e-02 2.644723840057849884e-02 3.946743905544281006e-02 6.586759537458419800e-02 7.712133973836898804e-02 4.709591716527938843e-02 1.099955663084983826e-01 4.425652325153350830e-02 4.928307607769966125e-02 7.304202765226364136e-02 5.448995158076286316e-02 1.645457372069358826e-02 2.735135890543460846e-02 2.724319882690906525e-02 3.661188855767250061e-02 3.270488604903221130e-02 2.586919255554676056e-02 2.719688601791858673e-02 2.353336475789546967e-02 3.213104605674743652e-02 4.685788974165916443e-02 3.405712917447090149e-02 3.592249378561973572e-02 2.836432680487632751e-02 7.083138823509216309e-02 -7.777198683470487595e-03 5.568883568048477173e-02 7.567807286977767944e-02 3.697855630889534950e-03 4.146230220794677734e-02 1.558520644903182983e-01 1.952795088291168213e-01 3.163293376564979553e-02 5.082632601261138916e-02 1.894117146730422974e-02 2.873582541942596436e-01 1.231054663658142090e-01 2.343513630330562592e-02 4.326731711626052856e-02 5.124668776988983154e-02 7.863827049732208252e-02 7.427746802568435669e-02 7.505532354116439819e-02 7.208478450775146484e-02 1.907561272382736206e-01 4.822400957345962524e-02 6.815976649522781372e-02 3.362200036644935608e-02 6.062191724777221680e-02 5.923750251531600952e-02 7.622961699962615967e-02 1.635799556970596313e-02 6.840337067842483521e-02 6.018144264817237854e-02 5.080987140536308289e-02 2.289655990898609161e-02 8.058934658765792847e-02 8.147404342889785767e-02 -1.372782746329903603e-03 5.687611922621726990e-02 1.030405238270759583e-01 1.225705631077289581e-02 1.627660095691680908e-01 5.415720492601394653e-02 1.272894442081451416e-01 3.890610858798027039e-02 6.606607139110565186e-02 7.229372859001159668e-02 4.318051412701606750e-02 6.891684979200363159e-02 1.140844915062189102e-02 1.125141754746437073e-01 7.511423528194427490e-02 7.970888167619705200e-02 1.073295995593070984e-01 5.863349512219429016e-02 5.812326446175575256e-02 5.764997750520706177e-02
1.156364567577838898e-02 -8.027295581996440887e-03 -1.110891811549663544e-03 9.034743905067443848e-02 3.438778221607208252e-02 1.541670709848403931e-01 6.705544143915176392e-02 3.422793149948120117e-01 1.147829145193099976e-01 3.449058234691619873e-01 1.000000000000000000e+00 2.030273526906967163e-01 -2.459071390330791473e-02 1.087282821536064148e-01 1.170545965433120728e-01 -3.052958846092224121e-02 1.457797586917877197e-01 5.732886120676994324e-02 8.681432157754898071e-02 4.163157939910888672e-02 -4.148849472403526306e-02 9.192340075969696045e-02 1.194907501339912415e-01 -4.452007636427879333e-02 8.081058412790298462e-02 3.079933859407901764e-02 -4.285564273595809937e-02 -4.887711256742477417e-02 -4.703125730156898499e-02 -3.776420280337333679e-02 -1.184434667229652405e-01 -3.954897110816091299e-04 4.896812140941619873e-02 -9.474381804466247559e-02 -5.146738607436418533e-03 -7.915470050647854805e-04 -1.441252767108380795e-03 -8.771032840013504028e-02 -6.248228717595338821e-03 -4.780166223645210266e-02 -4.171487689018249512e-02 1.772467792034149170e-02 -1.307367384433746338e-01 6.742748618125915527e-02 9.440179169178009033e-02 -1.239464618265628815e-02 5.938670039176940918e-01 1.818293780088424683e-01 -2.972961403429508209e-02 2.204739488661289215e-02 -2.235508710145950317e-02 6.967501640319824219e-01 9.531345963478088379e-02 6.260314583778381348e-02 2.926760353147983551e-02 -1.287320107221603394e-01 -1.374027109704911709e-03 5.104374140501022339e-02 -1.120701730251312256e-01 1.058588773012161255e-01 1.661736369132995605e-01 -2.329654293134808540e-03 2.045281231403350830e-02 -4.474839940667152405e-02 4.652858525514602661e-02 1.051343046128749847e-02 4.615508392453193665e-02 -2.687541022896766663e-02 -2.624013461172580719e-02 -6.306540966033935547e-02 2.344739995896816254e-02 -1.081871800124645233e-02 5.358763039112091064e-02 2.655234187841415405e-02 -7.587721571326255798e-03 -7.598786614835262299e-03 1.525439228862524033e-02 -9.368195384740829468e-02 1.125658974051475525e-01 1.639565266668796539e-02 9.006140381097793579e-02 -5.876320227980613708e-02 -2.669979259371757507e-02 2.114573959261178970e-03 4.152311943471431732e-03 -7.107965182512998581e-03 -9.862704575061798096e-02 -2.987971156835556030e-02 -4.998619481921195984e-02 -2.089168876409530640e-02 2.204427495598793030e-03 1.304358709603548050e-02 1.286571193486452103e-02 1.344290841370820999e-02
-1.546442694962024689e-02 2.355183288455009460e-02 -2.525782026350498199e-02 -3.317484632134437561e-03 2.257088385522365570e-02 1.146570667624473572e-01 2.463019490242004395e-01 1.844124794006347656e-01 1.388808488845825195e-01 5.477915331721305847e-02 2.030273526906967163e-01 1.000000000000000000e+00 5.395095795392990112e-02 1.000562533736228943e-01 1.806600950658321381e-02 -1.286724396049976349e-02 -2.903949283063411713e-02 -1.105497241951525211e-03 4.254850093275308609e-03 1.892055757343769073e-02 9.895450435578823090e-03 7.662252336740493774e-02 -3.560750279575586319e-03 -1.539200078696012497e-03 1.853009499609470367e-02 1.955520920455455780e-02 2.831080928444862366e-02 -1.210889685899019241e-02 4.042188811581581831e-04 -1.233776379376649857e-02 -5.938836932182312012e-02 9.192164242267608643e-02 6.101949140429496765e-03 -3.545534238219261169e-02 -1.519326469860970974e-03 4.308761283755302429e-02 4.365676548331975937e-03 -4.150383174419403076e-02 3.896904364228248596e-02 6.263746321201324463e-02 -3.213898092508316040e-02 2.531016431748867035e-02 -6.055771559476852417e-02 -4.352430254220962524e-02 -1.169301755726337433e-02 -1.334418728947639465e-02 6.558456271886825562e-02 1.122683435678482056e-01 -9.211360476911067963e-03 2.745677717030048370e-02 -2.710697613656520844e-02 1.270504146814346313e-01 1.788781210780143738e-02 8.422966115176677704e-03 -2.774275839328765869e-03 -7.346002012491226196e-02 4.745179042220115662e-02 -5.292056594043970108e-03 5.728323012590408325e-02 1.253586448729038239e-02 5.754831060767173767e-02 1.282144617289304733e-02 1.224002055823802948e-02 -3.480482101440429688e-02 7.679377496242523193e-02 3.479906590655446053e-03 8.548101037740707397e-02 2.097632363438606262e-02 -4.475751426070928574e-03 -2.665768377482891083e-02 -1.771896961145102978e-03 2.241257764399051666e-02 -2.263517491519451141e-02 1.193502545356750488e-02 -3.703020629473030567e-04 8.029963937588036060e-04 3.076168894767761230e-02 -8.778214454650878906e-02 4.702427238225936890e-02 4.468711849767714739e-04 1.368601061403751373e-02 -3.035954013466835022e-02 6.301636807620525360e-03 4.444409906864166260e-02 3.448642045259475708e-02 3.069938533008098602e-02 -1.460802089422941208e-02 6.056628003716468811e-02 7.011338323354721069e-02 5.146211013197898865e-02 8.065198361873626709e-02 4.420552030205726624e-02 3.637219220399856567e-02 3.588576987385749817e-02
2.661979496479034424e-01 3.104995191097259521e-01 1.679880619049072266e-01 2.183041274547576904e-01 1.226943582296371460e-01 1.982997655868530273e-01 1.739994436502456665e-01 2.811370976269245148e-02 6.211422011256217957e-02 6.004215776920318604e-02 -2.459071390330791473e-02 5.395095795392990112e-02 1.000000000000000000e+00 1.574020236730575562e-01 8.514202386140823364e-02 7.301142811775207520e-02 2.353177964687347412e-01 1.246281415224075317e-01 1.445187628269195557e-01 1.374379247426986694e-01 2.029456049203872681e-01 1.349314451217651367e-01 1.257670819759368896e-01 2.220689207315444946e-01 1.138791218400001526e-01 1.904785335063934326e-01 1.048094704747200012e-01 2.397663742303848267e-01 1.843411177396774292e-01 2.308104336261749268e-01 9.755467623472213745e-02 5.355488136410713196e-02 6.971131265163421631e-02 9.455993026494979858e-02 6.677129119634628296e-02 2.281513810157775879e-01 2.969546318054199219e-01 2.829138338565826416e-01 1.005310639739036560e-01 5.810746178030967712e-02 7.130172103643417358e-02 -3.086475469172000885e-02 2.557136118412017822e-01 9.149331599473953247e-02 8.682366460561752319e-02 1.007609665393829346e-01 -4.429567232728004456e-02 1.217247825115919113e-02 9.939877688884735107e-02 5.017013475298881531e-02 8.774286508560180664e-02 -7.100015878677368164e-02 3.057136386632919312e-02 1.647860184311866760e-02 1.092122867703437805e-01 2.899353206157684326e-01 6.521657109260559082e-02 1.208990067243576050e-01 -1.877025701105594635e-02 3.163109719753265381e-02 -9.598906151950359344e-03 4.692726209759712219e-02 8.657331019639968872e-02 9.293762594461441040e-02 -8.997472003102302551e-03 1.167281270027160645e-01 2.309985458850860596e-03 5.453351512551307678e-02 4.647637531161308289e-02 1.507028788328170776e-01 4.943782463669776917e-02 1.123467534780502319e-01 6.991963833570480347e-02 1.868661344051361084e-01 1.961076110601425171e-01 1.611800342798233032e-01 1.378124952316284180e-01 2.276794314384460449e-01 5.520198121666908264e-02 5.078936740756034851e-02 8.130777627229690552e-02 1.385491341352462769e-01 1.221553534269332886e-01 9.208536893129348755e-02 4.800436273217201233e-02 5.177326127886772156e-02 8.785732090473175049e-02 9.996789693832397461e-02 1.014446541666984558e-01 5.528797209262847900e-02 8.564926683902740479e-02 6.554853916168212891e-02 6.234235316514968872e-02 5.936375260353088379e-02
2.181769609451293945e-01 2.866856157779693604e-01 1.873905211687088013e-01 1.348934322595596313e-01 2.022739797830581665e-01 7.782457023859024048e-02 2.301407754421234131e-01 1.634572073817253113e-02 2.948458492755889893e-02 3.764861449599266052e-02 1.087282821536064148e-01 1.000562533736228943e-01 1.574020236730575562e-01 1.000000000000000000e+00 1.360343247652053833e-01 1.353951394557952881e-01 2.026816457509994507e-01 2.197915017604827881e-01 1.508853584527969360e-01 5.919552966952323914e-02 9.473362565040588379e-02 5.924484133720397949e-02 1.659811884164810181e-01 8.520194888114929199e-02 1.676447838544845581e-01 1.249689459800720215e-01 5.845002830028533936e-02 1.124257147312164307e-01 1.333718374371528625e-02 1.546013802289962769e-01 6.725964695215225220e-02 5.508728325366973877e-02 1.398619264364242554e-01 2.472673915326595306e-02 6.295561045408248901e-02 2.425614893436431885e-01 1.807952970266342163e-01 1.643665283918380737e-01 1.549442261457443237e-01 3.405760973691940308e-02 1.930930465459823608e-02 -3.240689635276794434e-03 5.073737353086471558e-02 1.273256838321685791e-01 1.073921397328376770e-01 4.082351177930831909e-02 8.202753961086273193e-02 6.709302961826324463e-02 6.318969279527664185e-02 5.455752462148666382e-02 8.675396442413330078e-02 5.566299334168434143e-02 2.552537806332111359e-02 3.314857184886932373e-02 4.728959873318672180e-02 8.571737259626388550e-02 4.491563513875007629e-02 6.987105309963226318e-02 -3.164664376527070999e-03 3.397092223167419434e-02 5.710304155945777893e-02 6.090261414647102356e-02 1.795736998319625854e-01 -1.178598031401634216e-02 1.241525635123252869e-02 5.973190814256668091e-02 -3.078977391123771667e-02 5.429236963391304016e-02 4.177792742848396301e-02 1.790020465850830078e-01 5.384212732315063477e-02 1.451959609985351562e-01 8.175843209028244019e-02 1.628392636775970459e-01 2.745153605937957764e-01 1.350316405296325684e-01 1.072455272078514099e-01 8.312442153692245483e-02 4.491496086120605469e-02 5.374731868505477905e-02 6.928959488868713379e-02 4.768727347254753113e-02 4.791285470128059387e-02 7.748708873987197876e-02 6.665369868278503418e-02 5.876724049448966980e-02 7.118986546993255615e-02 7.107532024383544922e-02 5.760219320654869080e-02 7.401578873395919800e-02 9.922906011343002319e-02 5.828843265771865845e-02 6.831283867359161377e-02 6.499380618333816528e-02
1.258210092782974243e-01 1.058955565094947815e-01 1.137391552329063416e-01 8.968494087457656860e-02 1.165498569607734680e-01 2.554382197558879852e-02 6.835359334945678711e-02 1.308176219463348389e-01 -3.448985889554023743e-02 1.236948594450950623e-01 1.170545965433120728e-01 1.806600950658321381e-02 8.514202386140823364e-02 1.360343247652053833e-01 1.000000000000000000e+00 1.202718392014503479e-01 1.042487099766731262e-01 1.392524838447570801e-01 1.343505531549453735e-01 5.062935873866081238e-02 1.001511663198471069e-01 3.246751800179481506e-02 8.197107166051864624e-02 4.179498180747032166e-02 1.007469967007637024e-01 9.542668610811233521e-02 7.027538120746612549e-02 8.637617528438568115e-02 -1.562196109443902969e-02 7.526921480894088745e-02 2.949280105531215668e-02 3.923382237553596497e-02 8.007133007049560547e-02 8.639139682054519653e-02 2.217990346252918243e-02 1.086955815553665161e-01 1.234466731548309326e-01 1.506596654653549194e-01 1.382620483636856079e-01 7.528496533632278442e-02 4.067365080118179321e-03 4.133278504014015198e-02 7.426904141902923584e-02 7.348716259002685547e-02 8.387287706136703491e-02 1.625219732522964478e-02 2.081394344568252563e-01 8.169643580913543701e-02 3.117777593433856964e-02 6.076821312308311462e-02 7.674205303192138672e-02 1.968821883201599121e-01 1.775447577238082886e-01 5.247155204415321350e-02 6.570745259523391724e-02 6.035587564110755920e-02 4.931613057851791382e-02 1.467344909906387329e-01 -1.393199525773525238e-02 4.967899620532989502e-02 5.014879256486892700e-02 7.851558178663253784e-02 1.585646122694015503e-01 -7.391043938696384430e-03 3.235949669033288956e-03 4.149343073368072510e-02 6.820447742938995361e-02 3.340571373701095581e-02 3.873809799551963806e-02 7.838595658540725708e-02 4.615270346403121948e-02 5.427048727869987488e-02 7.650841027498245239e-02 1.339916735887527466e-01 8.971548825502395630e-02 8.090058714151382446e-02 5.054985731840133667e-02 6.845337152481079102e-02 8.432557433843612671e-02 7.447055727243423462e-02 9.454342722892761230e-02 2.194453589618206024e-02 5.165591835975646973e-02 6.570941209793090820e-02 4.069929569959640503e-02 2.280691452324390411e-02 2.396668307483196259e-02 1.799909281544387341e-03 1.451874501071870327e-03 4.559878632426261902e-02 2.995703741908073425e-02 8.353829383850097656e-02 8.467389643192291260e-02 8.638440072536468506e-02
1.358887404203414917e-01 1.675373166799545288e-01 1.844109892845153809e-01 1.091078445315361023e-01 6.859819591045379639e-02 1.199014112353324890e-01 1.104777082800865173e-01 2.604060061275959015e-02 3.701413981616497040e-03 3.928242623805999756e-02 -3.052958846092224121e-02 -1.286724396049976349e-02 7.301142811775207520e-02 1.353951394557952881e-01 1.202718392014503479e-01 1.000000000000000000e+00 1.284366250038146973e-01 1.351555883884429932e-01 1.040748506784439087e-01 1.105645373463630676e-01 1.146502345800399780e-01 1.139835119247436523e-01 5.331977456808090210e-02 6.371983885765075684e-02 3.698540478944778442e-02 7.735410332679748535e-02 8.360697329044342041e-02 8.689673990011215210e-02 -7.382136769592761993e-03 6.605430692434310913e-02 9.735787659883499146e-02 2.174690738320350647e-02 4.475402086973190308e-02 6.854812800884246826e-02 4.780026525259017944e-02 1.026805862784385681e-01 9.684662520885467529e-02 1.823963671922683716e-01 4.649583250284194946e-02 1.524520199745893478e-02 3.913287818431854248e-02 -5.073134601116180420e-02 8.651173859834671021e-02 -3.855622839182615280e-03 5.430129542946815491e-02 3.005813248455524445e-02 2.438285760581493378e-02 2.406599931418895721e-03 9.597475826740264893e-02 3.896858915686607361e-02 8.646246790885925293e-02 -6.399936974048614502e-02 3.171043470501899719e-02 4.515109956264495850e-02 1.281475834548473358e-02 3.373342379927635193e-02 3.922950476408004761e-02 2.312917448580265045e-02 2.220362797379493713e-02 -1.160734985023736954e-02 -1.022396516054868698e-02 1.298771984875202179e-02 7.607667148113250732e-02 -7.128783315420150757e-02 -8.572272211313247681e-02 1.872444874607026577e-03 -4.351369291543960571e-02 3.874513879418373108e-02 5.263733863830566406e-02 7.049146294593811035e-02 3.310493775643408298e-04 8.078335970640182495e-02 1.103396713733673096e-02 7.688926160335540771e-02 1.259981840848922729e-01 1.042264252901077271e-01 7.953178137540817261e-02 8.907723426818847656e-02 2.915426902472972870e-02 3.301201760768890381e-02 3.727511316537857056e-02 8.360204845666885376e-02 4.345842450857162476e-02 5.018515139818191528e-02 8.610483258962631226e-02 3.890190273523330688e-02 1.313887834548950195e-01 8.974083513021469116e-02 6.685101985931396484e-02 3.821871057152748108e-02 8.056546747684478760e-02 7.056038826704025269e-02 5.371273308992385864e-02 5.754052102565765381e-02
