1.000000000000000000e+00 2.581011056900024414e-01 -8.561587333679199219e-02 9.429290145635604858e-02 -5.402246490120887756e-02 -2.606510184705257416e-02 -5.736591294407844543e-02 1.140915751457214355e-01 -4.869934916496276855e-02 7.011644076555967331e-03 -1.297897193580865860e-03 -1.870669052004814148e-02 5.557936150580644608e-03 -7.560756802558898926e-02 6.859013438224792480e-02 -1.415246352553367615e-02 -3.236056491732597351e-02 -5.782981589436531067e-02 -4.016858339309692383e-02 -2.630339190363883972e-02 2.898276038467884064e-02 -2.042395994067192078e-02 -8.993712812662124634e-02 -4.589662328362464905e-02 -3.985999524593353271e-02 -2.916579693555831909e-02 -7.939691096544265747e-02 -3.894902765750885010e-02 7.360342144966125488e-02 1.028185039758682251e-01 2.016503736376762390e-02 -2.364626899361610413e-02 -4.557760432362556458e-03 4.711826331913471222e-03 6.656653434038162231e-02 5.110150203108787537e-02 -1.088422536849975586e-02 3.216403722763061523e-02 1.251422315835952759e-01 9.841267019510269165e-02 6.981667131185531616e-02 6.783583015203475952e-02 -4.260655865073204041e-02 -5.319127067923545837e-02 -1.626486331224441528e-02 7.003705948591232300e-02 5.703149363398551941e-02 3.079408034682273865e-02 1.258202791213989258e-01 1.143453940749168396e-01 7.716745138168334961e-02 7.199529558420181274e-02 7.499711122363805771e-03 5.650204047560691833e-02 4.807842150330543518e-02 -3.201273037120699883e-03 -6.272827833890914917e-02 1.098686307668685913e-01 -2.228260040283203125e-02 1.504023075103759766e-01 5.740437656641006470e-02 -3.938204050064086914e-02 1.727724075317382812e-01 -8.623194694519042969e-02 -1.441876217722892761e-02 -5.193487554788589478e-02 7.905435748398303986e-03 1.920221000909805298e-01 -9.582458436489105225e-02 1.376693993806838989e-01 -2.769368700683116913e-02 -1.946403086185455322e-02 3.051720000803470612e-02 3.367143124341964722e-02 4.777018353343009949e-02 6.433019787073135376e-02 1.019439939409494400e-02 3.249340131878852844e-02 -5.453843995928764343e-02 5.866479128599166870e-03 1.182901635766029358e-01 2.384617179632186890e-02 -1.842466928064823151e-02 2.756467834115028381e-02 1.422611903399229050e-02 2.759831398725509644e-02 1.711572408676147461e-01
2.581011056900024414e-01 1.000000000000000000e+00 7.882665097713470459e-02 1.379127800464630127e-01 2.554038912057876587e-02 2.785329939797520638e-03 1.136728841811418533e-02 -1.358714420348405838e-02 1.723914756439626217e-03 8.628746867179870605e-02 1.392565071582794189e-01 2.504045143723487854e-02 1.991484612226486206e-01 1.369761861860752106e-02 8.608271181583404541e-02 1.704455167055130005e-02 3.140889480710029602e-02 3.566950559616088867e-03 -3.120917594060301781e-03 3.988322615623474121e-02 3.237249329686164856e-02 6.881737709045410156e-02 7.658624649047851562e-02 1.676850579679012299e-02 1.230357810854911804e-01 3.848123177886009216e-02 4.644414782524108887e-02 1.150035932660102844e-01 1.745298691093921661e-02 1.326072379015386105e-03 3.387842327356338501e-02 4.572221264243125916e-02 4.885660484433174133e-02 1.838558726012706757e-02 1.926552876830101013e-02 7.724449783563613892e-02 1.225392073392868042e-01 1.184797435998916626e-01 6.155245751142501831e-02 1.105614285916090012e-02 2.856037579476833344e-02 6.562228500843048096e-02 2.114112675189971924e-01 6.941225379705429077e-02 3.396742418408393860e-02 1.641249954700469971e-01 -2.319291606545448303e-02 5.032917484641075134e-03 8.795380592346191406e-02 3.646869584918022156e-02 8.942922204732894897e-02 8.657271414995193481e-02 1.524621038697659969e-04 4.199536144733428955e-02 6.376277655363082886e-02 1.255759038031101227e-02 1.994543895125389099e-02 1.175939850509166718e-02 1.985810138285160065e-02 2.273703664541244507e-01 9.910747408866882324e-03 1.036308109760284424e-01 1.952115632593631744e-02 1.050951257348060608e-01 5.144004523754119873e-02 3.621039912104606628e-02 1.271823793649673462e-01 6.218605488538742065e-02 6.378933787345886230e-02 3.194534778594970703e-02 5.061266198754310608e-02 1.074245721101760864e-01 9.597941488027572632e-02 3.075859695672988892e-02 7.048364728689193726e-02 8.260107040405273438e-02 1.366940736770629883e-01 1.005392596125602722e-01 9.765113145112991333e-02 6.689652334898710251e-03 1.191886216402053833e-01 1.035240106284618378e-02 2.962614782154560089e-02 2.378764376044273376e-02 3.324850276112556458e-02 -7.593662943691015244e-03 1.598255336284637451e-02
-8.561587333679199219e-02 7.882665097713470459e-02 1.000000000000000000e+00 4.246467947959899902e-01 5.757867693901062012e-01 4.798036813735961914e-01 5.811071395874023438e-01 3.897905051708221436e-01 5.704014897346496582e-01 3.041249811649322510e-01 2.247347682714462280e-01 2.755787968635559082e-01 2.832060158252716064e-01 4.360326230525970459e-01 2.283965498208999634e-01 2.313709408044815063e-01 2.604847848415374756e-01 4.210647940635681152e-01 4.282754957675933838e-01 2.257984131574630737e-01 2.757844626903533936e-01 1.817724704742431641e-01 2.181331515312194824e-01 2.312001734972000122e-01 2.463375180959701538e-01 1.780704706907272339e-01 2.552489340305328369e-01 1.612992286682128906e-01 1.197295710444450378e-01 2.109817415475845337e-01 1.094788312911987305e-01 1.802514046430587769e-01 1.158198192715644836e-01 9.699666500091552734e-02 1.181655228137969971e-01 8.900160342454910278e-02 7.488797605037689209e-02 2.085122466087341309e-02 1.865764334797859192e-02 -1.310564018785953522e-02 5.936498939990997314e-02 4.826871678233146667e-02 5.477736890316009521e-02 5.048857629299163818e-02 5.745006725192070007e-02 1.210496295243501663e-02 1.881540194153785706e-02 -3.403730690479278564e-02 -1.564754173159599304e-02 -2.510119043290615082e-02 -2.145871520042419434e-02 1.233168691396713257e-02 1.032371912151575089e-02 8.671686984598636627e-03 3.210609778761863708e-02 -3.407777985557913780e-03 1.509955376386642456e-01 1.871830411255359650e-02 6.953626126050949097e-02 -2.877289429306983948e-03 5.765717476606369019e-02 6.517565250396728516e-02 -3.378097340464591980e-02 7.004933059215545654e-02 1.278191618621349335e-02 -8.349349722266197205e-03 4.640963394194841385e-03 8.176338858902454376e-03 7.952643930912017822e-02 -3.462302684783935547e-02 8.877501823008060455e-03 2.104169130325317383e-02 9.011801332235336304e-03 -1.144244894385337830e-02 2.341728843748569489e-02 1.294192764908075333e-02 4.873289261013269424e-03 2.332900650799274445e-02 2.242563478648662567e-02 4.979193955659866333e-02 1.779169961810112000e-02 2.959506399929523468e-02 1.713687554001808167e-02 2.047219499945640564e-02 1.484087947756052017e-02 1.912847161293029785e-02 -3.168028965592384338e-02
9.429290145635604858e-02 1.379127800464630127e-01 4.246467947959899902e-01 1.000000000000000000e+00 4.398823082447052002e-01 3.335448205471038818e-01 4.307107329368591309e-01 3.351213634014129639e-01 3.926008343696594238e-01 2.741510868072509766e-01 3.117378950119018555e-01 2.418026775121688843e-01 2.776534855365753174e-01 2.868086397647857666e-01 2.921174764633178711e-01 1.683961749076843262e-01 2.086919844150543213e-01 2.404868453741073608e-01 2.739558517932891846e-01 2.230966985225677490e-01 2.208394259214401245e-01 1.609461307525634766e-01 1.536836475133895874e-01 1.611724048852920532e-01 2.026562094688415527e-01 1.678071618080139160e-01 1.618169099092483521e-01 1.334614902734756470e-01 1.416946202516555786e-01 1.813214719295501709e-01 1.547210812568664551e-01 1.704218983650207520e-01 1.087245270609855652e-01 7.231549918651580811e-02 9.299389272928237915e-02 1.262840777635574341e-01 1.218457370996475220e-01 1.101492419838905334e-01 1.228909865021705627e-01 6.108130514621734619e-02 8.459375053644180298e-02 1.171482279896736145e-01 1.456415504217147827e-01 3.011322021484375000e-02 1.563509739935398102e-02 1.778323501348495483e-01 -1.903243921697139740e-02 -2.278120256960391998e-02 4.459186643362045288e-02 3.989075869321823120e-02 6.180642545223236084e-02 9.786564111709594727e-02 -7.322484161704778671e-03 4.982636868953704834e-02 6.803560256958007812e-02 -2.580994181334972382e-02 2.967897802591323853e-02 3.291780501604080200e-02 3.565447404980659485e-02 1.267468184232711792e-01 4.099645465612411499e-02 7.814820110797882080e-02 3.507499024271965027e-02 6.088955700397491455e-02 3.152639418840408325e-02 -1.652175560593605042e-02 7.807018607854843140e-02 9.896882623434066772e-02 6.394559890031814575e-02 6.249992921948432922e-02 1.144042983651161194e-02 6.324017792940139771e-02 8.354703336954116821e-02 2.080167271196842194e-02 4.406832158565521240e-02 8.230126649141311646e-02 9.850940853357315063e-02 7.087714970111846924e-02 4.369606450200080872e-02 -1.287664868868887424e-03 1.191888898611068726e-01 2.539813891053199768e-02 -5.200790241360664368e-03 -1.318281283602118492e-04 5.216083489358425140e-03 -1.520055811852216721e-02 4.272863268852233887e-02
-5.402246490120887756e-02 2.554038912057876587e-02 5.757867693901062012e-01 4.398823082447052002e-01 1.000000000000000000e+00 6.131932735443115234e-01 8.306437134742736816e-01 6.020316481590270996e-01 6.829002499580383301e-01 4.349936544895172119e-01 3.427295386791229248e-01 4.618879258632659912e-01 3.779612183570861816e-01 4.777565002441406250e-01 3.553282022476196289e-01 2.763402760028839111e-01 3.802563846111297607e-01 4.708458781242370605e-01 5.678749084472656250e-01 3.346501588821411133e-01 3.449276685714721680e-01 2.449411302804946899e-01 2.384705245494842529e-01 2.426510453224182129e-01 3.202459514141082764e-01 2.472017854452133179e-01 2.859320938587188721e-01 2.202453762292861938e-01 2.042368501424789429e-01 2.821882367134094238e-01 2.059649825096130371e-01 2.490400373935699463e-01 1.640148311853408813e-01 1.306557208299636841e-01 1.225491985678672791e-01 1.119142174720764160e-01 1.028977781534194946e-01 8.463164418935775757e-02 7.205482572317123413e-02 5.886818841099739075e-02 5.018831416964530945e-02 8.442809432744979858e-02 6.584818661212921143e-02 8.749485947191715240e-03 4.425261542201042175e-02 7.266157865524291992e-02 1.773189008235931396e-02 -2.300760149955749512e-02 2.314693061634898186e-03 1.754907146096229553e-02 2.823752351105213165e-03 5.327663943171501160e-02 -1.472712215036153793e-02 4.501580819487571716e-02 4.953650757670402527e-02 -8.989650756120681763e-03 1.919299736618995667e-02 -6.873518228530883789e-03 1.593437418341636658e-02 2.923985943198204041e-02 4.939483106136322021e-02 5.463732033967971802e-02 2.261171862483024597e-02 -3.896903246641159058e-02 -4.577214363962411880e-03 -4.926778376102447510e-02 2.604736573994159698e-02 -3.087701275944709778e-03 2.759973146021366119e-02 -9.334267117083072662e-03 -1.864492148160934448e-02 -1.755194365978240967e-02 1.844822801649570465e-02 -1.423660572618246078e-02 -1.478583645075559616e-02 3.494565188884735107e-02 3.286402672529220581e-02 2.084247302263975143e-03 -1.195820793509483337e-02 -1.052118558436632156e-02 3.976941108703613281e-02 -1.438947301357984543e-02 3.596372436732053757e-03 -3.387974109500646591e-03 1.619219407439231873e-02 1.232064887881278992e-02 3.371219709515571594e-02
-2.606510184705257416e-02 2.785329939797520638e-03 4.798036813735961914e-01 3.335448205471038818e-01 6.131932735443115234e-01 1.000000000000000000e+00 6.547556519508361816e-01 5.563325285911560059e-01 7.792629599571228027e-01 3.143446743488311768e-01 2.752221226692199707e-01 3.099865615367889404e-01 3.370830416679382324e-01 4.336526095867156982e-01 2.388325631618499756e-01 2.566423416137695312e-01 3.036683499813079834e-01 4.369911849498748779e-01 5.088000297546386719e-01 2.133811414241790771e-01 3.208205699920654297e-01 2.535427510738372803e-01 2.446494251489639282e-01 1.992393583059310913e-01 3.117257356643676758e-01 1.813102662563323975e-01 3.397096395492553711e-01 1.814004331827163696e-01 1.377919167280197144e-01 1.644796580076217651e-01 8.585207909345626831e-02 1.924329400062561035e-01 1.320517510175704956e-01 1.282081305980682373e-01 1.370998919010162354e-01 1.107983514666557312e-01 1.563759446144104004e-01 9.617263078689575195e-02 5.137338116765022278e-02 9.099435992538928986e-03 4.884034022688865662e-02 1.640183851122856140e-02 1.058672666549682617e-01 4.575474560260772705e-02 2.691251039505004883e-01 5.392249673604965210e-02 2.671435177326202393e-01 2.594185471534729004e-01 -6.438313052058219910e-03 4.727409780025482178e-02 -2.560290507972240448e-02 2.584229223430156708e-03 -2.146339416503906250e-02 -1.785465329885482788e-02 1.923403143882751465e-02 -4.327360168099403381e-02 -3.018314018845558167e-02 -1.756562851369380951e-02 4.773417487740516663e-02 8.203528821468353271e-03 -1.916982047259807587e-02 1.012415140867233276e-01 -3.026052564382553101e-02 1.830301433801651001e-02 9.209118783473968506e-02 6.155478209257125854e-02 5.221299454569816589e-02 3.038654976990073919e-04 -1.941478694789111614e-03 -9.567300789058208466e-03 6.642969790846109390e-03 2.093172952299937606e-04 4.983012005686759949e-02 -1.830110698938369751e-02 -2.554205246269702911e-02 2.264072559773921967e-02 2.815529145300388336e-02 1.859369874000549316e-02 8.707573637366294861e-03 1.863036304712295532e-01 3.621765226125717163e-02 -3.231247514486312866e-02 3.005443885922431946e-02 1.218880638480186462e-01 1.426398605108261108e-01 1.831816583871841431e-01 -4.827824980020523071e-02
-5.736591294407844543e-02 1.136728841811418533e-02 5.811071395874023438e-01 4.307107329368591309e-01 8.306437134742736816e-01 6.547556519508361816e-01 1.000000000000000000e+00 6.694689989089965820e-01 7.875807881355285645e-01 4.658242166042327881e-01 3.565775454044342041e-01 5.238308310508728027e-01 4.031358063220977783e-01 4.600073993206024170e-01 3.626970946788787842e-01 2.931614220142364502e-01 4.186774194240570068e-01 4.324890673160552979e-01 6.180276870727539062e-01 3.545497953891754150e-01 3.888569474220275879e-01 2.783477306365966797e-01 2.902393639087677002e-01 2.750884294509887695e-01 3.613651990890502930e-01 2.678382098674774170e-01 3.331194818019866943e-01 2.412564605474472046e-01 2.440278679132461548e-01 2.387396544218063354e-01 1.779373437166213989e-01 2.348006665706634521e-01 1.631626039743423462e-01 1.310079395771026611e-01 9.664389491081237793e-02 8.976689726114273071e-02 8.271884173154830933e-02 1.838216930627822876e-02 -1.148815359920263290e-02 1.783485524356365204e-02 5.018591508269309998e-02 -2.676072716712951660e-02 6.373036652803421021e-02 -1.336384098976850510e-02 3.117400407791137695e-02 1.194364042021334171e-03 -2.164288051426410675e-02 -1.453878544270992279e-02 -1.342258881777524948e-02 -2.346596214920282364e-03 -2.085295505821704865e-02 2.688558213412761688e-02 -2.260657772421836853e-02 4.526153206825256348e-02 4.423725605010986328e-02 -5.882648378610610962e-02 -5.908639729022979736e-02 -7.073349505662918091e-02 -3.353453800082206726e-02 -8.080094121396541595e-03 -4.853942245244979858e-02 3.282226249575614929e-02 4.659468308091163635e-03 -3.079618141055107117e-02 -2.133372426033020020e-02 -3.304303064942359924e-02 1.304754428565502167e-02 -1.214641705155372620e-02 1.133970078080892563e-02 -2.674669492989778519e-03 -2.178570814430713654e-02 -1.663318276405334473e-02 1.903147203847765923e-03 -1.121555082499980927e-02 -3.495370969176292419e-02 1.853128522634506226e-02 2.294837264344096184e-03 -1.004159916192293167e-02 2.589282114058732986e-03 -7.586528081446886063e-03 -1.601409725844860077e-02 -4.349252954125404358e-02 -1.355494279414415359e-02 -2.050889842212200165e-02 2.075190469622612000e-02 -4.579301821650005877e-05 1.866276003420352936e-02
1.140915751457214355e-01 -1.358714420348405838e-02 3.897905051708221436e-01 3.351213634014129639e-01 6.020316481590270996e-01 5.563325285911560059e-01 6.694689989089965820e-01 1.000000000000000000e+00 5.839292407035827637e-01 3.430763483047485352e-01 2.259858101606369019e-01 3.400272428989410400e-01 2.836317121982574463e-01 3.341889977455139160e-01 3.853270709514617920e-01 2.229701876640319824e-01 3.321260809898376465e-01 3.949055671691894531e-01 4.839282035827636719e-01 2.775846123695373535e-01 2.893887162208557129e-01 1.499298363924026489e-01 9.631798416376113892e-02 1.178181245923042297e-01 2.221333682537078857e-01 1.662403196096420288e-01 1.632731556892395020e-01 1.143100261688232422e-01 2.001051306724548340e-01 4.429002106189727783e-01 1.806405782699584961e-01 2.033410966396331787e-01 1.050773486495018005e-01 1.162224784493446350e-01 1.454959362745285034e-01 1.158851236104965210e-01 3.131625056266784668e-02 2.155812270939350128e-02 5.605635792016983032e-02 4.022723808884620667e-02 2.545068785548210144e-02 2.654313575476408005e-03 -5.158076062798500061e-02 -8.458431810140609741e-02 1.152949482202529907e-01 4.898804053664207458e-02 1.276777237653732300e-01 1.220096498727798462e-01 2.587579190731048584e-02 1.592795550823211670e-01 1.770521886646747589e-02 5.370121076703071594e-02 8.815417997539043427e-03 3.655550628900527954e-02 8.404938876628875732e-02 -7.731866836547851562e-02 -6.767857819795608521e-02 1.475452035665512085e-01 -6.433295458555221558e-02 6.987774372100830078e-02 1.315081268548965454e-01 4.375567659735679626e-03 2.497132420539855957e-01 -1.055295690894126892e-01 3.033727966248989105e-02 -2.607511915266513824e-02 5.144258029758930206e-03 1.693290770053863525e-01 -9.861104190349578857e-02 7.761274278163909912e-02 1.926415041089057922e-02 -3.009091690182685852e-02 3.481888025999069214e-02 -5.937181040644645691e-02 -3.370185941457748413e-02 3.909647464752197266e-02 2.728773280978202820e-02 2.613654360175132751e-02 -3.819191828370094299e-02 9.371993690729141235e-02 1.124791651964187622e-01 7.842550985515117645e-03 8.902258239686489105e-03 8.687137067317962646e-02 8.483077585697174072e-02 1.032927632331848145e-01 2.190445810556411743e-01
-4.869934916496276855e-02 1.723914756439626217e-03 5.704014897346496582e-01 3.926008343696594238e-01 6.829002499580383301e-01 7.792629599571228027e-01 7.875807881355285645e-01 5.839292407035827637e-01 1.000000000000000000e+00 4.218147397041320801e-01 3.281858563423156738e-01 4.381452500820159912e-01 4.201352000236511230e-01 5.044577717781066895e-01 3.119240999221801758e-01 3.276779055595397949e-01 3.934043049812316895e-01 5.162189006805419922e-01 6.205416917800903320e-01 2.946887314319610596e-01 4.042766690254211426e-01 3.140822947025299072e-01 3.064850866794586182e-01 2.711836099624633789e-01 3.760040104389190674e-01 2.360387593507766724e-01 3.933529853820800781e-01 2.217205911874771118e-01 1.884526461362838745e-01 2.508418858051300049e-01 1.243103146553039551e-01 2.367021143436431885e-01 1.536287665367126465e-01 1.475746482610702515e-01 1.527704298496246338e-01 1.139867901802062988e-01 1.364726573228836060e-01 7.289386540651321411e-02 2.682086639106273651e-02 -9.455025196075439453e-03 6.945140659809112549e-02 -7.994472049176692963e-03 8.129570633172988892e-02 4.640144109725952148e-02 1.493386924266815186e-01 2.489818260073661804e-02 1.513507217168807983e-01 1.573528796434402466e-01 -9.002459235489368439e-03 6.018430925905704498e-03 -2.538391388952732086e-02 2.959938021376729012e-03 -3.816061839461326599e-02 -6.369717884808778763e-04 3.785693272948265076e-02 -7.154016941785812378e-02 2.333981171250343323e-02 -3.057682700455188751e-02 3.207004815340042114e-02 -1.233662478625774384e-02 -8.679371327161788940e-03 1.102523505687713623e-01 -5.249876901507377625e-02 2.561996504664421082e-02 5.133242905139923096e-02 -1.121075917035341263e-02 1.902798004448413849e-02 -2.115839533507823944e-02 4.117001965641975403e-02 -1.469040103256702423e-02 -1.468201819807291031e-02 -1.527302991598844528e-02 1.477474998682737350e-02 -1.658668369054794312e-02 -1.929821260273456573e-02 3.190971212461590767e-03 -1.626599952578544617e-02 4.789747763425111771e-04 1.536188996396958828e-03 1.001504808664321899e-01 -1.449286192655563354e-02 -4.125423729419708252e-02 -9.127832949161529541e-03 4.373675584793090820e-02 7.170198112726211548e-02 9.188007563352584839e-02 -3.274120017886161804e-02
7.011644076555967331e-03 8.628746867179870605e-02 3.041249811649322510e-01 2.741510868072509766e-01 4.349936544895172119e-01 3.143446743488311768e-01 4.658242166042327881e-01 3.430763483047485352e-01 4.218147397041320801e-01 1.000000000000000000e+00 2.858547866344451904e-01 3.512250781059265137e-01 2.819104194641113281e-01 2.988592982292175293e-01 2.857036292552947998e-01 2.120834290981292725e-01 2.770255208015441895e-01 2.562060952186584473e-01 3.387999832630157471e-01 2.335270941257476807e-01 2.190133482217788696e-01 1.751793473958969116e-01 1.579476296901702881e-01 1.775593161582946777e-01 2.465402632951736450e-01 1.866861730813980103e-01 1.823446899652481079e-01 1.581967920064926147e-01 1.670286506414413452e-01 1.952482759952545166e-01 1.519374549388885498e-01 1.614721119403839111e-01 1.566894203424453735e-01 1.134575754404067993e-01 7.630025595426559448e-02 1.014480963349342346e-01 1.008174121379852295e-01 7.674612104892730713e-02 7.330591231584548950e-02 7.873862236738204956e-02 7.108959555625915527e-02 6.105154752731323242e-02 9.813177585601806641e-02 3.148811683058738708e-02 1.418201904743909836e-02 1.045642048120498657e-01 -4.194532334804534912e-02 -3.316247090697288513e-02 7.008485496044158936e-02 6.984202563762664795e-02 9.985932707786560059e-02 8.386666327714920044e-02 -5.657432600855827332e-03 6.963923573493957520e-02 5.870841071009635925e-02 -1.000508945435285568e-02 2.700023353099822998e-03 3.051454201340675354e-02 6.780724506825208664e-04 9.743840992450714111e-02 5.450878664851188660e-02 4.033809527754783630e-02 5.319339781999588013e-02 1.556351967155933380e-02 -5.360713112168014050e-04 -2.603754587471485138e-02 6.475581228733062744e-02 4.029642790555953979e-02 1.881535351276397705e-02 3.108587488532066345e-02 2.352724596858024597e-02 6.003627553582191467e-02 5.509557202458381653e-02 1.047025434672832489e-02 4.833915084600448608e-02 5.111998319625854492e-02 6.915860623121261597e-02 4.659218341112136841e-02 2.182583883404731750e-02 -2.902989089488983154e-02 7.109725475311279297e-02 1.218988560140132904e-03 8.983450941741466522e-03 1.780557818710803986e-02 2.684828825294971466e-02 3.045195771846920252e-04 9.369003772735595703e-02
-1.297897193580865860e-03 1.392565071582794189e-01 2.247347682714462280e-01 3.117378950119018555e-01 3.427295386791229248e-01 2.752221226692199707e-01 3.565775454044342041e-01 2.259858101606369019e-01 3.281858563423156738e-01 2.858547866344451904e-01 1.000000000000000000e+00 2.504633367061614990e-01 3.106464445590972900e-01 2.433865368366241455e-01 2.539248764514923096e-01 1.674814522266387939e-01 2.407043129205703735e-01 2.247624844312667847e-01 3.130944967269897461e-01 2.383620440959930420e-01 1.765258163213729858e-01 2.297912240028381348e-01 2.713906466960906982e-01 1.512587964534759521e-01 3.342803418636322021e-01 1.693143397569656372e-01 2.155368775129318237e-01 2.348835468292236328e-01 1.281374692916870117e-01 1.279365569353103638e-01 1.611796170473098755e-01 1.531302928924560547e-01 1.381154507398605347e-01 1.282527595758438110e-01 8.668908476829528809e-02 1.416095495223999023e-01 2.461982369422912598e-01 1.989409178495407104e-01 6.010961160063743591e-02 1.361605804413557053e-02 4.984315484762191772e-02 5.091519281268119812e-02 3.053992986679077148e-01 7.446953654289245605e-02 8.918021619319915771e-02 2.436556667089462280e-01 3.908041864633560181e-03 1.749306730926036835e-02 3.085993975400924683e-02 6.164722517132759094e-02 6.315521895885467529e-02 9.085047990083694458e-02 1.064229407347738743e-03 3.034311719238758087e-02 5.201496928930282593e-02 1.717379130423069000e-02 7.645778823643922806e-03 -4.391038790345191956e-02 2.557135000824928284e-02 2.341835796833038330e-01 -3.025536611676216125e-02 1.539850682020187378e-01 -1.520209293812513351e-02 6.642897427082061768e-02 6.984461098909378052e-02 2.129773795604705811e-02 2.148027569055557251e-01 1.723270304501056671e-02 4.813207313418388367e-02 2.109844237565994263e-02 2.511869929730892181e-02 1.261610686779022217e-01 1.873837560415267944e-01 4.766698554158210754e-02 2.781011909246444702e-02 9.659314155578613281e-02 1.882572621107101440e-01 6.864468753337860107e-02 1.006757840514183044e-01 -2.910965820774435997e-03 1.410893499851226807e-01 -8.165434934198856354e-03 4.079365730285644531e-02 4.550972208380699158e-02 8.947616815567016602e-02 2.951641101390123367e-03 -1.336601935327053070e-02
-1.870669052004814148e-02 2.504045143723487854e-02 2.755787968635559082e-01 2.418026775121688843e-01 4.618879258632659912e-01 3.099865615367889404e-01 5.238308310508728027e-01 3.400272428989410400e-01 4.381452500820159912e-01 3.512250781059265137e-01 2.504633367061614990e-01 1.000000000000000000e+00 3.239854574203491211e-01 4.460133016109466553e-01 3.765009045600891113e-01 2.741380631923675537e-01 3.305849134922027588e-01 3.632213771343231201e-01 4.685932993888854980e-01 3.048002719879150391e-01 2.729101479053497314e-01 2.414460778236389160e-01 1.676248311996459961e-01 2.675841450691223145e-01 2.724987566471099854e-01 3.666901886463165283e-01 2.072019875049591064e-01 1.632290184497833252e-01 2.229877412319183350e-01 1.458571255207061768e-01 1.764927059412002563e-01 2.112841159105300903e-01 2.151545137166976929e-01 1.073446795344352722e-01 6.085174903273582458e-02 1.125164628028869629e-01 2.000585943460464478e-02 1.452609803527593613e-02 9.507647156715393066e-02 6.784880906343460083e-02 7.469151914119720459e-02 5.485016107559204102e-02 4.384992178529500961e-03 -1.314222440123558044e-02 4.024389758706092834e-02 2.970815636217594147e-02 -7.364790141582489014e-02 1.486895699054002762e-02 1.315254569053649902e-01 -2.914683520793914795e-02 7.833900302648544312e-02 3.513829037547111511e-02 1.864103600382804871e-02 1.252424567937850952e-01 5.621290951967239380e-02 2.948048152029514313e-02 -3.815937787294387817e-02 -8.269952982664108276e-02 4.712961614131927490e-02 2.969159744679927826e-02 1.980370096862316132e-02 4.608009383082389832e-02 -3.999558463692665100e-02 -9.414508193731307983e-02 -4.233058914542198181e-02 -2.305836789309978485e-02 7.582880090922117233e-03 1.122071966528892517e-02 7.021079957485198975e-02 1.120343897491693497e-02 -1.213371753692626953e-03 1.698666810989379883e-02 5.396370217204093933e-02 8.637537807226181030e-02 1.315834820270538330e-01 4.860852286219596863e-02 4.329986497759819031e-02 6.602322310209274292e-02 2.183784916996955872e-02 3.530092909932136536e-02 6.564625352621078491e-02 -1.821601390838623047e-02 3.012502379715442657e-02 1.006070971488952637e-01 2.149511873722076416e-02 2.494637854397296906e-02 -9.600878693163394928e-03
5.557936150580644608e-03 1.991484612226486206e-01 2.832060158252716064e-01 2.776534855365753174e-01 3.779612183570861816e-01 3.370830416679382324e-01 4.031358063220977783e-01 2.836317121982574463e-01 4.201352000236511230e-01 2.819104194641113281e-01 3.106464445590972900e-01 3.239854574203491211e-01 1.000000000000000000e+00 3.381408154964447021e-01 2.918875813484191895e-01 2.415587306022644043e-01 2.995608448982238770e-01 3.418979346752166748e-01 4.036235511302947998e-01 2.628637552261352539e-01 2.669621109962463379e-01 2.759451270103454590e-01 2.576385736465454102e-01 2.317054718732833862e-01 3.456240594387054443e-01 1.923642903566360474e-01 2.463124245405197144e-01 2.616463303565979004e-01 1.579582691192626953e-01 1.536316424608230591e-01 2.278381884098052979e-01 2.343733906745910645e-01 1.832814961671829224e-01 1.109299063682556152e-01 6.781527400016784668e-02 1.328723281621932983e-01 2.007101476192474365e-01 1.447547525167465210e-01 6.345585733652114868e-02 1.832170994020998478e-03 5.527215078473091125e-02 7.579220086336135864e-02 2.424145936965942383e-01 6.771384924650192261e-02 1.800417900085449219e-01 2.094247937202453613e-01 3.713576123118400574e-02 3.378270193934440613e-02 1.094751581549644470e-01 8.775954693555831909e-02 8.117632567882537842e-02 8.868093043565750122e-02 -1.535758841782808304e-02 9.035287052392959595e-02 7.457171380519866943e-02 -2.070030197501182556e-02 2.397098392248153687e-02 -1.208949368447065353e-03 2.070504426956176758e-02 1.937136054039001465e-01 1.467029470950365067e-02 1.583310365676879883e-01 -1.874120905995368958e-02 4.266336560249328613e-02 7.708837091922760010e-02 4.478407651185989380e-02 1.419247239828109741e-01 1.252744230441749096e-03 8.137902617454528809e-02 -3.161759115755558014e-03 3.721757605671882629e-02 9.437290579080581665e-02 9.631118923425674438e-02 3.480551019310951233e-02 2.443262562155723572e-02 1.099773123860359192e-01 1.509315669536590576e-01 5.669378116726875305e-02 6.757814437150955200e-02 1.789647340774536133e-02 1.016221567988395691e-01 -2.291558869183063507e-02 2.324723638594150543e-03 2.655914053320884705e-02 1.071706935763359070e-01 4.963254928588867188e-02 -1.303850486874580383e-02
-7.560756802558898926e-02 1.369761861860752106e-02 4.360326230525970459e-01 2.868086397647857666e-01 4.777565002441406250e-01 4.336526095867156982e-01 4.600073993206024170e-01 3.341889977455139160e-01 5.044577717781066895e-01 2.988592982292175293e-01 2.433865368366241455e-01 4.460133016109466553e-01 3.381408154964447021e-01 1.000000000000000000e+00 3.789242506027221680e-01 3.647995591163635254e-01 3.411473631858825684e-01 6.402075290679931641e-01 5.612044930458068848e-01 2.883785665035247803e-01 3.029667139053344727e-01 1.655535250902175903e-01 1.811022609472274780e-01 3.283633589744567871e-01 2.743195295333862305e-01 2.828918695449829102e-01 2.067884951829910278e-01 1.544947475194931030e-01 1.299055665731430054e-01 1.520630866289138794e-01 1.489269286394119263e-01 2.355386465787887573e-01 2.802155315876007080e-01 1.635292619466781616e-01 7.699654251337051392e-02 1.493567228317260742e-01 2.616263553500175476e-02 3.939712047576904297e-02 1.641502082347869873e-01 1.349452417343854904e-02 3.583858162164688110e-02 1.005722135305404663e-01 -1.017132401466369629e-02 -1.533404365181922913e-02 1.070892736315727234e-01 2.797237597405910492e-02 7.436623424291610718e-02 3.224242478609085083e-02 1.707792654633522034e-02 -8.941676467657089233e-03 1.205013412982225418e-02 2.735276147723197937e-02 1.333445776253938675e-02 2.763717621564865112e-02 3.716002404689788818e-02 -8.399499580264091492e-03 2.297183573246002197e-01 4.038438200950622559e-02 6.813156604766845703e-02 2.773540094494819641e-02 2.227819561958312988e-01 7.699231803417205811e-02 -6.326454132795333862e-02 -1.900601014494895935e-02 1.024381164461374283e-02 -1.066077779978513718e-02 -1.059266645461320877e-02 -2.333531901240348816e-02 1.694537699222564697e-01 -3.586720302700996399e-02 -7.866709493100643158e-03 -7.225810084491968155e-03 2.346176654100418091e-02 1.247139833867549896e-02 1.211599484086036682e-01 2.342130430042743683e-02 -1.320860721170902252e-02 1.989801600575447083e-02 -1.432025618851184845e-02 8.521389216184616089e-02 7.538703083992004395e-02 2.570104785263538361e-02 1.502882782369852066e-02 1.330449283123016357e-01 3.034206852316856384e-02 7.109900563955307007e-02 -5.307155102491378784e-02
6.859013438224792480e-02 8.608271181583404541e-02 2.283965498208999634e-01 2.921174764633178711e-01 3.553282022476196289e-01 2.388325631618499756e-01 3.626970946788787842e-01 3.853270709514617920e-01 3.119240999221801758e-01 2.857036292552947998e-01 2.539248764514923096e-01 3.765009045600891113e-01 2.918875813484191895e-01 3.789242506027221680e-01 1.000000000000000000e+00 2.665095627307891846e-01 2.683003842830657959e-01 3.069440722465515137e-01 3.840402662754058838e-01 3.313930630683898926e-01 2.515278756618499756e-01 1.844849288463592529e-01 1.016191989183425903e-01 2.027036994695663452e-01 2.396566122770309448e-01 2.355235964059829712e-01 1.294959187507629395e-01 1.260644048452377319e-01 2.029749304056167603e-01 2.705687880516052246e-01 2.187788784503936768e-01 2.131899446249008179e-01 1.875824928283691406e-01 1.236394122242927551e-01 1.211264133453369141e-01 1.244591623544692993e-01 5.967296659946441650e-02 8.225315809249877930e-02 1.788502335548400879e-01 7.158207148313522339e-02 9.848982840776443481e-02 1.120214089751243591e-01 1.901016384363174438e-02 -2.694482542574405670e-02 9.787733666598796844e-03 1.885915994644165039e-01 2.161705493927001953e-02 -6.908672396093606949e-03 1.010037586092948914e-01 5.147225037217140198e-02 1.327570825815200806e-01 1.085162609815597534e-01 -5.216653458774089813e-03 6.500136852264404297e-02 6.191352382302284241e-02 -3.229791671037673950e-02 3.834430500864982605e-02 5.561752244830131531e-02 -1.902119815349578857e-02 1.916972100734710693e-01 1.234780400991439819e-01 5.920676514506340027e-02 6.352084130048751831e-02 -3.487328812479972839e-02 -5.029530730098485947e-03 -4.542398452758789062e-02 8.878682553768157959e-02 1.141487509012222290e-01 1.211167313158512115e-02 6.017962098121643066e-02 2.421703375875949860e-02 3.771989047527313232e-02 1.079922318458557129e-01 7.571852207183837891e-02 9.588740766048431396e-02 9.488937258720397949e-02 1.125734969973564148e-01 1.285698115825653076e-01 -2.255629189312458038e-02 1.086184568703174591e-02 1.908297836780548096e-01 3.751926869153976440e-02 9.110812097787857056e-03 9.571944177150726318e-02 3.099886327981948853e-02 2.099104225635528564e-02 7.298614084720611572e-02
-1.415246352553367615e-02 1.704455167055130005e-02 2.313709408044815063e-01 1.683961749076843262e-01 2.763402760028839111e-01 2.566423416137695312e-01 2.931614220142364502e-01 2.229701876640319824e-01 3.276779055595397949e-01 2.120834290981292725e-01 1.674814522266387939e-01 2.741380631923675537e-01 2.415587306022644043e-01 3.647995591163635254e-01 2.665095627307891846e-01 1.000000000000000000e+00 2.638108134269714355e-01 2.957426309585571289e-01 3.425862789154052734e-01 2.202007174491882324e-01 2.227182388305664062e-01 1.728962808847427368e-01 1.466335654258728027e-01 2.393381595611572266e-01 1.845412105321884155e-01 2.086829245090484619e-01 1.613579094409942627e-01 1.148036941885948181e-01 1.398122906684875488e-01 1.680434793233871460e-01 1.363537609577178955e-01 1.547167301177978516e-01 2.233219146728515625e-01 1.481285542249679565e-01 9.431541711091995239e-02 1.341655999422073364e-01 7.456023991107940674e-02 5.286161601543426514e-02 1.006705611944198608e-01 8.420816063880920410e-02 8.668630570173263550e-02 5.003364011645317078e-02 4.651230946183204651e-02 1.263034716248512268e-02 4.916258901357650757e-02 3.322733566164970398e-02 3.061650693416595459e-02 1.361979637295007706e-02 5.499713122844696045e-02 1.104312837123870850e-01 6.396932899951934814e-02 9.070197492837905884e-02 -9.522894397377967834e-03 4.700474068522453308e-02 7.314506918191909790e-02 -3.095597960054874420e-02 6.816487759351730347e-02 5.965926125645637512e-02 6.707383692264556885e-02 9.313924238085746765e-03 7.628406584262847900e-02 7.214288413524627686e-02 6.484034936875104904e-03 -7.244696840643882751e-03 4.903033375740051270e-02 -1.452291198074817657e-02 3.949323296546936035e-02 2.702428400516510010e-02 6.244812533259391785e-02 1.897879131138324738e-02 2.424207516014575958e-02 1.031606458127498627e-02 5.849968641996383667e-02 2.570009045302867889e-02 8.856771886348724365e-02 4.733979701995849609e-02 -7.887719199061393738e-03 3.227261453866958618e-02 2.776942774653434753e-02 3.019984252750873566e-02 2.745942212641239166e-02 1.726803742349147797e-02 -2.364059165120124817e-02 5.344935506582260132e-02 9.445311874151229858e-02 2.867752686142921448e-02 4.677084088325500488e-02
-3.236056491732597351e-02 3.140889480710029602e-02 2.604847848415374756e-01 2.086919844150543213e-01 3.802563846111297607e-01 3.036683499813079834e-01 4.186774194240570068e-01 3.321260809898376465e-01 3.934043049812316895e-01 2.770255208015441895e-01 2.407043129205703735e-01 3.305849134922027588e-01 2.995608448982238770e-01 3.411473631858825684e-01 2.683003842830657959e-01 2.638108134269714355e-01 1.000000000000000000e+00 3.821392059326171875e-01 4.768789708614349365e-01 2.810613214969635010e-01 2.895589470863342285e-01 2.042541354894638062e-01 2.449995428323745728e-01 2.292209118604660034e-01 2.948292791843414307e-01 2.115351259708404541e-01 2.550764083862304688e-01 1.963047683238983154e-01 1.832968145608901978e-01 2.420244812965393066e-01 1.702007204294204712e-01 2.013664394617080688e-01 1.523502916097640991e-01 1.191992014646530151e-01 8.842963725328445435e-02 9.869207441806793213e-02 8.051715791225433350e-02 4.207690060138702393e-02 3.495011851191520691e-02 4.416481778025627136e-02 4.244664311408996582e-02 -1.411611447110772133e-03 8.681090176105499268e-02 -4.933662712574005127e-03 4.705218970775604248e-02 3.088360838592052460e-02 -3.391865268349647522e-02 -1.050745323300361633e-02 2.160503342747688293e-02 4.586588218808174133e-02 3.682500869035720825e-02 5.237225815653800964e-02 -1.703310385346412659e-02 4.696684330701828003e-02 6.421470642089843750e-02 -1.560554187744855881e-02 5.179759114980697632e-03 3.721248824149370193e-03 8.841085247695446014e-03 3.096208907663822174e-02 8.084841072559356689e-03 5.416797101497650146e-02 5.354263260960578918e-02 -1.208608038723468781e-02 3.261740878224372864e-02 1.684741582721471786e-03 4.273017495870590210e-02 7.555542048066854477e-03 7.365211378782987595e-03 1.434108708053827286e-02 1.973842084407806396e-02 2.725991234183311462e-02 3.216549754142761230e-02 5.152670666575431824e-03 1.169322524219751358e-02 3.516130521893501282e-02 1.968396268784999847e-02 3.161271288990974426e-02 3.549778833985328674e-02 -1.424974389374256134e-02 -1.679254783084616065e-04 -1.929087750613689423e-02 -2.595875784754753113e-02 -1.917042024433612823e-02 4.037574678659439087e-02 -5.103017203509807587e-03 5.636975169181823730e-02
-5.782981589436531067e-02 3.566950559616088867e-03 4.210647940635681152e-01 2.404868453741073608e-01 4.708458781242370605e-01 4.369911849498748779e-01 4.324890673160552979e-01 3.949055671691894531e-01 5.162189006805419922e-01 2.562060952186584473e-01 2.247624844312667847e-01 3.632213771343231201e-01 3.418979346752166748e-01 6.402075290679931641e-01 3.069440722465515137e-01 2.957426309585571289e-01 3.821392059326171875e-01 1.000000000000000000e+00 6.509890556335449219e-01 2.838411331176757812e-01 3.563763201236724854e-01 2.198230177164077759e-01 2.659292519092559814e-01 2.668399810791015625e-01 3.450866043567657471e-01 2.060436755418777466e-01 2.809804677963256836e-01 1.702289283275604248e-01 1.381307691335678101e-01 2.196718901395797729e-01 1.332966387271881104e-01 2.312726527452468872e-01 1.688061207532882690e-01 1.261700093746185303e-01 8.984305709600448608e-02 9.318948537111282349e-02 6.698776036500930786e-02 8.178555965423583984e-02 7.887195050716400146e-02 -1.978757791221141815e-02 1.950386352837085724e-02 4.740775376558303833e-02 2.152136527001857758e-02 1.815336197614669800e-02 2.203949540853500366e-01 2.130075730383396149e-02 1.861070543527603149e-01 1.120898798108100891e-01 2.690284885466098785e-02 2.137533947825431824e-02 -1.235596835613250732e-02 4.485774785280227661e-03 1.712225005030632019e-02 3.151536220684647560e-03 3.448056429624557495e-02 2.427230961620807648e-02 2.532206475734710693e-01 7.682915031909942627e-02 5.032732337713241577e-02 3.935984801501035690e-03 2.141293585300445557e-01 9.186548739671707153e-02 -5.044932663440704346e-02 1.584066543728113174e-03 1.028549820184707642e-01 2.141479216516017914e-02 -4.144490230828523636e-03 1.460329815745353699e-02 6.641837209463119507e-02 -2.049562521278858185e-02 3.573571890592575073e-02 1.542438380420207977e-02 2.803788520395755768e-03 -3.842263482511043549e-03 2.903063409030437469e-02 2.711113169789314270e-02 -6.983336643315851688e-04 1.099650096148252487e-02 3.349340334534645081e-02 1.436666846275329590e-01 7.090254127979278564e-02 1.967673562467098236e-02 2.934844233095645905e-02 1.263099312782287598e-01 1.061340346932411194e-01 1.407107114791870117e-01 -4.508567228913307190e-02
