1.000000000000000000e+00 3.199056088924407959e-01 1.831242293119430542e-01 2.390906959772109985e-01 4.107874035835266113e-01 1.207997947931289673e-01 3.636201471090316772e-02 8.130311220884323120e-02 1.602351665496826172e-01 3.617015480995178223e-01 5.169278383255004883e-02 1.625000834465026855e-01 1.139472499489784241e-01 2.916855216026306152e-01 3.706786036491394043e-02 2.361553460359573364e-01 9.630912542343139648e-02 1.212493777275085449e-01 9.551215171813964844e-02 2.038612663745880127e-01 3.222678005695343018e-01 7.055225223302841187e-02 1.155799627304077148e-01 3.915109336376190186e-01 1.410056054592132568e-01 2.082413583993911743e-01 3.870840966701507568e-01 1.239249408245086670e-01 3.360219895839691162e-01 2.741336226463317871e-01 2.350734919309616089e-01 5.692069977521896362e-02 1.753163635730743408e-01 1.571642458438873291e-01 2.001116797327995300e-02 4.359511286020278931e-02 1.120314449071884155e-01 1.262934803962707520e-01 -6.493084877729415894e-02 1.650201827287673950e-01 1.394724994897842407e-01 5.251367017626762390e-02 2.049832977354526520e-02 2.972213625907897949e-01 1.185095831751823425e-01 4.865087941288948059e-02 1.862801015377044678e-01 3.296554088592529297e-01 -1.477813720703125000e-02 -3.011453524231910706e-02 1.120885685086250305e-01 5.012072995305061340e-02 1.608548872172832489e-02 -2.960511110723018646e-02 1.788607984781265259e-01 8.843573927879333496e-02 1.278879791498184204e-01 1.631629168987274170e-01 1.732462048530578613e-01 1.132933050394058228e-01 2.053592205047607422e-01 9.497544914484024048e-02 1.382492780685424805e-01 1.064074710011482239e-01 1.036220937967300415e-01 2.692220807075500488e-01 1.834448277950286865e-01 4.218923151493072510e-01
3.199056088924407959e-01 1.000000000000000000e+00 3.235561251640319824e-01 4.499223232269287109e-01 1.936507523059844971e-01 3.893417119979858398e-01 9.672386944293975830e-02 1.501427739858627319e-01 1.463682949542999268e-01 1.600026786327362061e-01 1.212036013603210449e-01 1.146460473537445068e-01 3.156451582908630371e-01 1.546429693698883057e-01 7.431398332118988037e-02 2.571506202220916748e-01 1.955254226922988892e-01 2.759448587894439697e-01 6.480675935745239258e-02 3.357785046100616455e-01 1.581116318702697754e-01 1.706042513251304626e-02 7.980875670909881592e-02 1.731057912111282349e-01 9.284251928329467773e-02 1.947549283504486084e-01 1.763900965452194214e-01 2.149483859539031982e-01 2.037148177623748779e-01 1.871082633733749390e-01 1.166276186704635620e-01 1.696713566780090332e-01 1.139847487211227417e-01 4.700765013694763184e-02 1.457535773515701294e-01 1.004412863403558731e-02 8.547253161668777466e-02 1.804145425558090210e-01 3.521237894892692566e-02 1.362488567829132080e-01 5.531957000494003296e-02 2.459717728197574615e-02 9.248397499322891235e-02 1.716809570789337158e-01 1.575042456388473511e-01 9.877786785364151001e-02 1.657749861478805542e-01 5.167115330696105957e-01 3.793943673372268677e-02 5.620107427239418030e-02 2.865974605083465576e-01 1.524478495121002197e-01 5.634704232215881348e-02 5.346791818737983704e-02 9.875126928091049194e-02 7.929367572069168091e-02 7.174039632081985474e-02 2.157670706510543823e-01 2.291869521141052246e-01 7.698829472064971924e-02 1.478817313909530640e-01 1.963059008121490479e-01 1.519968062639236450e-01 8.842895179986953735e-02 1.653421968221664429e-01 1.098262369632720947e-01 1.841932088136672974e-01 1.523794233798980713e-01
1.831242293119430542e-01 3.235561251640319824e-01 1.000000000000000000e+00 3.064895272254943848e-01 2.737585306167602539e-01 2.404631823301315308e-01 1.169993206858634949e-01 1.032036021351814270e-01 1.317247748374938965e-01 2.210217863321304321e-01 6.175021454691886902e-02 4.819592460989952087e-02 1.398103237152099609e-01 2.078379243612289429e-01 3.067469783127307892e-02 2.470796108245849609e-01 4.690808802843093872e-02 1.482600122690200806e-01 6.062261015176773071e-02 1.754308491945266724e-01 1.790507286787033081e-01 4.559060558676719666e-02 6.855361908674240112e-02 2.693274319171905518e-01 1.330346986651420593e-02 1.531689912080764771e-01 2.702539563179016113e-01 6.827339529991149902e-03 2.652263939380645752e-01 1.794810891151428223e-01 1.603240072727203369e-01 6.652993708848953247e-02 7.609355449676513672e-02 1.074021384119987488e-01 1.038175672292709351e-01 2.359091117978096008e-02 2.830960042774677277e-02 1.329554468393325806e-01 2.107825689017772675e-02 3.939684852957725525e-02 8.420635759830474854e-02 3.020227886736392975e-02 -2.051503770053386688e-02 1.511970907449722290e-01 1.767734736204147339e-01 2.581008337438106537e-02 1.241743117570877075e-01 1.251164227724075317e-01 2.882703766226768494e-02 1.063274033367633820e-02 1.283503770828247070e-01 7.890631258487701416e-02 2.067674510180950165e-02 1.422534976154565811e-02 1.309041082859039307e-01 1.895463280379772186e-02 1.149983182549476624e-01 1.236735656857490540e-01 1.757677048444747925e-01 9.378989785909652710e-02 1.093717664480209351e-01 1.502474397420883179e-01 1.080517396330833435e-01 5.292164534330368042e-02 1.583272069692611694e-01 1.092643886804580688e-01 1.539432853460311890e-01 2.558395266532897949e-01
2.390906959772109985e-01 4.499223232269287109e-01 3.064895272254943848e-01 1.000000000000000000e+00 2.856817245483398438e-01 5.050949454307556152e-01 1.686934083700180054e-01 2.052640318870544434e-01 1.929827779531478882e-01 3.019835352897644043e-01 1.075869873166084290e-01 1.413914412260055542e-01 4.210911691188812256e-01 3.246763944625854492e-01 5.925589054822921753e-02 3.208435177803039551e-01 2.300735861063003540e-01 3.116231262683868408e-01 7.950495928525924683e-02 3.569590747356414795e-01 1.954307258129119873e-01 7.237082719802856445e-02 1.396898031234741211e-01 2.057676911354064941e-01 1.372245848178863525e-01 1.331397444009780884e-01 2.391314506530761719e-01 7.301194965839385986e-02 1.271455287933349609e-01 1.181958168745040894e-01 2.489406615495681763e-01 4.131624475121498108e-02 3.815114870667457581e-02 1.172626018524169922e-01 8.157549053430557251e-02 1.894928887486457825e-02 7.072944194078445435e-02 1.436725705862045288e-01 3.585530444979667664e-02 5.049202218651771545e-02 6.194953992962837219e-02 7.225665450096130371e-02 6.539101153612136841e-02 1.538777649402618408e-01 6.650090962648391724e-02 1.233139783143997192e-01 1.154320463538169861e-01 1.623586565256118774e-01 4.630873445421457291e-03 8.805201202630996704e-02 3.105528652667999268e-01 6.902924180030822754e-02 5.009648203849792480e-02 9.207712113857269287e-02 2.483657002449035645e-01 7.005096971988677979e-02 1.315418332815170288e-01 1.681998968124389648e-01 1.301914900541305542e-01 8.578449487686157227e-02 2.132644057273864746e-01 1.988967061042785645e-01 1.920648366212844849e-01 8.347791433334350586e-02 2.177317440509796143e-01 2.061403542757034302e-01 2.270093411207199097e-01 2.335057705640792847e-01
4.107874035835266113e-01 1.936507523059844971e-01 2.737585306167602539e-01 2.856817245483398438e-01 1.000000000000000000e+00 1.680867075920104980e-01 8.474742621183395386e-02 1.095822900533676147e-01 1.990461200475692749e-01 3.321844339370727539e-01 6.807420402765274048e-02 1.713918298482894897e-01 1.143850088119506836e-01 2.266413122415542603e-01 8.642798662185668945e-02 2.442606389522552490e-01 2.411088347434997559e-02 1.187593713402748108e-01 1.072331964969635010e-01 2.136055827140808105e-01 1.847709119319915771e-01 6.303862482309341431e-02 1.250669211149215698e-01 2.507305741310119629e-01 7.380373775959014893e-02 1.617205142974853516e-01 3.082848489284515381e-01 5.368852987885475159e-02 2.659510672092437744e-01 2.209234386682510376e-01 1.701606810092926025e-01 1.977046765387058258e-02 1.779681593179702759e-01 1.343505531549453735e-01 7.913175038993358612e-03 1.790100522339344025e-02 8.342730998992919922e-02 5.097129568457603455e-02 -4.183393344283103943e-02 1.144130006432533264e-01 2.357510775327682495e-01 3.281360492110252380e-02 -3.155600652098655701e-02 2.528007924556732178e-01 1.424612253904342651e-01 6.320781260728836060e-02 1.283144354820251465e-01 2.347237914800643921e-01 1.752702891826629639e-02 -2.320170588791370392e-02 1.344780623912811279e-01 5.708808451890945435e-02 1.063462998718023300e-02 -2.912094630300998688e-02 1.848984509706497192e-01 1.216367706656455994e-01 1.020994186401367188e-01 1.458394676446914673e-01 1.198784559965133667e-01 1.408934146165847778e-01 3.199985325336456299e-01 9.747198224067687988e-02 1.475898623466491699e-01 9.364058822393417358e-02 1.350620239973068237e-01 3.417198657989501953e-01 2.047840207815170288e-01 3.725856542587280273e-01
1.207997947931289673e-01 3.893417119979858398e-01 2.404631823301315308e-01 5.050949454307556152e-01 1.680867075920104980e-01 1.000000000000000000e+00 2.007804661989212036e-01 2.396491318941116333e-01 2.268106192350387573e-01 2.548762857913970947e-01 1.409933418035507202e-01 1.498140841722488403e-01 5.915542244911193848e-01 1.877384930849075317e-01 8.407104760408401489e-02 3.886423110961914062e-01 2.821879386901855469e-01 3.715637624263763428e-01 7.245244830846786499e-02 4.245847463607788086e-01 1.555727273225784302e-01 7.659548521041870117e-02 1.469742506742477417e-01 7.488886266946792603e-02 1.850969791412353516e-01 2.093928456306457520e-01 2.019684761762619019e-01 1.059591695666313171e-01 7.089705020189285278e-02 8.399260044097900391e-02 9.482531249523162842e-02 4.279994964599609375e-02 2.226506546139717102e-02 9.187866002321243286e-02 1.247206404805183411e-01 4.478816315531730652e-02 4.510195553302764893e-02 2.284378111362457275e-01 1.213168203830718994e-01 7.201964408159255981e-02 5.165126919746398926e-02 5.729954689741134644e-02 8.111303299665451050e-02 1.003108024597167969e-01 5.627509951591491699e-02 1.398027837276458740e-01 8.360257744789123535e-02 1.361100524663925171e-01 3.393612429499626160e-02 6.153851747512817383e-02 1.859324425458908081e-01 7.921069115400314331e-02 5.720775201916694641e-02 1.074794828891754150e-01 8.702732622623443604e-02 4.823704436421394348e-02 1.164493784308433533e-01 1.603111326694488525e-01 9.086879342794418335e-02 7.325659692287445068e-02 1.096515357494354248e-01 2.026212662458419800e-01 1.470111757516860962e-01 9.885823726654052734e-02 1.564057022333145142e-01 1.091065481305122375e-01 1.282580494880676270e-01 1.438440978527069092e-01
3.636201471090316772e-02 9.672386944293975830e-02 1.169993206858634949e-01 1.686934083700180054e-01 8.474742621183395386e-02 2.007804661989212036e-01 1.000000000000000000e+00 8.527015149593353271e-02 8.291211724281311035e-02 1.473949998617172241e-01 6.078357994556427002e-02 7.327329367399215698e-02 1.549216359853744507e-01 1.075911447405815125e-01 4.360370337963104248e-02 1.204619482159614563e-01 1.069870889186859131e-01 1.086788475513458252e-01 5.820589885115623474e-02 1.117345169186592102e-01 6.831103563308715820e-02 3.997964411973953247e-02 3.799881413578987122e-02 6.970007717609405518e-02 7.639634609222412109e-02 5.449973046779632568e-02 8.057711273431777954e-02 4.476438462734222412e-02 3.827184438705444336e-02 2.490709722042083740e-02 4.408143088221549988e-02 5.165643058717250824e-03 -4.933620803058147430e-03 3.585694357752799988e-02 2.771429158747196198e-02 3.196004405617713928e-02 4.685082286596298218e-02 4.158613085746765137e-02 5.428247526288032532e-02 1.616367883980274200e-02 2.846392057836055756e-02 3.228599578142166138e-02 5.652347207069396973e-02 3.375630080699920654e-02 3.265165165066719055e-02 4.268227145075798035e-02 5.003136768937110901e-02 4.610997159034013748e-03 4.160464182496070862e-02 7.156374305486679077e-02 6.773719936609268188e-02 1.926838234066963196e-02 3.432137891650199890e-02 8.640671521425247192e-02 5.077584460377693176e-02 1.906022056937217712e-02 4.206642508506774902e-02 6.853079050779342651e-02 3.682400286197662354e-02 4.840458557009696960e-02 4.983508214354515076e-02 5.910077318549156189e-02 4.711227118968963623e-02 9.995429962873458862e-02 6.484381109476089478e-02 1.211326643824577332e-01 5.942515283823013306e-02 9.169708937406539917e-02
8.130311220884323120e-02 1.501427739858627319e-01 1.032036021351814270e-01 2.052640318870544434e-01 1.095822900533676147e-01 2.396491318941116333e-01 8.527015149593353271e-02 1.000000000000000000e+00 1.409225165843963623e-01 1.348581910133361816e-01 1.188098341226577759e-01 6.809341907501220703e-02 1.726954281330108643e-01 4.840523749589920044e-02 5.525944754481315613e-02 1.962699592113494873e-01 8.902601897716522217e-02 1.284816116094589233e-01 5.696786940097808838e-02 1.754896789789199829e-01 5.064746364951133728e-02 6.314460933208465576e-02 6.665638834238052368e-02 6.707958877086639404e-02 7.908658683300018311e-02 9.108735620975494385e-02 9.986535459756851196e-02 6.111944466829299927e-02 5.449885129928588867e-02 5.888121947646141052e-02 2.935824729502201080e-02 -8.158838376402854919e-03 3.000885248184204102e-02 5.690293386578559875e-02 2.408956736326217651e-02 1.817274093627929688e-02 3.657519817352294922e-02 7.833150029182434082e-02 3.054490499198436737e-02 5.853807926177978516e-02 4.508308693766593933e-02 2.410637214779853821e-02 6.907492130994796753e-02 1.114703267812728882e-01 6.616330891847610474e-02 5.932895839214324951e-02 5.604686215519905090e-02 5.233026668429374695e-02 2.185664884746074677e-02 4.555873572826385498e-02 8.741921931505203247e-02 5.783917009830474854e-02 4.931055381894111633e-02 6.792540103197097778e-02 8.850742876529693604e-02 5.870585143566131592e-02 7.795830070972442627e-02 1.036628708243370056e-01 9.536898136138916016e-02 6.467483192682266235e-02 5.368056893348693848e-02 8.254308998584747314e-02 8.642626553773880005e-02 1.435527056455612183e-01 8.906348049640655518e-02 4.824696108698844910e-02 7.940614968538284302e-02 1.023926436901092529e-01
1.602351665496826172e-01 1.463682949542999268e-01 1.317247748374938965e-01 1.929827779531478882e-01 1.990461200475692749e-01 2.268106192350387573e-01 8.291211724281311035e-02 1.409225165843963623e-01 1.000000000000000000e+00 3.483888804912567139e-01 7.889002561569213867e-02 8.910480886697769165e-02 1.617011576890945435e-01 1.215099170804023743e-01 6.894165277481079102e-02 1.667177379131317139e-01 1.228491216897964478e-01 1.142508164048194885e-01 9.711903333663940430e-02 1.832664012908935547e-01 9.527561068534851074e-02 9.617884457111358643e-02 8.452071994543075562e-02 1.329836100339889526e-01 9.141675382852554321e-02 9.715168178081512451e-02 1.672725230455398560e-01 4.985400289297103882e-02 1.931048482656478882e-01 1.029757410287857056e-01 1.091068387031555176e-01 3.513455390930175781e-02 9.293632209300994873e-02 1.208612769842147827e-01 6.399352103471755981e-02 2.170316427946090698e-01 1.598104983568191528e-01 1.100575998425483704e-01 3.770396346226334572e-03 8.674844354391098022e-02 8.229202777147293091e-02 4.086902365088462830e-02 -2.736123977228999138e-03 1.258649975061416626e-01 6.812890619039535522e-02 6.059559062123298645e-02 5.598856508731842041e-02 4.912195354700088501e-02 -7.889116532169282436e-04 1.755129662342369556e-03 8.807395398616790771e-02 3.678184375166893005e-02 3.134020790457725525e-02 1.359765045344829559e-02 8.611679077148437500e-02 3.093595243990421295e-02 8.379703760147094727e-02 1.294340789318084717e-01 8.508428186178207397e-02 5.799583345651626587e-02 1.212406530976295471e-01 8.109908550977706909e-02 1.335637122392654419e-01 6.410663574934005737e-02 8.349784463644027710e-02 1.281021833419799805e-01 9.994743019342422485e-02 2.296381443738937378e-01
3.617015480995178223e-01 1.600026786327362061e-01 2.210217863321304321e-01 3.019835352897644043e-01 3.321844339370727539e-01 2.548762857913970947e-01 1.473949998617172241e-01 1.348581910133361816e-01 3.483888804912567139e-01 1.000000000000000000e+00 6.462197750806808472e-02 1.862157136201858521e-01 3.015849888324737549e-01 2.187954038381576538e-01 6.151549145579338074e-02 3.623858988285064697e-01 3.150666952133178711e-01 1.647110134363174438e-01 1.308809369802474976e-01 2.691752612590789795e-01 1.782231479883193970e-01 1.553656011819839478e-01 1.272670328617095947e-01 3.571305871009826660e-01 2.650761008262634277e-01 1.435838639736175537e-01 5.047146081924438477e-01 1.074556931853294373e-01 3.481496274471282959e-01 2.386904507875442505e-01 1.853129565715789795e-01 6.116440892219543457e-02 1.233695372939109802e-01 1.920071393251419067e-01 7.333173602819442749e-02 1.995522975921630859e-01 1.822781264781951904e-01 2.922179996967315674e-01 -3.016041778028011322e-02 4.046583548188209534e-02 1.187450513243675232e-01 1.228048875927925110e-01 5.460358038544654846e-02 3.604078888893127441e-01 1.480877995491027832e-01 1.044883131980895996e-01 1.281406283378601074e-01 4.281590133905410767e-02 -1.491751894354820251e-02 3.971794992685317993e-02 1.391470432281494141e-01 2.338789217174053192e-02 3.866115584969520569e-02 5.722603201866149902e-02 2.374565750360488892e-01 5.355516821146011353e-02 1.936234831809997559e-01 2.151823788881301880e-01 1.793285906314849854e-01 1.535600423812866211e-01 2.363345026969909668e-01 1.290692239999771118e-01 2.981095910072326660e-01 9.426558762788772583e-02 1.929301172494888306e-01 3.985933959484100342e-01 2.343612760305404663e-01 5.494346022605895996e-01
5.169278383255004883e-02 1.212036013603210449e-01 6.175021454691886902e-02 1.075869873166084290e-01 6.807420402765274048e-02 1.409933418035507202e-01 6.078357994556427002e-02 1.188098341226577759e-01 7.889002561569213867e-02 6.462197750806808472e-02 1.000000000000000000e+00 1.646379381418228149e-01 1.580867916345596313e-01 6.079979240894317627e-02 6.165675446391105652e-02 1.070913523435592651e-01 8.112787455320358276e-02 1.164264380931854248e-01 3.462247177958488464e-02 1.064931154251098633e-01 7.142157852649688721e-02 2.268503420054912567e-02 4.039546474814414978e-02 3.749842941761016846e-02 3.411507606506347656e-02 9.503038227558135986e-02 5.605534464120864868e-02 3.959149122238159180e-02 4.427566751837730408e-02 6.478107720613479614e-02 4.760930314660072327e-02 3.230398148298263550e-02 4.229898005723953247e-02 1.223907899111509323e-02 2.299823984503746033e-02 1.634356379508972168e-02 3.043044358491897583e-02 3.849688544869422913e-02 1.448955293744802475e-02 3.292301669716835022e-02 2.251840010285377502e-02 2.611628733575344086e-02 4.784217849373817444e-02 4.052186384797096252e-02 4.227014258503913879e-02 2.793219499289989471e-02 3.562915697693824768e-02 7.872349768877029419e-02 1.589617133140563965e-02 4.213043302297592163e-02 3.735710680484771729e-02 3.480506315827369690e-02 2.731333300471305847e-02 1.849334686994552612e-02 -3.714629216119647026e-03 4.130927100777626038e-02 2.344734594225883484e-02 3.375698998570442200e-02 1.903211511671543121e-02 2.595637552440166473e-02 5.531020462512969971e-02 3.159803152084350586e-02 3.447068855166435242e-02 7.807486504316329956e-02 2.103150449693202972e-02 3.066959604620933533e-02 3.076539002358913422e-02 3.813743963837623596e-02
1.625000834465026855e-01 1.146460473537445068e-01 4.819592460989952087e-02 1.413914412260055542e-01 1.713918298482894897e-01 1.498140841722488403e-01 7.327329367399215698e-02 6.809341907501220703e-02 8.910480886697769165e-02 1.862157136201858521e-01 1.646379381418228149e-01 1.000000000000000000e+00 1.784600764513015747e-01 1.929241418838500977e-01 7.686331123113632202e-02 1.474462300539016724e-01 1.265415102243423462e-01 1.375655978918075562e-01 7.658664137125015259e-02 1.582683622837066650e-01 1.861341893672943115e-01 4.077260196208953857e-02 1.282518208026885986e-01 1.356056779623031616e-01 6.572952866554260254e-02 7.656919956207275391e-02 1.698713153600692749e-01 9.065610170364379883e-02 1.376276165246963501e-01 1.519219279289245605e-01 6.797599047422409058e-02 -2.326327841728925705e-03 8.658780902624130249e-02 1.488416548818349838e-02 -6.751121254637837410e-04 -6.327450741082429886e-03 5.600704252719879150e-02 5.935378745198249817e-02 -2.056951634585857391e-02 4.509854689240455627e-02 5.141318216919898987e-02 4.535806551575660706e-02 -6.527979858219623566e-03 1.132357120513916016e-01 3.425172716379165649e-02 3.324646875262260437e-02 3.233115747570991516e-02 5.446302890777587891e-02 -1.488749869167804718e-02 -1.876550540328025818e-02 4.757304862141609192e-02 1.842458546161651611e-02 3.798221796751022339e-02 -6.882493849843740463e-03 8.579364418983459473e-02 6.091729179024696350e-02 6.362350285053253174e-02 9.773173183202743530e-02 3.639712184667587280e-02 4.135751724243164062e-02 1.659784018993377686e-01 3.585346788167953491e-02 8.623960614204406738e-02 4.855147749185562134e-02 4.858202114701271057e-02 9.903819859027862549e-02 8.955561369657516479e-02 1.728072166442871094e-01
1.139472499489784241e-01 3.156451582908630371e-01 1.398103237152099609e-01 4.210911691188812256e-01 1.143850088119506836e-01 5.915542244911193848e-01 1.549216359853744507e-01 1.726954281330108643e-01 1.617011576890945435e-01 3.015849888324737549e-01 1.580867916345596313e-01 1.784600764513015747e-01 1.000000000000000000e+00 2.650927603244781494e-01 1.246849000453948975e-01 3.957862257957458496e-01 4.316820204257965088e-01 5.162433981895446777e-01 7.863425463438034058e-02 3.785822987556457520e-01 2.049445807933807373e-01 1.041067764163017273e-01 9.040141850709915161e-02 6.733833253383636475e-02 2.665598690509796143e-01 1.646181941032409668e-01 2.623083293437957764e-01 2.834345102310180664e-01 4.138629138469696045e-02 1.007230058312416077e-01 1.106947511434555054e-01 1.418248414993286133e-01 1.829805411398410797e-02 3.278980404138565063e-02 2.320751696825027466e-01 1.414770632982254028e-01 2.376877516508102417e-02 2.385019809007644653e-01 1.711982674896717072e-02 2.081647887825965881e-02 4.189968854188919067e-02 7.689119130373001099e-02 6.474164128303527832e-02 1.042322218418121338e-01 3.376920521259307861e-02 6.972601264715194702e-02 3.282702341675758362e-02 1.074748635292053223e-01 4.849646240472793579e-03 4.914312437176704407e-02 1.809921711683273315e-01 5.321633070707321167e-02 3.031990118324756622e-02 1.173694953322410583e-01 1.001293733716011047e-01 1.795562170445919037e-02 8.838313817977905273e-02 7.745733857154846191e-02 2.678016759455204010e-02 4.420945420861244202e-02 8.970516920089721680e-02 1.356472969055175781e-01 1.365239024162292480e-01 6.437434256076812744e-02 1.781086921691894531e-01 1.393711417913436890e-01 1.404753923416137695e-01 2.078558206558227539e-01
2.916855216026306152e-01 1.546429693698883057e-01 2.078379243612289429e-01 3.246763944625854492e-01 2.266413122415542603e-01 1.877384930849075317e-01 1.075911447405815125e-01 4.840523749589920044e-02 1.215099170804023743e-01 2.187954038381576538e-01 6.079979240894317627e-02 1.929241418838500977e-01 2.650927603244781494e-01 1.000000000000000000e+00 3.591005504131317139e-02 1.305847615003585815e-01 2.424569278955459595e-01 3.509554564952850342e-01 1.062409877777099609e-01 2.464354932308197021e-01 5.199722051620483398e-01 8.070573955774307251e-02 8.379026502370834351e-02 4.413101673126220703e-01 3.770194947719573975e-02 1.222991198301315308e-01 4.399845004081726074e-01 1.204451248049736023e-01 3.328822255134582520e-01 1.990142911672592163e-01 4.646147787570953369e-01 1.772327423095703125e-01 1.653233021497726440e-01 2.125309854745864868e-01 1.572138443589210510e-02 2.645247243344783783e-02 6.239012628793716431e-02 4.523647204041481018e-02 -1.381077244877815247e-02 -7.552697788923978806e-03 4.049309343099594116e-02 1.190931051969528198e-01 -5.533173680305480957e-02 3.069492755457758904e-03 7.870646566152572632e-02 -7.002913858741521835e-03 1.052414327859878540e-01 6.850677542388439178e-03 -2.645216323435306549e-02 -3.124780766665935516e-02 4.057301953434944153e-02 -4.117576032876968384e-02 2.597783505916595459e-02 -6.219092011451721191e-02 2.154698073863983154e-01 1.672922447323799133e-02 1.790189296007156372e-01 6.566991657018661499e-02 6.182490289211273193e-02 5.428496748208999634e-02 2.032199949026107788e-01 5.938763730227947235e-03 -1.872116699814796448e-02 2.823593840003013611e-02 3.050347976386547089e-02 1.049238592386245728e-01 1.083706542849540710e-01 2.526085376739501953e-01
3.706786036491394043e-02 7.431398332118988037e-02 3.067469783127307892e-02 5.925589054822921753e-02 8.642798662185668945e-02 8.407104760408401489e-02 4.360370337963104248e-02 5.525944754481315613e-02 6.894165277481079102e-02 6.151549145579338074e-02 6.165675446391105652e-02 7.686331123113632202e-02 1.246849000453948975e-01 3.591005504131317139e-02 1.000000000000000000e+00 6.650847196578979492e-02 1.176617220044136047e-01 1.087734475731849670e-01 6.562183052301406860e-02 7.149746268987655640e-02 6.264058500528335571e-02 5.256767943501472473e-02 3.393260389566421509e-02 2.499938756227493286e-02 4.059565067291259766e-02 4.472130164504051208e-02 3.093478269875049591e-02 3.773219510912895203e-02 -2.103849546983838081e-03 2.126174978911876678e-02 1.489761169068515301e-03 2.139671891927719116e-02 8.018407039344310760e-03 6.030887598171830177e-04 3.204967081546783447e-02 2.747335471212863922e-02 3.059913031756877899e-02 3.308603540062904358e-02 2.519357763230800629e-02 3.158986940979957581e-02 3.866128996014595032e-02 2.738443389534950256e-02 4.920277372002601624e-02 -2.456749789416790009e-03 1.657739654183387756e-02 1.263294368982315063e-02 1.699232123792171478e-02 4.123914241790771484e-02 2.989684417843818665e-02 2.940015867352485657e-02 1.793956942856311798e-02 7.795726414769887924e-03 3.888697549700737000e-02 8.426336199045181274e-02 -1.279698219150304794e-02 5.167132988572120667e-02 3.154261037707328796e-02 1.012992346659302711e-03 2.574910223484039307e-02 2.338056825101375580e-02 5.509078502655029297e-02 4.665858112275600433e-03 1.489713601768016815e-02 1.981535181403160095e-02 1.412669476121664047e-02 2.963595464825630188e-02 1.459122356027364731e-02 1.083816867321729660e-02
2.361553460359573364e-01 2.571506202220916748e-01 2.470796108245849609e-01 3.208435177803039551e-01 2.442606389522552490e-01 3.886423110961914062e-01 1.204619482159614563e-01 1.962699592113494873e-01 1.667177379131317139e-01 3.623858988285064697e-01 1.070913523435592651e-01 1.474462300539016724e-01 3.957862257957458496e-01 1.305847615003585815e-01 6.650847196578979492e-02 1.000000000000000000e+00 2.131735682487487793e-01 2.858254015445709229e-01 9.484308212995529175e-02 3.839827775955200195e-01 2.500555515289306641e-01 1.398078650236129761e-01 1.639820337295532227e-01 2.902337014675140381e-01 1.604220569133758545e-01 2.791495621204376221e-01 4.213980734348297119e-01 2.258002161979675293e-01 2.030115872621536255e-01 2.445946782827377319e-01 9.382512420415878296e-02 2.513245493173599243e-02 9.610144048929214478e-02 1.500939577817916870e-01 9.270216524600982666e-02 3.079473227262496948e-02 7.978022843599319458e-02 2.387418448925018311e-01 2.955043315887451172e-02 1.770361512899398804e-01 9.552547335624694824e-02 2.444405667483806610e-02 4.232539981603622437e-02 3.211934566497802734e-01 1.445433497428894043e-01 7.383844256401062012e-02 4.444532841444015503e-02 1.028223335742950439e-01 1.202148199081420898e-02 2.118325978517532349e-02 1.757264286279678345e-01 5.503498390316963196e-02 3.919092193245887756e-02 2.577411010861396790e-02 1.019035503268241882e-01 4.256971552968025208e-02 1.836967170238494873e-01 2.018916010856628418e-01 1.331815272569656372e-01 1.214102432131767273e-01 1.821488887071609497e-01 2.244040220975875854e-01 2.701045870780944824e-01 9.903620183467864990e-02 1.685109585523605347e-01 1.326403915882110596e-01 1.546187847852706909e-01 3.031782209873199463e-01
9.630912542343139648e-02 1.955254226922988892e-01 4.690808802843093872e-02 2.300735861063003540e-01 2.411088347434997559e-02 2.821879386901855469e-01 1.069870889186859131e-01 8.902601897716522217e-02 1.228491216897964478e-01 3.150666952133178711e-01 8.112787455320358276e-02 1.265415102243423462e-01 4.316820204257965088e-01 2.424569278955459595e-01 1.176617220044136047e-01 2.131735682487487793e-01 1.000000000000000000e+00 5.042637586593627930e-01 1.091336235404014587e-01 3.115677833557128906e-01 3.079434633255004883e-01 8.054117858409881592e-02 1.296024918556213379e-01 9.722664952278137207e-02 9.221864491701126099e-02 1.940163522958755493e-01 1.220859214663505554e-01 2.862773537635803223e-01 7.144942134618759155e-02 1.509862989187240601e-01 9.786044806241989136e-02 4.471094161272048950e-02 2.065731957554817200e-02 9.039099328219890594e-03 1.071592718362808228e-01 1.321020126342773438e-01 6.069088727235794067e-02 7.567168027162551880e-02 -5.939334630966186523e-02 -2.285924367606639862e-02 -6.401876453310251236e-03 -2.356194332242012024e-02 -4.573008790612220764e-02 -7.427319884300231934e-03 -2.589065209031105042e-02 8.282128721475601196e-02 -5.179174477234482765e-04 -1.729538105428218842e-02 -9.208906441926956177e-03 3.850496932864189148e-02 7.171935867518186569e-03 -4.026983678340911865e-02 7.193529605865478516e-02 5.114778131246566772e-02 -1.351323164999485016e-02 -4.156507179141044617e-02 6.628021597862243652e-02 7.825013995170593262e-02 -3.047482855618000031e-02 -5.372709035873413086e-02 -1.166049484163522720e-02 -2.772977761924266815e-02 1.057490631937980652e-01 -2.000712603330612183e-02 2.196564525365829468e-02 9.337622672319412231e-02 -6.174826528877019882e-03 2.667378261685371399e-02
1.212493777275085449e-01 2.759448587894439697e-01 1.482600122690200806e-01 3.116231262683868408e-01 1.187593713402748108e-01 3.715637624263763428e-01 1.086788475513458252e-01 1.284816116094589233e-01 1.142508164048194885e-01 1.647110134363174438e-01 1.164264380931854248e-01 1.375655978918075562e-01 5.162433981895446777e-01 3.509554564952850342e-01 1.087734475731849670e-01 2.858254015445709229e-01 5.042637586593627930e-01 1.000000000000000000e+00 1.271646022796630859e-01 4.931567907333374023e-01 3.848146200180053711e-01 1.323028355836868286e-01 1.549479067325592041e-01 1.871789246797561646e-01 2.189644873142242432e-01 2.669987678527832031e-01 2.574108839035034180e-01 2.267836481332778931e-01 8.706672489643096924e-02 1.609486639499664307e-01 6.832570582628250122e-02 1.179713904857635498e-01 3.733329102396965027e-02 1.576558686792850494e-02 5.305488407611846924e-02 2.430027164518833160e-02 1.944418251514434814e-02 8.066026866436004639e-02 -1.395128667354583740e-02 3.087301366031169891e-02 1.371063105762004852e-02 3.095784038305282593e-02 1.691831089556217194e-02 6.939058005809783936e-02 2.228783071041107178e-02 3.546877205371856689e-02 2.278315462172031403e-02 3.372764587402343750e-02 -6.838754750788211823e-03 1.893159747123718262e-02 1.917920075356960297e-02 8.870624005794525146e-03 5.041783675551414490e-03 2.362158335745334625e-02 4.224126413464546204e-02 1.169323828071355820e-02 3.699145466089248657e-02 4.667043685913085938e-02 1.501672621816396713e-02 1.723263040184974670e-02 3.161581233143806458e-02 -1.623851060867309570e-02 1.607596315443515778e-02 1.733655296266078949e-02 4.113369435071945190e-02 3.440356999635696411e-02 3.292601183056831360e-02 1.086225584149360657e-01
9.551215171813964844e-02 6.480675935745239258e-02 6.062261015176773071e-02 7.950495928525924683e-02 1.072331964969635010e-01 7.245244830846786499e-02 5.820589885115623474e-02 5.696786940097808838e-02 9.711903333663940430e-02 1.308809369802474976e-01 3.462247177958488464e-02 7.658664137125015259e-02 7.863425463438034058e-02 1.062409877777099609e-01 6.562183052301406860e-02 9.484308212995529175e-02 1.091336235404014587e-01 1.271646022796630859e-01 1.000000000000000000e+00 1.315714716911315918e-01 1.184505075216293335e-01 2.351765632629394531e-01 7.370279729366302490e-02 8.335207402706146240e-02 6.825879961252212524e-02 9.334843605756759644e-02 9.564531594514846802e-02 4.203746095299720764e-02 8.015715330839157104e-02 5.189330503344535828e-02 4.277226328849792480e-02 4.580021370202302933e-03 2.986800670623779297e-02 3.934523463249206543e-02 -1.184364664368331432e-03 1.358362734317779541e-01 5.881618708372116089e-02 4.747002199292182922e-02 3.483751416206359863e-02 4.245114699006080627e-02 3.064178302884101868e-02 9.917414747178554535e-03 1.218154840171337128e-02 8.107290416955947876e-02 3.661300614476203918e-02 9.597725234925746918e-03 3.574281185865402222e-02 1.791780069470405579e-02 1.296031940728425980e-02 1.589737832546234131e-02 3.420903906226158142e-02 1.827431097626686096e-02 1.151662841439247131e-01 2.944786474108695984e-02 3.558782860636711121e-02 4.818893969058990479e-02 5.677262693643569946e-02 5.239652842283248901e-02 2.115506306290626526e-02 1.865172535181045532e-01 6.033401563763618469e-02 2.168451249599456787e-02 4.402277618646621704e-02 3.754240646958351135e-02 1.904592104256153107e-02 4.643190279603004456e-02 3.925506398081779480e-02 1.420925110578536987e-01
2.038612663745880127e-01 3.357785046100616455e-01 1.754308491945266724e-01 3.569590747356414795e-01 2.136055827140808105e-01 4.245847463607788086e-01 1.117345169186592102e-01 1.754896789789199829e-01 1.832664012908935547e-01 2.691752612590789795e-01 1.064931154251098633e-01 1.582683622837066650e-01 3.785822987556457520e-01 2.464354932308197021e-01 7.149746268987655640e-02 3.839827775955200195e-01 3.115677833557128906e-01 4.931567907333374023e-01 1.315714716911315918e-01 1.000000000000000000e+00 2.522867321968078613e-01 1.247452124953269958e-01 1.609743982553482056e-01 2.272069603204727173e-01 1.861761957406997681e-01 2.929989695549011230e-01 2.829873859882354736e-01 2.974884808063507080e-01 1.535418033599853516e-01 1.228645220398902893e-01 1.275747269392013550e-01 5.638684332370758057e-02 9.047448635101318359e-02 1.318864226341247559e-01 2.372723221778869629e-01 3.978031128644943237e-02 1.331028044223785400e-01 1.656924188137054443e-01 7.823861390352249146e-02 1.719632148742675781e-01 5.376188084483146667e-02 1.076093968003988266e-02 9.602256119251251221e-02 2.577243447303771973e-01 9.939229488372802734e-02 7.181781530380249023e-02 9.378239512443542480e-02 1.482538878917694092e-01 3.417550027370452881e-02 3.452132642269134521e-02 2.062031179666519165e-01 9.581203758716583252e-02 5.079811066389083862e-02 4.132459312677383423e-02 1.620898991823196411e-01 8.958140760660171509e-02 1.611045300960540771e-01 2.529522776603698730e-01 1.422175318002700806e-01 1.174145489931106567e-01 1.899124383926391602e-01 1.532610803842544556e-01 1.540875732898712158e-01 8.016506582498550415e-02 1.406438648700714111e-01 8.985136449337005615e-02 1.381517797708511353e-01 2.300264537334442139e-01
3.222678005695343018e-01 1.581116318702697754e-01 1.790507286787033081e-01 1.954307258129119873e-01 1.847709119319915771e-01 1.555727273225784302e-01 6.831103563308715820e-02 5.064746364951133728e-02 9.527561068534851074e-02 1.782231479883193970e-01 7.142157852649688721e-02 1.861341893672943115e-01 2.049445807933807373e-01 5.199722051620483398e-01 6.264058500528335571e-02 2.500555515289306641e-01 3.079434633255004883e-01 3.848146200180053711e-01 1.184505075216293335e-01 2.522867321968078613e-01 1.000000000000000000e+00 1.070328801870346069e-01 1.599839180707931519e-01 5.035648345947265625e-01 4.912986606359481812e-02 3.358272910118103027e-01 4.490061402320861816e-01 2.287201434373855591e-01 3.625375330448150635e-01 3.779390156269073486e-01 1.797872632741928101e-01 1.324748694896697998e-01 1.877651363611221313e-01 1.257528513669967651e-01 -2.948258630931377411e-02 -7.511821575462818146e-03 4.970390349626541138e-02 4.128370806574821472e-02 -7.315877825021743774e-02 4.132915288209915161e-02 4.156154021620750427e-02 2.035029791295528412e-02 -4.265482351183891296e-02 1.195295676589012146e-01 1.163284927606582642e-01 -1.495733764022588730e-02 8.932747691869735718e-02 7.076676003634929657e-03 -2.381634712219238281e-02 -6.915202736854553223e-02 3.194041550159454346e-02 -4.849698767066001892e-02 3.137578815221786499e-02 -4.078003019094467163e-02 4.995261877775192261e-02 3.656455874443054199e-02 1.635778844356536865e-01 3.261608630418777466e-02 4.956750571727752686e-02 2.326058037579059601e-02 9.815512597560882568e-02 9.697163477540016174e-03 5.806838348507881165e-02 4.736230894923210144e-02 -2.072389936074614525e-03 4.370543360710144043e-02 4.915326833724975586e-02 2.280073463916778564e-01
7.055225223302841187e-02 1.706042513251304626e-02 4.559060558676719666e-02 7.237082719802856445e-02 6.303862482309341431e-02 7.659548521041870117e-02 3.997964411973953247e-02 6.314460933208465576e-02 9.617884457111358643e-02 1.553656011819839478e-01 2.268503420054912567e-02 4.077260196208953857e-02 1.041067764163017273e-01 8.070573955774307251e-02 5.256767943501472473e-02 1.398078650236129761e-01 8.054117858409881592e-02 1.323028355836868286e-01 2.351765632629394531e-01 1.247452124953269958e-01 1.070328801870346069e-01 1.000000000000000000e+00 9.524212777614593506e-02 8.837301284074783325e-02 1.010503321886062622e-01 5.155929923057556152e-02 1.417992860078811646e-01 6.605803221464157104e-02 8.871087431907653809e-02 6.166578829288482666e-02 4.095019027590751648e-02 1.703640329651534557e-03 3.529155999422073364e-02 4.452716931700706482e-02 3.644322231411933899e-02 1.784204393625259399e-01 7.242154330015182495e-02 8.637721091508865356e-02 5.999663099646568298e-02 1.004590764641761780e-01 4.440704360604286194e-02 4.353698715567588806e-02 -3.045211778953671455e-03 1.019650772213935852e-01 1.748911477625370026e-02 1.199438329786062241e-02 2.301368117332458496e-02 -3.613237664103507996e-02 -3.027829341590404510e-03 -2.698069065809249878e-02 2.135848626494407654e-02 7.434679660946130753e-03 4.488859698176383972e-02 -4.714258946478366852e-03 5.261939764022827148e-02 2.493657916784286499e-02 2.313665747642517090e-01 1.902717724442481995e-02 3.121994435787200928e-02 9.119835495948791504e-02 1.091941259801387787e-02 2.327632717788219452e-02 5.944539606571197510e-02 3.057827986776828766e-02 4.013885930180549622e-02 5.530226975679397583e-02 5.304214730858802795e-02 1.601271182298660278e-01
1.155799627304077148e-01 7.980875670909881592e-02 6.855361908674240112e-02 1.396898031234741211e-01 1.250669211149215698e-01 1.469742506742477417e-01 3.799881413578987122e-02 6.665638834238052368e-02 8.452071994543075562e-02 1.272670328617095947e-01 4.039546474814414978e-02 1.282518208026885986e-01 9.040141850709915161e-02 8.379026502370834351e-02 3.393260389566421509e-02 1.639820337295532227e-01 1.296024918556213379e-01 1.549479067325592041e-01 7.370279729366302490e-02 1.609743982553482056e-01 1.599839180707931519e-01 9.524212777614593506e-02 1.000000000000000000e+00 1.620414406061172485e-01 6.488881260156631470e-02 5.917023122310638428e-02 1.019053012132644653e-01 7.270024716854095459e-02 5.536195263266563416e-02 8.515623211860656738e-02 1.192028168588876724e-02 2.411243505775928497e-02 7.545313239097595215e-02 8.060632273554801941e-03 2.221535891294479370e-02 6.679499521851539612e-03 4.723139107227325439e-02 -6.899746949784457684e-04 -5.239704996347427368e-02 1.783340126276016235e-01 4.195580258965492249e-02 6.460224837064743042e-02 -2.844479866325855255e-02 1.370581239461898804e-01 -2.712661027908325195e-02 4.721863940358161926e-02 2.197182364761829376e-02 -2.259794808924198151e-02 1.038218196481466293e-02 4.342775326222181320e-03 7.920198142528533936e-02 2.157671842724084854e-03 1.264936774969100952e-01 5.579097568988800049e-02 8.761325478553771973e-02 1.852527819573879242e-02 2.231805920600891113e-01 8.510953187942504883e-02 2.088331384584307671e-03 1.839027926325798035e-02 7.918112725019454956e-02 7.565722614526748657e-02 1.356217712163925171e-01 3.155731782317161560e-02 3.977102041244506836e-02 1.052372828125953674e-01 8.767266571521759033e-02 9.808697551488876343e-02
