1.000000000000000000e+00 3.876782059669494629e-01 2.391251772642135620e-01 2.866517305374145508e-01 3.068343997001647949e-01 2.407683432102203369e-01 1.719777286052703857e-01 1.859378069639205933e-01 3.867907077074050903e-02 1.682232320308685303e-02 3.753153234720230103e-02 5.776871740818023682e-02 1.439851615577936172e-02 1.095652929507195950e-03 5.825723707675933838e-02 -1.311780977994203568e-02 -7.801281753927469254e-03 2.811500802636146545e-02 3.510169684886932373e-02 8.185593038797378540e-02 2.398128993809223175e-02 7.380815595388412476e-02 9.878796525299549103e-03 1.242950111627578735e-01 6.539167370647192001e-03 -5.252466071397066116e-03 -3.619536291807889938e-03 1.690902560949325562e-02 3.158143535256385803e-02 1.115294471383094788e-01 6.156142801046371460e-02 7.565592974424362183e-02 9.863076359033584595e-02 2.670503966510295868e-02 1.732989214360713959e-02 1.609635911881923676e-02 -1.733949035406112671e-02 1.285530775785446167e-01 3.122184611856937408e-02 3.276365250349044800e-02 1.660895794630050659e-01 7.616135478019714355e-02 3.258629888296127319e-02 1.944885961711406708e-02 2.711251564323902130e-02 2.226336859166622162e-02 4.996725171804428101e-02 6.378199160099029541e-02 1.485272198915481567e-01 6.638416647911071777e-02 3.707412630319595337e-02 4.790555313229560852e-02 7.158967107534408569e-02 2.024170197546482086e-02 -5.363891273736953735e-02 -3.467983100563287735e-03 7.956942170858383179e-02 3.385816514492034912e-02 1.848669257014989853e-03 1.584053784608840942e-02 -1.198553107678890228e-02 2.905602566897869110e-02 4.918264597654342651e-02 -1.876682415604591370e-02 6.804539356380701065e-03 2.299278788268566132e-02 2.398169785737991333e-02 -2.776093035936355591e-02 8.509685285389423370e-03 1.112645212560892105e-02 4.732948169112205505e-02 4.286083579063415527e-02 -4.432765766978263855e-03 6.825851742178201675e-03 1.960446313023567200e-02 2.899700403213500977e-02 6.602061539888381958e-02 9.789443761110305786e-02 1.013065967708826065e-02 5.664162337779998779e-02 1.256495118141174316e-01 1.093971133232116699e-01 5.926997400820255280e-03 1.122103035449981689e-01 1.046505719423294067e-01 1.885462924838066101e-02 4.222154989838600159e-02 5.002139136195182800e-02 8.064971305429935455e-03 1.308439648710191250e-03 1.376293692737817764e-02 2.442689612507820129e-02 2.642274089157581329e-02 5.352039821445941925e-03 -4.919594153761863708e-03 1.864473894238471985e-02 2.026096172630786896e-02 4.489253461360931396e-02 4.626067355275154114e-02 1.552649214863777161e-02 1.479361578822135925e-02 2.929771877825260162e-02 1.069702487438917160e-02 2.914834208786487579e-02 3.289183974266052246e-02 3.748662397265434265e-02 4.293393343687057495e-02 5.055951327085494995e-02 5.999070778489112854e-02 4.643824324011802673e-02 1.171287298202514648e-01 1.537763476371765137e-01 1.470694839954376221e-01 9.183485060930252075e-02 6.829729676246643066e-02 5.948058329522609711e-03
3.876782059669494629e-01 1.000000000000000000e+00 3.452979326248168945e-01 3.524330556392669678e-01 4.557735323905944824e-01 4.354858696460723877e-01 2.592286467552185059e-01 1.427335441112518311e-01 2.674215286970138550e-02 2.903324179351329803e-02 1.019386798143386841e-01 1.405715346336364746e-01 -2.016913378611207008e-03 1.993825845420360565e-02 1.802877895534038544e-02 -1.401708275079727173e-02 -2.131433226168155670e-03 7.441760972142219543e-03 -3.827264532446861267e-02 -4.778769332915544510e-03 2.413496188819408417e-02 1.007128059864044189e-01 -2.689558546990156174e-03 1.900393366813659668e-01 3.253133967518806458e-02 5.158173292875289917e-02 -3.632313385605812073e-02 5.807935446500778198e-02 6.090635433793067932e-02 1.630874574184417725e-01 7.545353472232818604e-02 1.003876104950904846e-01 2.150471955537796021e-01 6.759533286094665527e-02 5.137518793344497681e-02 7.421021908521652222e-02 -2.887647412717342377e-02 1.635559946298599243e-01 5.843690410256385803e-02 5.763221532106399536e-02 3.042597472667694092e-01 1.198122948408126831e-01 4.893343150615692139e-02 4.444010183215141296e-02 5.334381386637687683e-02 5.636445805430412292e-02 1.096370965242385864e-01 -1.718790736049413681e-04 1.420501023530960083e-01 1.124284267425537109e-01 5.853894352912902832e-02 1.010641977190971375e-01 1.147722825407981873e-01 2.218531072139739990e-02 -7.188480347394943237e-02 -3.143833205103874207e-02 1.352631002664566040e-01 7.884587347507476807e-02 -4.687169566750526428e-03 7.237036526203155518e-02 1.045738533139228821e-02 2.883103117346763611e-02 4.212160408496856689e-02 1.376754697412252426e-02 -3.776821494102478027e-02 5.542337149381637573e-02 7.083532866090536118e-03 -4.327205941081047058e-02 2.474345639348030090e-02 1.054803188890218735e-02 7.850067317485809326e-02 7.195647060871124268e-02 -2.009787969291210175e-02 2.836998365819454193e-02 4.942709952592849731e-02 3.625172376632690430e-02 1.203784868121147156e-01 1.769225001335144043e-01 -3.214050829410552979e-02 8.269754797220230103e-02 7.768464088439941406e-02 1.088062599301338196e-01 5.713095143437385559e-02 1.655583679676055908e-01 1.532636433839797974e-01 3.294765204191207886e-02 5.923326313495635986e-02 4.329420253634452820e-02 4.382801800966262817e-02 1.775667769834399223e-03 1.467898208647966385e-02 1.863759569823741913e-02 2.552981115877628326e-02 4.177402332425117493e-02 8.404220454394817352e-03 2.768609300255775452e-02 2.766139991581439972e-02 6.137304008007049561e-02 4.906526952981948853e-02 3.930667415261268616e-02 4.772053658962249756e-02 2.104127593338489532e-02 8.120797574520111084e-02 8.471440523862838745e-02 9.203462302684783936e-02 6.642911583185195923e-02 8.061036467552185059e-02 1.176900714635848999e-01 1.191306263208389282e-01 4.115004464983940125e-02 1.296870708465576172e-01 2.162394374608993530e-01 1.627234667539596558e-01 1.122220605611801147e-01 1.059856042265892029e-01 -2.498091012239456177e-02
2.391251772642135620e-01 3.452979326248168945e-01 1.000000000000000000e+00 3.990384936332702637e-01 3.773364126682281494e-01 3.638379275798797607e-01 5.535220503807067871e-01 2.768975794315338135e-01 3.182248026132583618e-02 4.779498279094696045e-02 1.372882127761840820e-01 5.268433317542076111e-02 2.310314401984214783e-02 5.468153953552246094e-02 2.785260789096355438e-03 2.870829543098807335e-03 1.824237965047359467e-02 3.121950104832649231e-02 -3.600888699293136597e-02 -5.577104166150093079e-02 2.086790278553962708e-02 3.203034773468971252e-02 4.284040257334709167e-02 1.876221448183059692e-01 1.700542308390140533e-02 2.663414552807807922e-02 2.339109778404235840e-02 3.842110559344291687e-02 3.468224033713340759e-02 1.328820884227752686e-01 4.724368825554847717e-02 7.692202180624008179e-02 2.029168605804443359e-02 9.686244279146194458e-02 2.987566776573657990e-02 2.140479162335395813e-02 6.683900952339172363e-02 1.752885878086090088e-01 3.334410861134529114e-02 3.844922408461570740e-02 2.197094410657882690e-01 1.407270878553390503e-01 7.011186331510543823e-02 2.446470782160758972e-02 1.220378577709197998e-01 3.762683644890785217e-02 9.299765527248382568e-02 -2.837037481367588043e-02 3.049501776695251465e-01 7.300085574388504028e-02 1.186531484127044678e-01 9.333578497171401978e-02 2.382728271186351776e-02 3.035375177860260010e-01 1.785033941268920898e-01 3.035586476325988770e-01 1.009415984153747559e-01 1.044734716415405273e-01 1.715829223394393921e-02 7.821480184793472290e-02 3.190322220325469971e-02 1.090817824006080627e-01 3.011845983564853668e-02 7.170490920543670654e-02 9.412594139575958252e-02 5.208285897970199585e-02 9.837570041418075562e-02 1.197571400552988052e-02 1.417328603565692902e-02 5.851939693093299866e-02 7.327266037464141846e-02 1.167618669569492340e-02 6.970851123332977295e-02 6.134853884577751160e-02 4.911998659372329712e-02 1.984275318682193756e-02 9.151866286993026733e-02 9.193349629640579224e-02 8.245631307363510132e-02 1.500681191682815552e-01 2.544930437579751015e-03 3.040231391787528992e-02 3.829501941800117493e-02 1.611609756946563721e-01 2.143709063529968262e-01 2.303396165370941162e-02 3.651045262813568115e-02 2.194434255361557007e-01 2.149073407053947449e-02 5.440060794353485107e-02 1.420903112739324570e-02 2.220189012587070465e-02 6.115618348121643066e-02 6.097705289721488953e-02 4.077975451946258545e-02 6.272733211517333984e-03 2.914942428469657898e-02 5.830363184213638306e-02 7.302039861679077148e-02 2.534272707998752594e-02 3.249304741621017456e-02 1.449843496084213257e-01 6.202784180641174316e-02 5.791290476918220520e-02 6.798683851957321167e-02 1.497430056333541870e-01 5.149569734930992126e-02 4.817505925893783569e-02 9.347556531429290771e-02 7.819095253944396973e-02 8.292881399393081665e-02 1.181839108467102051e-01 1.190686374902725220e-01 6.507197767496109009e-02 3.043080866336822510e-02 1.760788448154926300e-02
2.866517305374145508e-01 3.524330556392669678e-01 3.990384936332702637e-01 1.000000000000000000e+00 4.406888782978057861e-01 3.771518766880035400e-01 4.130147397518157959e-01 3.079195320606231689e-01 9.984143078327178955e-02 3.128004446625709534e-02 6.702005863189697266e-02 6.432417780160903931e-02 2.715378813445568085e-02 1.916588097810745239e-02 3.509071096777915955e-02 1.611388102173805237e-02 1.122911553829908371e-02 3.387332335114479065e-02 5.259361490607261658e-02 9.570778906345367432e-02 4.374661296606063843e-02 5.723408982157707214e-02 5.246431380510330200e-02 1.649881303310394287e-01 1.413208711892366409e-02 1.310125924646854401e-02 7.312260102480649948e-03 2.916545979678630829e-02 6.866516917943954468e-02 1.757474243640899658e-01 9.651875495910644531e-02 8.294860273599624634e-02 8.725406229496002197e-02 6.899084895849227905e-02 3.027617372572422028e-02 1.666037738323211670e-02 1.106572058051824570e-02 2.098927795886993408e-01 5.311066284775733948e-02 3.214051574468612671e-02 2.643409669399261475e-01 1.172809824347496033e-01 4.382123798131942749e-02 1.433503348380327225e-02 7.639268785715103149e-02 4.818154871463775635e-02 8.160075545310974121e-02 8.355606347322463989e-02 2.809764146804809570e-01 6.296547502279281616e-02 1.116422712802886963e-01 8.574184030294418335e-02 5.298082530498504639e-02 1.823301613330841064e-01 2.360094897449016571e-02 1.314394325017929077e-01 1.017963066697120667e-01 7.948713749647140503e-02 -8.810073137283325195e-03 5.553686246275901794e-02 9.645001031458377838e-03 9.133929759263992310e-02 6.307636201381683350e-02 2.744394354522228241e-02 1.065175384283065796e-01 4.833912849426269531e-02 9.818100184202194214e-02 2.726014703512191772e-03 2.344086579978466034e-02 4.044027999043464661e-02 8.806882798671722412e-02 3.537511080503463745e-02 3.790052235126495361e-02 8.328258991241455078e-03 3.081229701638221741e-02 2.564622089266777039e-02 1.127956286072731018e-01 1.198725253343582153e-01 5.911925807595252991e-02 8.151828497648239136e-02 7.609347254037857056e-02 8.003783971071243286e-02 1.545370370149612427e-02 1.820633262395858765e-01 1.880139559507369995e-01 3.120220825076103210e-02 3.755974024534225464e-02 1.410527527332305908e-01 2.677961438894271851e-02 1.539706159383058548e-02 3.164090216159820557e-02 4.030510038137435913e-02 9.754937887191772461e-02 5.182601884007453918e-02 3.559133969247341156e-03 3.824746981263160706e-02 3.114999644458293915e-02 6.193602830171585083e-02 6.858055293560028076e-02 3.841761872172355652e-02 2.582767419517040253e-02 6.279317289590835571e-02 2.075897715985774994e-02 3.130369633436203003e-02 5.251521617174148560e-02 7.583383470773696899e-02 4.248064383864402771e-02 4.765096679329872131e-02 8.296833187341690063e-02 8.883336931467056274e-02 1.075402274727821350e-01 1.242366731166839600e-01 1.448856443166732788e-01 8.703080564737319946e-02 6.303063780069351196e-02 2.216964028775691986e-02
3.068343997001647949e-01 4.557735323905944824e-01 3.773364126682281494e-01 4.406888782978057861e-01 1.000000000000000000e+00 4.663925170898437500e-01 3.125076591968536377e-01 2.477617561817169189e-01 6.959259510040283203e-02 4.292642325162887573e-02 6.801491975784301758e-02 1.143726408481597900e-01 3.047801926732063293e-02 1.121924165636301041e-02 6.224099919199943542e-02 3.926598653197288513e-02 -1.915905973874032497e-03 3.512832522392272949e-02 3.916320949792861938e-02 7.671460509300231934e-02 6.243529170751571655e-02 9.402973949909210205e-02 4.251594096422195435e-02 2.271519601345062256e-01 4.501943290233612061e-02 3.195619210600852966e-02 1.057471334934234619e-02 4.740629345178604126e-02 1.069841086864471436e-01 2.298488914966583252e-01 1.563654989004135132e-01 1.095446124672889709e-01 1.577511727809906006e-01 7.680462300777435303e-02 4.291899502277374268e-02 4.022182151675224304e-02 1.141525246202945709e-02 2.443798333406448364e-01 7.077982276678085327e-02 5.095086246728897095e-02 3.576937615871429443e-01 1.599526256322860718e-01 6.438503414392471313e-02 3.681272268295288086e-02 6.935229152441024780e-02 4.957369714975357056e-02 1.046004071831703186e-01 7.158239185810089111e-02 2.338563352823257446e-01 7.382631301879882812e-02 1.096320524811744690e-01 1.432494372129440308e-01 6.038969010114669800e-02 5.369068309664726257e-02 -1.022288426756858826e-01 -1.231036614626646042e-02 1.164443120360374451e-01 7.443910092115402222e-02 3.040872747078537941e-03 4.013423994183540344e-02 6.113278120756149292e-02 5.217346921563148499e-02 1.003315597772598267e-01 -1.493117399513721466e-02 1.424231287091970444e-02 4.423785209655761719e-02 3.968418762087821960e-02 -3.608924150466918945e-02 2.875796705484390259e-02 1.447149831801652908e-02 7.739153504371643066e-02 7.349576056003570557e-02 5.949090234935283661e-03 1.114936731755733490e-02 6.540647149085998535e-02 5.198607966303825378e-02 1.591945141553878784e-01 2.115587741136550903e-01 3.388173412531614304e-03 1.091759055852890015e-01 1.457750797271728516e-01 1.540698558092117310e-01 2.982823550701141357e-02 2.499944865703582764e-01 1.696431487798690796e-01 4.681038111448287964e-02 7.068927586078643799e-02 1.056913509964942932e-01 4.288546741008758545e-02 2.584721893072128296e-02 4.039335623383522034e-02 3.462700918316841125e-02 2.875488623976707458e-02 1.591534353792667389e-02 9.827972389757633209e-03 4.298556968569755554e-02 3.191584721207618713e-02 8.784842491149902344e-02 7.134402543306350708e-02 3.264632821083068848e-02 7.921434938907623291e-02 4.604727402329444885e-02 4.903106391429901123e-02 4.512842372059822083e-02 8.417399227619171143e-02 1.014495417475700378e-01 6.954770535230636597e-02 1.002455055713653564e-01 8.883715420961380005e-02 6.908999383449554443e-02 1.703571826219558716e-01 1.906249672174453735e-01 1.592861711978912354e-01 1.237555667757987976e-01 9.583775699138641357e-02 -4.691259004175662994e-03
2.407683432102203369e-01 4.354858696460723877e-01 3.638379275798797607e-01 3.771518766880035400e-01 4.663925170898437500e-01 1.000000000000000000e+00 4.239607453346252441e-01 2.506039440631866455e-01 6.341966986656188965e-02 3.286552056670188904e-02 1.159574910998344421e-01 1.275979578495025635e-01 2.030992694199085236e-02 2.733394317328929901e-02 9.967971593141555786e-03 3.483440726995468140e-02 1.601688750088214874e-02 3.875294700264930725e-02 1.467936858534812927e-02 3.341468051075935364e-02 3.623986989259719849e-02 9.441513568162918091e-02 3.077669255435466766e-02 1.904366165399551392e-01 2.454782091081142426e-02 1.589970663189888000e-02 1.131910551339387894e-02 5.691096931695938110e-02 7.630257308483123779e-02 1.740158349275588989e-01 9.616305679082870483e-02 1.142702698707580566e-01 1.531481891870498657e-01 9.095308929681777954e-02 6.095215305685997009e-02 6.441074609756469727e-02 -1.043448501150123775e-04 2.269634157419204712e-01 6.655881553888320923e-02 6.135596707463264465e-02 3.012596666812896729e-01 1.479255408048629761e-01 5.275288596749305725e-02 5.024687945842742920e-02 9.274581074714660645e-02 5.940791592001914978e-02 1.173580586910247803e-01 4.103624820709228516e-02 2.671198546886444092e-01 1.144007593393325806e-01 9.599031507968902588e-02 1.192662343382835388e-01 1.014043167233467102e-01 1.457399129867553711e-01 2.799000032246112823e-02 1.027694046497344971e-01 1.206635832786560059e-01 1.062675416469573975e-01 -1.124392449855804443e-02 6.190448254346847534e-02 6.336918473243713379e-02 8.933075517416000366e-02 9.257525205612182617e-02 6.337336450815200806e-02 6.383618712425231934e-02 6.875370442867279053e-02 7.944965362548828125e-02 -1.145906187593936920e-02 4.059188812971115112e-02 4.694569855928421021e-02 9.576497972011566162e-02 5.116115510463714600e-02 4.007264226675033569e-02 3.289880976080894470e-02 5.317679420113563538e-02 2.844035811722278595e-02 1.347109079360961914e-01 1.760905086994171143e-01 4.636690020561218262e-02 1.011721268296241760e-01 9.207404404878616333e-02 1.115846782922744751e-01 5.915324017405509949e-02 2.035290002822875977e-01 2.093542218208312988e-01 4.509653151035308838e-02 5.156307294964790344e-02 1.484637111425399780e-01 7.247751206159591675e-02 1.030909246765077114e-03 1.557663362473249435e-02 3.717210516333580017e-02 6.603749096393585205e-02 9.945749491453170776e-02 1.418561022728681564e-02 2.950884960591793060e-02 2.401391975581645966e-02 9.504330158233642578e-02 7.608060538768768311e-02 4.112689569592475891e-02 4.683378711342811584e-02 8.111455291509628296e-02 5.953676253557205200e-02 7.554344832897186279e-02 9.807331115007400513e-02 9.310030192136764526e-02 5.293090641498565674e-02 9.407690912485122681e-02 1.405976265668869019e-01 1.130856275558471680e-01 1.255731284618377686e-01 1.918770819902420044e-01 1.676634997129440308e-01 7.862573862075805664e-02 7.559347152709960938e-02 -1.965030655264854431e-02
1.719777286052703857e-01 2.592286467552185059e-01 5.535220503807067871e-01 4.130147397518157959e-01 3.125076591968536377e-01 4.239607453346252441e-01 1.000000000000000000e+00 5.190660357475280762e-01 6.087461113929748535e-02 1.762852631509304047e-02 1.843461841344833374e-01 1.849233359098434448e-02 2.827034145593643188e-02 5.049124732613563538e-02 -2.650670334696769714e-02 -1.556346472352743149e-02 6.602462381124496460e-02 3.866258636116981506e-02 -3.342375531792640686e-02 -7.566550374031066895e-02 2.824464067816734314e-02 2.500273985788226128e-04 4.299591854214668274e-02 1.631785631179809570e-01 3.052062820643186569e-03 -2.291355654597282410e-02 8.297711610794067383e-02 2.716082148253917694e-02 -5.744611844420433044e-02 1.036578044295310974e-01 -5.743576958775520325e-02 6.137436255812644958e-02 -1.016325876116752625e-01 9.098503738641738892e-02 3.118691965937614441e-02 1.191609725356101990e-02 5.086975544691085815e-02 2.139052301645278931e-01 1.890919357538223267e-02 2.634454704821109772e-02 1.674307584762573242e-01 1.787734776735305786e-01 6.944756209850311279e-02 1.060056034475564957e-02 2.175394445657730103e-01 4.593443870544433594e-02 8.659686148166656494e-02 -6.275362521409988403e-02 4.598417282104492188e-01 6.785972416400909424e-02 1.788856685161590576e-01 1.054033935070037842e-01 1.293443795293569565e-02 6.213315129280090332e-01 3.834500312805175781e-01 5.335241556167602539e-01 8.633109182119369507e-02 1.070315241813659668e-01 1.842151768505573273e-02 9.898862987756729126e-02 -3.517455235123634338e-02 1.862010657787322998e-01 -4.060008376836776733e-02 1.158452704548835754e-01 1.828871816396713257e-01 6.745611131191253662e-02 1.922938674688339233e-01 9.030263125896453857e-02 2.188442088663578033e-02 1.115429550409317017e-01 1.078299358487129211e-01 -1.772570423781871796e-02 1.359863728284835815e-01 1.034169420599937439e-01 1.025578356347978115e-03 1.210540300235152245e-03 8.863696455955505371e-02 3.835531696677207947e-02 1.841215491294860840e-01 1.500908732414245605e-01 -9.771096706390380859e-02 -6.329689919948577881e-02 2.437262609601020813e-02 1.791127175092697144e-01 3.139807879924774170e-01 2.465250901877880096e-02 1.242384593933820724e-02 3.687019646167755127e-01 8.978695422410964966e-02 2.945153042674064636e-02 -1.294800173491239548e-02 1.893248036503791809e-02 1.851406693458557129e-01 1.339891552925109863e-01 3.194858878850936890e-02 3.707789001055061817e-04 1.871725916862487793e-02 8.678369969129562378e-02 9.586351364850997925e-02 2.425582148134708405e-02 4.934160038828849792e-02 2.441674023866653442e-01 6.851443648338317871e-02 6.425101310014724731e-02 3.748560324311256409e-02 1.704685539007186890e-01 3.119267150759696960e-02 7.943001575767993927e-03 8.859849721193313599e-02 1.262068599462509155e-01 5.174386128783226013e-02 3.389250859618186951e-02 1.026432141661643982e-01 2.742732688784599304e-02 -2.548683900386095047e-03 1.785148866474628448e-02
1.859378069639205933e-01 1.427335441112518311e-01 2.768975794315338135e-01 3.079195320606231689e-01 2.477617561817169189e-01 2.506039440631866455e-01 5.190660357475280762e-01 1.000000000000000000e+00 8.792014420032501221e-02 2.527136355638504028e-02 1.105459183454513550e-01 2.798838913440704346e-02 7.782786339521408081e-02 6.808511167764663696e-02 1.593442633748054504e-02 1.292524952441453934e-02 4.021487385034561157e-02 6.674071401357650757e-02 3.811707347631454468e-02 2.903101593255996704e-02 5.942051485180854797e-02 1.671514660120010376e-02 3.492990136146545410e-02 1.520282626152038574e-01 1.451424788683652878e-02 -2.249861881136894226e-02 8.108133077621459961e-02 1.799315330572426319e-03 -8.908718824386596680e-03 1.140228211879730225e-01 8.345522917807102203e-03 8.361217379570007324e-02 -5.624612793326377869e-02 5.752433836460113525e-02 2.914065867662429810e-02 8.916289545595645905e-03 1.280068792402744293e-02 2.168383747339248657e-01 2.532600797712802887e-02 3.595387190580368042e-02 1.624597609043121338e-01 1.675576567649841309e-01 5.274853110313415527e-02 9.717074222862720490e-03 1.191777363419532776e-01 4.009615257382392883e-02 4.475639015436172485e-02 9.674320928752422333e-03 3.020475506782531738e-01 2.926908433437347412e-02 1.071848273277282715e-01 1.007445976138114929e-01 4.316246137022972107e-02 3.697881698608398438e-01 1.983764916658401489e-01 2.892889678478240967e-01 6.305351108312606812e-02 6.493277102708816528e-02 -3.926380723714828491e-02 4.459986835718154907e-02 -3.805165737867355347e-02 1.030752584338188171e-01 9.222890250384807587e-03 7.875612378120422363e-02 1.631771922111511230e-01 6.738808006048202515e-02 1.090408265590667725e-01 2.975859306752681732e-02 3.529158607125282288e-02 8.018970489501953125e-02 6.257268041372299194e-02 1.541741285473108292e-02 8.820736408233642578e-02 3.750668838620185852e-02 2.959286794066429138e-03 2.161642909049987793e-02 7.145965099334716797e-02 5.007657781243324280e-02 1.605252772569656372e-01 6.223342567682266235e-02 -6.464291363954544067e-03 5.595293361693620682e-03 3.224734449759125710e-03 1.506123840808868408e-01 1.772329509258270264e-01 4.227947071194648743e-02 1.613501273095607758e-02 1.945579200983047485e-01 4.670057073235511780e-02 -5.207559093832969666e-03 2.920472621917724609e-02 1.920877955853939056e-02 1.601852774620056152e-01 9.577017277479171753e-02 8.505638688802719116e-03 3.504320234060287476e-02 2.622037753462791443e-02 1.155036389827728271e-01 7.643206417560577393e-02 2.817961946129798889e-02 5.029238760471343994e-02 1.099476665258407593e-01 6.683398783206939697e-02 3.587801381945610046e-02 4.978124424815177917e-02 7.515332102775573730e-02 3.278283029794692993e-02 1.102680154144763947e-02 5.210954323410987854e-02 7.642188668251037598e-02 8.083981275558471680e-02 5.076473578810691833e-02 8.565191179513931274e-02 2.111134864389896393e-02 -1.778168231248855591e-02 -7.800337334629148245e-05
3.867907077074050903e-02 2.674215286970138550e-02 3.182248026132583618e-02 9.984143078327178955e-02 6.959259510040283203e-02 6.341966986656188965e-02 6.087461113929748535e-02 8.792014420032501221e-02 1.000000000000000000e+00 4.854610934853553772e-02 3.356188908219337463e-02 2.060481905937194824e-02 1.421833783388137817e-01 3.045646660029888153e-02 8.037883043289184570e-02 1.182332336902618408e-01 2.639038115739822388e-02 9.264772385358810425e-02 6.205002218484878540e-02 9.850359708070755005e-02 6.932207196950912476e-02 1.329650287516415119e-03 7.716092281043529510e-03 4.128428921103477478e-02 8.921828120946884155e-03 -6.579776108264923096e-02 8.238039165735244751e-02 3.530163690447807312e-02 1.963224820792675018e-02 3.372023627161979675e-02 5.330413952469825745e-02 4.230198264122009277e-02 -4.860033094882965088e-02 5.497448146343231201e-02 2.318984642624855042e-02 3.054707311093807220e-02 1.804446801543235779e-02 1.090552732348442078e-01 5.061877518892288208e-02 3.084480017423629761e-02 4.930781945586204529e-02 5.207311362028121948e-02 2.900106273591518402e-02 6.790544092655181885e-02 3.062870912253856659e-02 7.559493929147720337e-02 4.136217758059501648e-02 1.250590533018112183e-01 9.628229588270187378e-02 7.572869211435317993e-02 6.806430965662002563e-02 6.475508958101272583e-02 5.629723146557807922e-02 4.087522998452186584e-02 4.944280162453651428e-02 5.020268261432647705e-02 4.068616032600402832e-02 4.304437711834907532e-02 -1.147229969501495361e-02 1.567189767956733704e-02 2.377917524427175522e-03 5.480016767978668213e-02 6.305266171693801880e-02 7.931192405521869659e-03 1.305348277091979980e-01 6.086115911602973938e-02 9.753622114658355713e-02 1.439617760479450226e-02 4.511070623993873596e-02 1.150406748056411743e-01 7.512146979570388794e-02 1.074315793812274933e-02 6.247914209961891174e-02 1.146830897778272629e-02 4.171006381511688232e-03 4.131662845611572266e-02 3.417479991912841797e-02 1.443641912192106247e-02 6.835059821605682373e-02 3.667952492833137512e-02 1.303561627864837646e-01 6.651736050844192505e-02 2.820401638746261597e-02 5.818999931216239929e-02 7.286120951175689697e-02 4.002808779478073120e-02 1.088659279048442841e-02 8.324873447418212891e-02 1.298275031149387360e-02 4.847096279263496399e-03 5.058393627405166626e-02 4.718586802482604980e-02 6.743279099464416504e-02 2.770351618528366089e-02 1.731429062783718109e-02 3.661123663187026978e-02 2.871460281312465668e-02 9.098111093044281006e-02 5.141405761241912842e-02 4.421400278806686401e-02 2.581034041941165924e-02 5.942271649837493896e-02 1.277004182338714600e-02 7.637628354132175446e-03 4.118404909968376160e-02 3.961462900042533875e-02 -3.154098521918058395e-03 2.160854451358318329e-02 5.117615312337875366e-02 9.858053922653198242e-02 4.220864921808242798e-02 2.334136702120304108e-02 7.345152646303176880e-02 2.115685865283012390e-02 2.914961054921150208e-02 -2.133189002051949501e-03
1.682232320308685303e-02 2.903324179351329803e-02 4.779498279094696045e-02 3.128004446625709534e-02 4.292642325162887573e-02 3.286552056670188904e-02 1.762852631509304047e-02 2.527136355638504028e-02 4.854610934853553772e-02 1.000000000000000000e+00 5.447056889533996582e-02 2.129363641142845154e-02 2.337869070470333099e-02 4.718502983450889587e-02 3.735125437378883362e-02 3.646792098879814148e-02 6.378798279911279678e-03 2.881640009582042694e-02 4.557680338621139526e-02 4.622618854045867920e-02 3.177577629685401917e-02 1.290768198668956757e-02 4.646306484937667847e-02 3.880463913083076477e-02 2.470314316451549530e-02 3.340239450335502625e-02 4.289185628294944763e-03 1.864644140005111694e-02 3.902622312307357788e-02 4.000510647892951965e-02 5.710874870419502258e-02 2.664561197161674500e-02 1.928139105439186096e-02 5.267233774065971375e-02 2.202215045690536499e-02 2.915755845606327057e-02 2.677382901310920715e-02 3.498774766921997070e-02 2.005332522094249725e-02 2.710062451660633087e-02 5.866466835141181946e-02 2.626263536512851715e-02 3.503143042325973511e-02 3.199150413274765015e-02 1.085336413234472275e-02 1.942043192684650421e-02 2.249150164425373077e-02 5.161469429731369019e-02 2.682482078671455383e-02 2.664468064904212952e-02 3.872015699744224548e-02 3.308079019188880920e-02 3.881957009434700012e-02 4.120449593756347895e-04 2.738012373447418213e-02 6.556083448231220245e-03 2.662973292171955109e-02 2.741795778274536133e-02 -1.702554896473884583e-02 2.744231559336185455e-02 3.888160223141312599e-03 2.150971256196498871e-02 4.412728175520896912e-02 4.682383500039577484e-03 2.048925496637821198e-02 2.485082671046257019e-02 1.986553147435188293e-02 1.275505963712930679e-02 1.830881275236606598e-02 2.575981616973876953e-02 1.074100285768508911e-02 3.145077079534530640e-02 -4.722898360341787338e-03 1.486049965023994446e-02 1.954254321753978729e-02 2.540967799723148346e-02 2.447975985705852509e-02 2.075993269681930542e-02 4.746946971863508224e-03 1.959555037319660187e-02 7.289253175258636475e-02 5.164096876978874207e-02 2.024072781205177307e-02 2.101190574467182159e-02 2.614098601043224335e-02 2.754021622240543365e-02 2.928692474961280823e-02 2.190498448908329010e-02 1.426343433558940887e-02 2.541393041610717773e-02 1.565013639628887177e-02 2.329029142856597900e-02 2.218073047697544098e-02 2.922973409295082092e-02 5.358609370887279510e-03 2.214113064110279083e-02 2.799978852272033691e-02 3.518135845661163330e-02 1.626501046121120453e-02 1.544312853366136551e-02 2.694861963391304016e-02 2.349725365638732910e-02 2.002203464508056641e-02 2.054690569639205933e-02 3.939952328801155090e-02 2.601537853479385376e-02 1.765234954655170441e-02 3.000869974493980408e-02 2.773051522672176361e-02 3.636462241411209106e-02 2.229581028223037720e-02 3.613933548331260681e-02 1.301926374435424805e-02 5.643995013087987900e-03 1.544319093227386475e-02 -1.661291159689426422e-02
3.753153234720230103e-02 1.019386798143386841e-01 1.372882127761840820e-01 6.702005863189697266e-02 6.801491975784301758e-02 1.159574910998344421e-01 1.843461841344833374e-01 1.105459183454513550e-01 3.356188908219337463e-02 5.447056889533996582e-02 1.000000000000000000e+00 8.615832030773162842e-02 4.069701582193374634e-02 7.775268703699111938e-02 3.266697283834218979e-03 -1.008468214422464371e-03 5.257517471909523010e-02 4.915337264537811279e-02 -1.726368255913257599e-02 -2.748830057680606842e-02 3.314887732267379761e-02 4.146750643849372864e-02 6.712321937084197998e-02 1.019246131181716919e-01 4.885406419634819031e-02 6.995011866092681885e-02 1.781710051000118256e-02 5.305545777082443237e-02 3.691559284925460815e-02 6.375915557146072388e-02 8.237132802605628967e-03 7.122205942869186401e-02 5.910655111074447632e-02 1.057160347700119019e-01 7.914545387029647827e-02 5.156147107481956482e-02 4.762823507189750671e-02 7.780109345912933350e-02 4.010742157697677612e-02 5.738035589456558228e-02 1.199165061116218567e-01 9.524713456630706787e-02 6.549742817878723145e-02 6.910070031881332397e-02 8.329439163208007812e-02 6.816707551479339600e-02 8.073709905147552490e-02 -2.493865974247455597e-02 9.760817885398864746e-02 8.106531947851181030e-02 1.345399469137191772e-01 1.516495943069458008e-01 7.913377881050109863e-02 1.414799243211746216e-01 1.233252137899398804e-01 1.352171003818511963e-01 7.732171565294265747e-02 9.065357595682144165e-02 1.154982578009366989e-02 9.965119510889053345e-02 -7.659940049052238464e-03 9.849454462528228760e-02 2.518016286194324493e-02 8.046042919158935547e-02 5.459740012884140015e-02 8.009046316146850586e-02 1.003852486610412598e-01 2.568306028842926025e-02 3.474874794483184814e-02 9.231616556644439697e-02 7.259833812713623047e-02 6.411048769950866699e-02 3.776463121175765991e-02 4.617686569690704346e-02 3.866259753704071045e-02 2.019367180764675140e-02 8.549214154481887817e-02 4.754383489489555359e-02 7.287556678056716919e-02 8.101192116737365723e-02 -1.218893099576234818e-02 1.316565927118062973e-02 6.058803945779800415e-02 4.967243596911430359e-02 1.268042773008346558e-01 8.686590939760208130e-02 3.078194335103034973e-02 9.313154220581054688e-02 7.851976901292800903e-02 4.746265709400177002e-02 2.934370189905166626e-02 5.825971439480781555e-02 7.068691402673721313e-02 1.305692046880722046e-01 4.742144048213958740e-02 2.997601963579654694e-02 3.680317476391792297e-02 6.878536194562911987e-02 6.187878921627998352e-02 5.891931429505348206e-02 5.874982848763465881e-02 9.114173799753189087e-02 1.051860302686691284e-01 7.051528245210647583e-02 1.020017787814140320e-01 7.802190631628036499e-02 6.597713381052017212e-02 6.501226872205734253e-02 1.010271832346916199e-01 6.209572032094001770e-02 3.804213181138038635e-02 6.851287931203842163e-02 5.442984774708747864e-02 1.780915819108486176e-02 3.963268175721168518e-02 3.710851445794105530e-02
5.776871740818023682e-02 1.405715346336364746e-01 5.268433317542076111e-02 6.432417780160903931e-02 1.143726408481597900e-01 1.275979578495025635e-01 1.849233359098434448e-02 2.798838913440704346e-02 2.060481905937194824e-02 2.129363641142845154e-02 8.615832030773162842e-02 1.000000000000000000e+00 3.068614564836025238e-02 3.228808939456939697e-02 -6.559561006724834442e-03 8.129506558179855347e-02 4.701619967818260193e-02 3.937152773141860962e-02 -3.824565187096595764e-02 -4.410408809781074524e-02 2.144493721425533295e-02 5.989037081599235535e-02 2.838871814310550690e-02 1.025779396295547485e-01 2.721101418137550354e-02 9.710593149065971375e-03 -5.061718169599771500e-03 2.185657806694507599e-02 2.363248541951179504e-02 1.095560640096664429e-01 2.059258893132209778e-02 5.266475677490234375e-02 1.587918847799301147e-01 6.634608656167984009e-02 4.813596978783607483e-02 5.656981095671653748e-02 -8.137890137732028961e-03 7.312832772731781006e-02 3.632491454482078552e-02 5.022140964865684509e-02 1.639233827590942383e-01 8.955110609531402588e-02 1.615662127733230591e-02 1.043283417820930481e-01 3.308723121881484985e-02 5.749552696943283081e-02 6.515410542488098145e-02 -2.603753842413425446e-02 3.705095499753952026e-02 6.953416764736175537e-02 8.813849836587905884e-02 1.071987524628639221e-01 1.015563756227493286e-01 -3.206849843263626099e-02 -5.731693655252456665e-02 -4.242739826440811157e-02 6.660719215869903564e-02 5.236601456999778748e-02 3.008980676531791687e-02 3.847157582640647888e-02 5.240272358059883118e-02 1.914832368493080139e-02 1.448851637542247772e-02 5.679466947913169861e-02 3.170178737491369247e-03 8.018509298563003540e-02 3.010468557476997375e-02 -4.263998940587043762e-02 1.190717518329620361e-02 1.849135197699069977e-02 4.752989113330841064e-02 4.066881537437438965e-02 -8.892064914107322693e-03 1.786901243031024933e-02 3.114825859665870667e-02 1.243180781602859497e-02 7.359986752271652222e-02 1.508778631687164307e-01 3.257008269429206848e-03 1.739121414721012115e-02 -2.210826426744461060e-02 9.641108103096485138e-03 3.002027049660682678e-02 7.739131152629852295e-02 6.708131730556488037e-02 3.364979103207588196e-02 2.662477642297744751e-02 8.615825790911912918e-04 2.928622439503669739e-02 -2.483178628608584404e-03 8.446179563179612160e-04 1.527772843837738037e-02 2.780177071690559387e-02 4.222002997994422913e-02 -6.389348418451845646e-04 1.213836297392845154e-02 1.310282852500677109e-02 8.402746915817260742e-02 3.162052854895591736e-02 2.704717032611370087e-02 3.116545639932155609e-02 8.166461251676082611e-03 7.087507098913192749e-02 4.144715145230293274e-02 1.175734102725982666e-01 3.920716792345046997e-02 3.053073026239871979e-02 5.022798106074333191e-02 8.879297971725463867e-02 4.449276719242334366e-03 5.987354740500450134e-02 6.751712411642074585e-02 5.795772746205329895e-02 3.050499781966209412e-02 5.978913605213165283e-02 -2.429094910621643066e-02
1.439851615577936172e-02 -2.016913378611207008e-03 2.310314401984214783e-02 2.715378813445568085e-02 3.047801926732063293e-02 2.030992694199085236e-02 2.827034145593643188e-02 7.782786339521408081e-02 1.421833783388137817e-01 2.337869070470333099e-02 4.069701582193374634e-02 3.068614564836025238e-02 1.000000000000000000e+00 3.426889330148696899e-02 9.128161519765853882e-02 4.420337453484535217e-02 2.599916048347949982e-02 1.387579441070556641e-01 6.586539745330810547e-02 8.155433833599090576e-02 9.369874000549316406e-02 3.254429623484611511e-02 3.589084371924400330e-02 6.147805973887443542e-02 1.867871917784214020e-02 -3.720122575759887695e-02 6.585409492254257202e-02 5.087779462337493896e-02 4.061840474605560303e-03 4.341364279389381409e-02 3.070209175348281860e-02 6.588563323020935059e-02 -6.394534558057785034e-02 6.692828983068466187e-02 2.531616948544979095e-02 4.386428371071815491e-02 -1.753867045044898987e-02 1.023106649518013000e-01 4.349199682474136353e-02 4.740293323993682861e-02 6.703284382820129395e-02 7.810311764478683472e-02 9.181278944015502930e-02 6.969670206308364868e-02 5.122589692473411560e-02 9.586580842733383179e-02 6.032134220004081726e-02 4.032366350293159485e-02 7.507174462080001831e-02 4.621861502528190613e-02 1.105988174676895142e-01 1.038474589586257935e-01 2.793448604643344879e-02 7.490645349025726318e-02 9.409221261739730835e-02 8.765225112438201904e-02 3.921072930097579956e-02 4.793027788400650024e-02 -1.688116602599620819e-02 2.996635250747203827e-02 -2.435487322509288788e-02 6.922303885221481323e-02 4.319040477275848389e-02 6.436198204755783081e-02 1.286594271659851074e-01 6.380565464496612549e-02 1.317116171121597290e-01 1.776455901563167572e-02 4.662326350808143616e-02 1.476446837186813354e-01 9.713279455900192261e-02 2.168114669620990753e-02 7.489878684282302856e-02 3.535897657275199890e-02 2.475024387240409851e-02 3.322428837418556213e-02 4.731734097003936768e-02 9.057486057281494141e-02 8.354621380567550659e-02 3.385492786765098572e-02 1.561568528413772583e-01 6.358224153518676758e-02 2.881612814962863922e-02 8.763956278562545776e-02 9.477658569812774658e-02 5.999173969030380249e-02 8.728245273232460022e-03 9.294190257787704468e-02 6.973220035433769226e-03 6.774242036044597626e-03 3.718280419707298279e-02 2.567500434815883636e-02 2.266128174960613251e-02 4.345205426216125488e-02 1.736485585570335388e-02 5.285773426294326782e-02 4.504398629069328308e-02 1.111944168806076050e-01 4.149408265948295593e-02 4.073114693164825439e-02 2.457527630031108856e-02 7.425515353679656982e-02 5.101126432418823242e-02 9.969223290681838989e-03 7.080591470003128052e-02 4.660926386713981628e-02 9.806587360799312592e-03 4.303821176290512085e-02 2.862207777798175812e-02 1.265690624713897705e-01 4.682126268744468689e-02 2.143725939095020294e-02 8.708054572343826294e-02 3.571604564785957336e-02 2.415566705167293549e-02 1.845600083470344543e-02
