1.000000000000000000e+00 5.314329862594604492e-01 3.140883147716522217e-01 -7.266914099454879761e-02 6.040714681148529053e-02 -9.257213026285171509e-02 7.479728758335113525e-02 1.298688799142837524e-01 1.135010831058025360e-02 2.573779202066361904e-04 3.931116312742233276e-02 2.309376299381256104e-01 -4.629265144467353821e-02 7.316054403781890869e-02 6.944089382886886597e-02 -4.723964631557464600e-02 -1.006154865026473999e-01 1.312696747481822968e-02 -5.552152544260025024e-02 -4.370243847370147705e-02 1.394359394907951355e-02 -5.989036336541175842e-02 5.000034719705581665e-02 -7.540693134069442749e-02 1.557504665106534958e-02 5.158826336264610291e-02 6.919335573911666870e-02 -5.730147939175367355e-03 -5.450048670172691345e-02 -8.564457297325134277e-03 -1.848938874900341034e-02 1.327360868453979492e-01 1.268321275711059570e-01 -5.823521688580513000e-02 -2.279915288090705872e-02 3.913971409201622009e-02 -2.763513103127479553e-02 -5.837063491344451904e-02 1.828172653913497925e-01 1.817770302295684814e-01 -5.868198722600936890e-02 2.243939042091369629e-02 -9.592217206954956055e-02 -1.133826747536659241e-01 -3.564635664224624634e-02 5.662819743156433105e-02 2.664316818118095398e-02 1.230825185775756836e-01 -2.266422286629676819e-02 8.511330932378768921e-02 -8.351781405508518219e-03 5.175308883190155029e-02 1.144969016313552856e-01 3.534629940986633301e-02 1.664812490344047546e-02 -8.299069106578826904e-02 6.497632712125778198e-02 -2.384432777762413025e-02 9.926792979240417480e-02 3.802370745688676834e-03 8.256917446851730347e-02 4.645483568310737610e-02 8.325048536062240601e-02 4.700218513607978821e-02 9.889587014913558960e-02 -3.011924028396606445e-02 1.608527153730392456e-01 1.277297642081975937e-02 1.188480667769908905e-02 5.450188368558883667e-02 1.274220179766416550e-02 8.187335729598999023e-02 9.341476112604141235e-02 5.551626905798912048e-02 1.258211210370063782e-02 2.347493078559637070e-03 4.215885326266288757e-02 -6.491004675626754761e-02 6.091330200433731079e-02 4.519636929035186768e-02 6.653563678264617920e-02 5.333431437611579895e-02 5.460510030388832092e-02 7.059185206890106201e-02 4.624110832810401917e-02 4.574668034911155701e-02 4.144445806741714478e-02 6.239311397075653076e-02 7.796306908130645752e-02 1.181922778487205505e-01 1.491954624652862549e-01 6.243831291794776917e-02 1.568485200405120850e-01 1.632083356380462646e-01
5.314329862594604492e-01 1.000000000000000000e+00 5.368306636810302734e-01 1.144630238413810730e-01 1.425935477018356323e-01 -4.184195771813392639e-02 1.577831655740737915e-01 -2.740283496677875519e-02 2.331055467948317528e-03 5.542748607695102692e-03 -1.549964398145675659e-02 1.242107450962066650e-01 1.406370103359222412e-01 1.836916506290435791e-01 1.138603016734123230e-01 4.621893540024757385e-02 1.290604025125503540e-01 1.579202413558959961e-01 3.208452463150024414e-02 -4.375549778342247009e-02 2.931671030819416046e-02 -1.475639175623655319e-02 1.428729593753814697e-01 1.781550422310829163e-02 1.138124987483024597e-01 1.266047209501266479e-01 1.531293243169784546e-01 1.261296272277832031e-01 -1.244165282696485519e-02 1.017849966883659363e-01 4.678389430046081543e-02 1.261516511440277100e-01 1.670915335416793823e-01 2.882861346006393433e-02 4.372048377990722656e-02 2.478523403406143188e-01 1.864976137876510620e-01 1.250514239072799683e-01 2.283807843923568726e-01 1.505074948072433472e-01 2.701344154775142670e-02 7.812422234565019608e-03 2.265470847487449646e-02 3.676312416791915894e-02 1.155383437871932983e-01 6.177572906017303467e-02 4.899777937680482864e-03 1.098143905401229858e-01 3.205745667219161987e-02 9.400561451911926270e-02 6.213273480534553528e-02 -1.271536760032176971e-02 8.032846450805664062e-02 2.525669522583484650e-02 5.434291809797286987e-02 6.805650889873504639e-02 1.094739288091659546e-01 9.531003981828689575e-02 1.035486087203025818e-01 2.190493419766426086e-02 6.301590055227279663e-02 1.021077632904052734e-01 1.442351490259170532e-01 1.606810465455055237e-02 6.198482587933540344e-02 3.366270288825035095e-02 1.016692221164703369e-01 4.953373968601226807e-02 3.662162274122238159e-02 1.142232418060302734e-01 4.751008003950119019e-02 1.273703277111053467e-01 1.031686887145042419e-01 8.855838328599929810e-02 2.422632277011871338e-01 6.432351469993591309e-02 1.167775839567184448e-01 7.057105749845504761e-02 7.841835170984268188e-02 4.392991214990615845e-02 7.196091860532760620e-02 4.259993880987167358e-02 1.788073219358921051e-02 2.725625783205032349e-02 -1.791996695101261139e-02 -7.888284511864185333e-03 -1.948412880301475525e-02 -1.071446575224399567e-02 -1.052673719823360443e-02 1.180322188884019852e-02 9.432369843125343323e-03 -2.093683741986751556e-02 1.060498878359794617e-02 1.035784464329481125e-02
3.140883147716522217e-01 5.368306636810302734e-01 1.000000000000000000e+00 1.183876022696495056e-01 7.927816361188888550e-02 -4.767190292477607727e-02 9.320936352014541626e-02 -5.532484501600265503e-02 1.246538478881120682e-02 3.190557705238461494e-03 -1.668841391801834106e-02 5.600505322217941284e-02 7.339279353618621826e-02 8.475384861230850220e-02 7.639645040035247803e-02 5.315456911921501160e-02 7.950364798307418823e-02 1.386213302612304688e-01 3.159704804420471191e-02 -4.847936332225799561e-02 7.844268344342708588e-03 -4.045531153678894043e-02 8.711349219083786011e-02 -9.510409086942672729e-03 8.905407041311264038e-02 1.014468222856521606e-01 1.216739863157272339e-01 9.410711377859115601e-02 -2.201261371374130249e-02 4.050965979695320129e-02 4.427073150873184204e-02 9.287482500076293945e-02 1.031062752008438110e-01 1.225746981799602509e-02 4.438485577702522278e-02 1.530463397502899170e-01 1.163316965103149414e-01 1.039392948150634766e-01 1.556623578071594238e-01 1.025282517075538635e-01 1.300650369375944138e-02 -1.035956945270299911e-02 -3.514895588159561157e-02 2.154062129557132721e-02 1.133284270763397217e-01 5.708282813429832458e-02 1.575120911002159119e-02 8.798737078905105591e-02 2.875691279768943787e-02 9.025772660970687866e-02 3.916702792048454285e-02 -1.743888109922409058e-02 4.059382528066635132e-02 1.767030172049999237e-02 2.785511128604412079e-02 2.383391931653022766e-02 9.409496933221817017e-02 6.184531003236770630e-02 8.580636233091354370e-02 1.941522955894470215e-02 3.103614971041679382e-02 6.592851132154464722e-02 1.017866358160972595e-01 2.892292477190494537e-02 6.087079644203186035e-02 2.260206267237663269e-02 4.299533739686012268e-02 4.797641932964324951e-02 4.066735133528709412e-02 7.305429130792617798e-02 2.749167941510677338e-02 7.939387857913970947e-02 5.280818045139312744e-02 5.977752059698104858e-02 1.295048147439956665e-01 3.498986735939979553e-02 8.408422023057937622e-02 1.592103950679302216e-02 8.096977323293685913e-02 2.747683599591255188e-02 4.483132064342498779e-02 3.046669065952301025e-02 2.080106548964977264e-02 2.690157853066921234e-02 -1.676009781658649445e-02 -9.526642039418220520e-03 -2.033439651131629944e-02 -7.073963526636362076e-03 -2.349510230123996735e-02 -1.194745674729347229e-02 -1.604512333869934082e-02 -3.086940571665763855e-02 -2.998017147183418274e-02 -3.182695806026458740e-02
-7.266914099454879761e-02 1.144630238413810730e-01 1.183876022696495056e-01 1.000000000000000000e+00 1.447171568870544434e-01 2.596816122531890869e-01 1.493084579706192017e-01 5.842174962162971497e-02 7.188626378774642944e-02 9.908734261989593506e-02 7.619711011648178101e-02 -1.447496097534894943e-02 2.145811766386032104e-01 1.274355947971343994e-01 1.002728939056396484e-01 8.852646499872207642e-02 3.801026940345764160e-01 1.264241933822631836e-01 1.149444431066513062e-01 9.042050689458847046e-02 3.245431557297706604e-02 1.113182678818702698e-01 7.288617640733718872e-02 1.198366507887840271e-01 7.516203075647354126e-02 9.305603802204132080e-02 5.190765112638473511e-02 1.867389380931854248e-01 9.890701621770858765e-02 8.844351023435592651e-02 5.199483595788478851e-03 1.718228682875633240e-02 5.874173343181610107e-02 6.174107268452644348e-02 1.073177903890609741e-01 2.287296205759048462e-01 3.430797457695007324e-01 2.417769581079483032e-01 6.162535771727561951e-02 2.798587083816528320e-02 1.454038918018341064e-02 -1.991900242865085602e-02 2.434453815221786499e-01 1.961504369974136353e-01 1.811503916978836060e-01 3.294895403087139130e-03 3.539621084928512573e-02 1.460696198046207428e-02 1.297803074121475220e-01 2.527205459773540497e-02 6.735374033451080322e-02 5.922237038612365723e-02 -3.269552439451217651e-02 3.051738627254962921e-02 8.292817324399948120e-02 1.135710254311561584e-01 6.770353764295578003e-02 1.264739483594894409e-01 -7.342082262039184570e-02 -1.101431064307689667e-02 1.606755331158638000e-02 -3.906129626557230949e-03 6.405384093523025513e-02 4.359677433967590332e-03 -1.585534028708934784e-02 2.491405978798866272e-02 -9.874957054853439331e-02 2.209962718188762665e-02 1.864625513553619385e-02 9.899557568132877350e-03 1.858812570571899414e-02 4.197696223855018616e-02 5.548733845353126526e-02 4.523257538676261902e-02 1.220635995268821716e-01 8.879684656858444214e-02 1.128666400909423828e-01 6.196868419647216797e-02 4.616087675094604492e-02 2.312592044472694397e-02 7.320594787597656250e-02 7.086753845214843750e-03 3.860179334878921509e-02 4.216193407773971558e-02 4.055308178067207336e-02 3.209821647033095360e-03 1.120662409812211990e-02 1.905790646560490131e-03 -3.752270713448524475e-02 -5.064301937818527222e-02 -1.017834320664405823e-01 -9.524541348218917847e-02 -1.003617495298385620e-01 -1.080059707164764404e-01
6.040714681148529053e-02 1.425935477018356323e-01 7.927816361188888550e-02 1.447171568870544434e-01 1.000000000000000000e+00 1.472622603178024292e-01 1.656928211450576782e-01 3.028785996139049530e-02 5.292182043194770813e-02 6.627943366765975952e-02 3.676373511552810669e-02 4.939468204975128174e-02 1.557308286428451538e-01 1.821157336235046387e-01 1.225205436348915100e-01 8.119426667690277100e-02 1.439461708068847656e-01 1.489415764808654785e-01 7.152946293354034424e-02 3.291906788945198059e-02 5.626885965466499329e-02 2.402827516198158264e-02 1.147417351603507996e-01 3.140285238623619080e-02 9.083222597837448120e-02 1.086312532424926758e-01 9.217026084661483765e-02 9.759745746850967407e-02 4.304064065217971802e-02 7.196042686700820923e-02 4.343486949801445007e-02 5.674502626061439514e-02 1.480478346347808838e-01 1.856290921568870544e-02 5.259227380156517029e-02 1.922155618667602539e-01 1.515580862760543823e-01 1.338831484317779541e-01 1.112376973032951355e-01 8.600555360317230225e-02 -2.801871392875909805e-03 -5.553363356739282608e-03 7.969862222671508789e-02 7.813595235347747803e-02 1.019666269421577454e-01 6.919851154088973999e-02 3.860796988010406494e-02 6.880602985620498657e-02 6.064248830080032349e-02 8.131563663482666016e-02 6.443640589714050293e-02 8.631457574665546417e-03 1.320968288928270340e-02 5.148005485534667969e-02 4.234559461474418640e-02 6.344866007566452026e-02 1.038405075669288635e-01 8.715356886386871338e-02 3.553889691829681396e-02 2.201325260102748871e-02 5.464193597435951233e-02 6.013039126992225647e-02 9.059423953294754028e-02 -7.896262221038341522e-03 1.421241834759712219e-02 4.012283682823181152e-02 6.861931178718805313e-03 5.037198215723037720e-02 3.932491317391395569e-02 6.053191050887107849e-02 4.602641239762306213e-02 1.282394081354141235e-01 1.338559389114379883e-01 9.062360972166061401e-02 1.681748628616333008e-01 7.528310269117355347e-02 1.043839082121849060e-01 8.749693632125854492e-02 7.382851094007492065e-02 5.295824632048606873e-02 7.714787125587463379e-02 4.618199914693832397e-02 4.356602951884269714e-02 3.005963936448097229e-02 2.079494297504425049e-02 1.802604831755161285e-02 1.739805191755294800e-02 4.222582094371318817e-03 -1.276034023612737656e-02 -2.238033898174762726e-02 -4.380940273404121399e-02 -4.186521843075752258e-02 -4.735999181866645813e-02 -5.124530196189880371e-02
-9.257213026285171509e-02 -4.184195771813392639e-02 -4.767190292477607727e-02 2.596816122531890869e-01 1.472622603178024292e-01 1.000000000000000000e+00 1.748326420783996582e-01 4.610562026500701904e-01 2.154589593410491943e-01 1.226795166730880737e-01 1.511739939451217651e-01 1.078977286815643311e-01 1.329820752143859863e-01 7.092585414648056030e-02 6.259731203317642212e-02 1.107586398720741272e-01 1.390011310577392578e-01 7.637862116098403931e-02 5.743109807372093201e-02 1.014171540737152100e-01 5.897846072912216187e-02 3.316069543361663818e-01 3.726457804441452026e-02 1.038949862122535706e-01 4.113058373332023621e-02 4.365215450525283813e-02 5.703566968441009521e-02 4.199295490980148315e-02 6.104671582579612732e-02 3.568557277321815491e-02 3.604862466454505920e-02 9.586349187884479761e-05 1.515442971140146255e-03 1.816058903932571411e-02 6.867888849228620529e-03 6.285766512155532837e-02 5.383632704615592957e-02 1.049292981624603271e-01 -1.671548373997211456e-02 -4.150894284248352051e-02 -1.626357436180114746e-02 -1.945148035883903503e-02 5.392580851912498474e-02 -2.605075389146804810e-02 5.317803472280502319e-02 -6.479685194790363312e-03 1.404997985810041428e-02 -2.169077843427658081e-02 6.157374382019042969e-02 -8.670849725604057312e-03 4.259323328733444214e-02 -4.258740693330764771e-02 -3.349369764328002930e-02 1.183757930994033813e-02 1.469691563397645950e-02 -4.296151176095008850e-02 1.766706071794033051e-02 5.900141224265098572e-02 -4.187904763966798782e-03 -6.705406587570905685e-03 -4.238670319318771362e-02 -1.169804763048887253e-02 1.719177886843681335e-02 -2.690929360687732697e-02 -4.427834972739219666e-02 -1.311848219484090805e-02 -5.601159762591123581e-03 3.297548973932862282e-03 9.143583476543426514e-03 2.075488865375518799e-02 -1.867314241826534271e-02 3.068392537534236908e-02 1.224184967577457428e-02 1.502651907503604889e-02 5.322021991014480591e-02 4.698004201054573059e-02 1.987131498754024506e-02 1.688525825738906860e-02 2.097486052662134171e-03 -4.789046011865139008e-03 3.379660425707697868e-03 -1.057886425405740738e-02 -2.095423638820648193e-02 -3.135784715414047241e-02 -3.192903101444244385e-02 -3.471695259213447571e-02 -4.215987026691436768e-02 -3.532504662871360779e-02 -2.550833486020565033e-02 -2.422438748180866241e-02 -2.658897824585437775e-02 -3.092041425406932831e-02 -3.463732078671455383e-02 -3.438325971364974976e-02
7.479728758335113525e-02 1.577831655740737915e-01 9.320936352014541626e-02 1.493084579706192017e-01 1.656928211450576782e-01 1.748326420783996582e-01 1.000000000000000000e+00 6.427800655364990234e-02 9.024456888437271118e-02 9.891037642955780029e-02 9.585355222225189209e-02 2.303957492113113403e-01 1.670787632465362549e-01 1.800134778022766113e-01 8.560348302125930786e-02 8.997892588376998901e-02 1.736332625150680542e-01 1.200472712516784668e-01 4.316135868430137634e-02 8.061366528272628784e-02 5.405081063508987427e-02 7.058870792388916016e-02 7.088831812143325806e-02 7.636879384517669678e-02 8.058878034353256226e-02 1.005118861794471741e-01 1.485932320356369019e-01 1.144033521413803101e-01 4.093830659985542297e-02 7.966792583465576172e-02 4.326504841446876526e-02 9.436445683240890503e-02 9.559364616870880127e-02 4.782991111278533936e-02 9.087079763412475586e-02 1.950312256813049316e-01 1.743194609880447388e-01 1.970495283603668213e-01 1.191521286964416504e-01 7.803138345479965210e-02 -1.230147434398531914e-03 -2.319928072392940521e-02 1.305617541074752808e-01 5.793899670243263245e-02 1.136263310909271240e-01 2.394170686602592468e-02 6.086488068103790283e-02 1.031567379832267761e-01 9.527347981929779053e-02 5.950258299708366394e-02 4.596649855375289917e-02 -2.330754417926073074e-03 6.563687697052955627e-03 4.114602506160736084e-02 3.942149505019187927e-02 5.468614026904106140e-02 1.474399715662002563e-01 9.180358797311782837e-02 1.554370373487472534e-01 3.693788498640060425e-02 1.180536597967147827e-01 4.936170950531959534e-02 7.264728099107742310e-02 9.550992399454116821e-03 6.098236143589019775e-02 5.809457972645759583e-02 4.572964459657669067e-02 7.082368433475494385e-02 4.231577366590499878e-02 6.481637805700302124e-02 3.509515523910522461e-02 8.995290100574493408e-02 7.075713574886322021e-02 1.071873158216476440e-01 2.530526220798492432e-01 1.292286813259124756e-01 2.042689025402069092e-01 7.152231037616729736e-02 1.390795856714248657e-01 8.945035189390182495e-02 1.558054834604263306e-01 1.192445382475852966e-01 9.384289383888244629e-02 9.912843257188796997e-02 3.844259306788444519e-02 1.365217473357915878e-02 3.556462470442056656e-03 3.233325853943824768e-02 -1.238360884599387646e-03 2.013360150158405304e-03 -6.693422794342041016e-03 -3.831915557384490967e-02 -5.424011126160621643e-02 -5.719567462801933289e-02
1.298688799142837524e-01 -2.740283496677875519e-02 -5.532484501600265503e-02 5.842174962162971497e-02 3.028785996139049530e-02 4.610562026500701904e-01 6.427800655364990234e-02 1.000000000000000000e+00 1.655261069536209106e-01 1.059409603476524353e-01 3.312955200672149658e-01 1.866891235113143921e-01 2.135291579179465771e-04 4.424085095524787903e-02 1.270692944526672363e-01 4.824900627136230469e-02 -4.447075352072715759e-02 1.129855401813983917e-02 6.290171295404434204e-02 -1.539490371942520142e-02 6.259277462959289551e-02 1.496691852807998657e-01 -8.705042302608489990e-03 -4.733290523290634155e-02 1.505370624363422394e-02 7.518362253904342651e-03 3.850553557276725769e-02 -5.301030352711677551e-02 -6.599226035177707672e-03 7.108712568879127502e-03 -5.789556354284286499e-02 4.187155514955520630e-02 -3.647442790679633617e-04 -8.195492625236511230e-02 -8.995135128498077393e-02 -7.348001748323440552e-02 -6.583609431982040405e-02 -8.074220269918441772e-02 1.928542368113994598e-02 1.557117793709039688e-02 -3.877869993448257446e-02 -3.296830505132675171e-02 -8.316811919212341309e-02 -1.202760413289070129e-01 -4.398640617728233337e-02 1.611196808516979218e-02 2.096739560365676880e-01 6.538850814104080200e-02 -3.324741125106811523e-02 2.145134098827838898e-02 2.391816675662994385e-02 2.598325312137603760e-01 1.197101026773452759e-01 7.990717142820358276e-02 5.947843566536903381e-02 -1.410593837499618530e-01 -1.697688177227973938e-02 5.925653502345085144e-03 -6.904993951320648193e-02 2.776551060378551483e-02 5.175338312983512878e-02 3.377080720383673906e-04 4.469289258122444153e-02 -3.358967974781990051e-02 -8.803831413388252258e-03 6.496120244264602661e-03 1.657114028930664062e-01 5.868391133844852448e-03 -7.732901722192764282e-03 -4.026970639824867249e-02 -1.894785277545452118e-02 5.529257468879222870e-03 3.082400001585483551e-02 9.410294145345687866e-02 -1.007811054587364197e-01 1.204736717045307159e-02 -4.340762645006179810e-02 -1.040983721613883972e-01 2.661505341529846191e-02 -5.001050885766744614e-04 4.155689477920532227e-02 -1.777174137532711029e-02 6.005348265171051025e-02 1.037466153502464294e-01 2.087614834308624268e-01 3.005369603633880615e-01 3.350481092929840088e-01 3.371304869651794434e-01 3.945960998535156250e-01 4.651227295398712158e-01 4.984083175659179688e-01 3.186495900154113770e-01 4.580070972442626953e-01 4.630157351493835449e-01
1.135010831058025360e-02 2.331055467948317528e-03 1.246538478881120682e-02 7.188626378774642944e-02 5.292182043194770813e-02 2.154589593410491943e-01 9.024456888437271118e-02 1.655261069536209106e-01 1.000000000000000000e+00 5.353364348411560059e-02 1.100724041461944580e-01 7.308079302310943604e-02 1.754876039922237396e-02 5.038734525442123413e-02 2.864474803209304810e-02 4.787570796906948090e-03 1.521824765950441360e-02 1.798334345221519470e-02 7.223168853670358658e-03 1.521493494510650635e-02 4.070303216576576233e-02 5.959311500191688538e-02 4.242338240146636963e-02 -2.242743410170078278e-02 3.192108497023582458e-02 3.248368203639984131e-02 1.370541937649250031e-02 6.533214356750249863e-03 5.294536240398883820e-03 -3.545766230672597885e-03 4.776534158736467361e-03 7.869673892855644226e-03 3.119317814707756042e-02 -4.058844968676567078e-02 1.998317614197731018e-02 1.599530503153800964e-02 2.194391330704092979e-03 -1.637588255107402802e-02 1.547891763038933277e-03 -2.972561400383710861e-03 6.147514097392559052e-03 -4.326558671891689301e-03 -3.608415648341178894e-02 2.591291256248950958e-02 4.557368531823158264e-02 1.560684945434331894e-02 2.730777859687805176e-02 3.115831688046455383e-02 1.927428133785724640e-02 3.997647762298583984e-02 2.740011084824800491e-03 4.659672826528549194e-02 -6.461455021053552628e-03 2.086592093110084534e-02 1.067118812352418900e-02 -5.031577125191688538e-02 2.259483188390731812e-02 -1.304274983704090118e-02 4.147687181830406189e-02 1.246107928454875946e-02 4.075682535767555237e-02 1.966315880417823792e-02 9.804942645132541656e-03 -1.032956968992948532e-02 3.562936559319496155e-02 6.785389967262744904e-03 5.485787615180015564e-02 2.615026012063026428e-02 1.504126936197280884e-02 2.596685662865638733e-03 1.139105297625064850e-02 1.368089485913515091e-02 8.088123053312301636e-03 1.400062162429094315e-02 9.234895929694175720e-03 1.136488374322652817e-02 3.685016185045242310e-02 -5.820302292704582214e-03 3.173018246889114380e-02 1.698289625346660614e-02 1.838341914117336273e-02 1.715444959700107574e-02 2.323415689170360565e-02 2.722834609448909760e-02 2.439074218273162842e-02 3.675786033272743225e-02 3.344353288412094116e-02 2.826837450265884399e-02 3.239814937114715576e-02 3.000656142830848694e-02 3.268888965249061584e-02 1.177828293293714523e-02 8.742540143430233002e-03 1.018636673688888550e-02
2.573779202066361904e-04 5.542748607695102692e-03 3.190557705238461494e-03 9.908734261989593506e-02 6.627943366765975952e-02 1.226795166730880737e-01 9.891037642955780029e-02 1.059409603476524353e-01 5.353364348411560059e-02 1.000000000000000000e+00 2.850650846958160400e-01 5.393164232373237610e-02 9.629889577627182007e-02 7.353933900594711304e-02 1.387308388948440552e-01 3.088141605257987976e-02 3.211755305528640747e-02 4.931036010384559631e-02 7.743882387876510620e-02 7.448170334100723267e-02 6.540868431329727173e-02 7.230447232723236084e-02 9.646900743246078491e-02 7.277775555849075317e-02 5.287868157029151917e-02 6.908280402421951294e-02 5.187288299202919006e-02 3.351009264588356018e-02 5.080476775765419006e-02 6.244369223713874817e-02 4.103521630167961121e-02 4.878101125359535217e-02 5.837772786617279053e-02 3.822492435574531555e-02 6.832673400640487671e-02 7.296427339315414429e-02 8.523185551166534424e-02 4.059952870011329651e-02 6.192304193973541260e-02 6.677017360925674438e-02 8.545628935098648071e-02 -1.499745063483715057e-02 1.269311755895614624e-01 7.347135245800018311e-02 -1.069654710590839386e-02 3.618079423904418945e-02 1.305783838033676147e-01 1.510189622640609741e-01 4.360509663820266724e-02 6.785288453102111816e-02 2.887611463665962219e-02 2.279311269521713257e-01 1.281428337097167969e-01 2.358300425112247467e-02 7.656609266996383667e-02 9.469620883464813232e-02 9.231315553188323975e-02 6.366637349128723145e-02 5.145187675952911377e-02 6.231694668531417847e-02 1.156606003642082214e-01 8.023221790790557861e-02 1.105179712176322937e-01 7.332309335470199585e-02 5.962659418582916260e-02 7.612290978431701660e-02 4.169506579637527466e-02 3.784690797328948975e-02 5.709005892276763916e-02 8.718412369489669800e-02 5.078994110226631165e-02 3.245604783296585083e-02 7.923623919486999512e-02 6.753842532634735107e-02 1.518622040748596191e-02 7.632599771022796631e-02 7.319885492324829102e-02 4.156487062573432922e-02 7.194598019123077393e-02 6.831308454275131226e-02 8.995120227336883545e-02 5.969215929508209229e-02 7.746036350727081299e-02 5.862070247530937195e-02 6.947868317365646362e-02 7.829066365957260132e-02 7.345967739820480347e-02 8.299700170755386353e-02 6.259626150131225586e-02 5.467443913221359253e-02 5.434265360236167908e-02 -6.731058936566114426e-03 -1.570384018123149872e-02 -1.924329809844493866e-02
3.931116312742233276e-02 -1.549964398145675659e-02 -1.668841391801834106e-02 7.619711011648178101e-02 3.676373511552810669e-02 1.511739939451217651e-01 9.585355222225189209e-02 3.312955200672149658e-01 1.100724041461944580e-01 2.850650846958160400e-01 1.000000000000000000e+00 1.776217222213745117e-01 -1.953081809915602207e-03 1.026018932461738586e-01 1.304388344287872314e-01 2.047440782189369202e-02 6.814820319414138794e-02 5.032151564955711365e-02 6.906112283468246460e-02 4.448063299059867859e-02 2.094677276909351349e-02 6.277491897344589233e-02 8.216295391321182251e-02 -3.835238143801689148e-02 6.605404615402221680e-02 6.820220500230789185e-02 1.216365583240985870e-02 -1.560536120086908340e-02 -3.603354096412658691e-02 8.610445074737071991e-03 -4.517306759953498840e-02 2.679726481437683105e-02 4.157989844679832458e-02 -7.487761974334716797e-02 -1.216293405741453171e-02 3.333070874214172363e-02 2.665594965219497681e-02 -2.083301730453968048e-02 1.497302204370498657e-02 -2.082839794456958771e-02 -3.522859513759613037e-02 4.495751112699508667e-03 -8.393657207489013672e-02 7.184305042028427124e-02 1.216664686799049377e-01 3.427627682685852051e-02 5.769333839416503906e-01 1.506758332252502441e-01 -3.310102503746747971e-03 5.584768578410148621e-02 6.658473517745733261e-03 6.461455821990966797e-01 1.730434447526931763e-01 2.743368595838546753e-02 3.671048209071159363e-02 -9.123316407203674316e-02 1.752059161663055420e-02 3.577332198619842529e-02 -2.672219648957252502e-02 6.806708127260208130e-02 1.096222177147865295e-01 4.288001731038093567e-02 4.715462774038314819e-02 -9.787764400243759155e-03 3.577508032321929932e-02 5.476570501923561096e-02 4.597921296954154968e-02 2.381358481943607330e-02 2.132955938577651978e-02 1.361864706268534064e-04 4.973965883255004883e-02 1.694409362971782684e-02 4.712367430329322815e-02 5.976806581020355225e-02 -2.821309259161353111e-03 5.290732532739639282e-02 6.271540373563766479e-02 -2.475472539663314819e-02 8.022533357143402100e-02 5.468764156103134155e-02 1.102506443858146667e-01 7.509253919124603271e-02 9.510450810194015503e-02 1.519686430692672729e-01 2.098746150732040405e-01 2.686838805675506592e-01 2.995021045207977295e-01 2.945869266986846924e-01 2.695842981338500977e-01 2.914245724678039551e-01 2.656308114528656006e-01 1.974930614233016968e-01 1.960447430610656738e-01 1.938841491937637329e-01
2.309376299381256104e-01 1.242107450962066650e-01 5.600505322217941284e-02 -1.447496097534894943e-02 4.939468204975128174e-02 1.078977286815643311e-01 2.303957492113113403e-01 1.866891235113143921e-01 7.308079302310943604e-02 5.393164232373237610e-02 1.776217222213745117e-01 1.000000000000000000e+00 5.530695989727973938e-02 1.064081341028213501e-01 5.613152682781219482e-02 -2.931306371465325356e-03 -2.698388881981372833e-02 -6.007756572216749191e-03 -1.239889883436262608e-03 1.267340406775474548e-02 5.117121338844299316e-02 6.881780922412872314e-02 5.500213708728551865e-03 -6.166755221784114838e-03 3.779706731438636780e-02 5.453733354806900024e-02 5.815003812313079834e-02 8.182908408343791962e-03 1.135918498039245605e-02 -6.424258463084697723e-03 -9.663882665336132050e-03 1.210837438702583313e-01 6.207892671227455139e-02 -1.403409801423549652e-02 -3.930111415684223175e-03 3.621141985058784485e-02 8.104595355689525604e-03 -8.125342428684234619e-03 1.048300713300704956e-01 1.236168220639228821e-01 -7.567290216684341431e-03 2.530151046812534332e-02 -4.739528149366378784e-02 -4.661510512232780457e-02 -4.195167124271392822e-02 3.205389901995658875e-02 5.819280073046684265e-02 9.896069765090942383e-02 -1.467065536417067051e-03 4.777037352323532104e-02 -7.483608555048704147e-03 1.258169263601303101e-01 4.998701065778732300e-02 1.305520441383123398e-02 1.366535015404224396e-02 -4.795753210783004761e-02 6.464248895645141602e-02 1.824054308235645294e-02 1.021795943379402161e-01 2.993991598486900330e-03 6.770876795053482056e-02 1.115920115262269974e-02 4.093832895159721375e-02 1.428756490349769592e-02 1.145593672990798950e-01 1.086851023137569427e-02 8.702594041824340820e-02 3.565786033868789673e-02 5.461897701025009155e-03 1.856918074190616608e-02 3.451030328869819641e-02 6.374206393957138062e-02 4.892134666442871094e-02 4.174225777387619019e-02 3.759036213159561157e-02 5.975851789116859436e-02 8.589246124029159546e-02 -2.803240343928337097e-02 8.326937258243560791e-02 7.431558519601821899e-02 8.126334100961685181e-02 6.600614637136459351e-02 7.472069561481475830e-02 8.420617133378982544e-02 3.714031726121902466e-02 3.319516405463218689e-02 5.576445907354354858e-02 8.984903991222381592e-02 9.537494927644729614e-02 1.057719290256500244e-01 1.219556033611297607e-01 7.773625105619430542e-02 7.312650978565216064e-02 7.331560552120208740e-02
-4.629265144467353821e-02 1.406370103359222412e-01 7.339279353618621826e-02 2.145811766386032104e-01 1.557308286428451538e-01 1.329820752143859863e-01 1.670787632465362549e-01 2.135291579179465771e-04 1.754876039922237396e-02 9.629889577627182007e-02 -1.953081809915602207e-03 5.530695989727973938e-02 1.000000000000000000e+00 1.566532105207443237e-01 1.453471630811691284e-01 8.733610808849334717e-02 3.011591732501983643e-01 1.339416056871414185e-01 1.215868070721626282e-01 4.372594133019447327e-02 1.075089052319526672e-01 1.027423143386840820e-01 9.260383993387222290e-02 1.137058734893798828e-01 8.553898334503173828e-02 1.158266514539718628e-01 9.872682392597198486e-02 2.181820124387741089e-01 1.569674164056777954e-01 1.500660330057144165e-01 5.411448329687118530e-02 5.350266396999359131e-02 6.295247375965118408e-02 1.022843867540359497e-01 7.047712057828903198e-02 2.316366136074066162e-01 3.297345340251922607e-01 2.430082857608795166e-01 1.119205802679061890e-01 5.752577632665634155e-02 8.593144267797470093e-02 -2.152902632951736450e-02 2.139861285686492920e-01 7.397875934839248657e-02 1.373858004808425903e-01 3.033270128071308136e-02 -3.401871770620346069e-02 1.681942120194435120e-02 7.095150649547576904e-02 4.441976174712181091e-02 6.355096399784088135e-02 -5.280391126871109009e-02 -4.209115635603666306e-03 4.684163630008697510e-02 9.607218205928802490e-02 2.327255755662918091e-01 7.047494500875473022e-02 1.296487897634506226e-01 1.532865688204765320e-02 2.063811756670475006e-02 -8.639924228191375732e-03 4.517525807023048401e-02 8.438152819871902466e-02 4.669524729251861572e-02 -1.925988122820854187e-02 5.147609487175941467e-02 4.028443247079849243e-03 4.803494364023208618e-02 3.225525468587875366e-02 7.387724518775939941e-02 3.377061337232589722e-02 5.527783557772636414e-02 5.338244512677192688e-02 8.175431936979293823e-02 1.926304399967193604e-01 1.003575026988983154e-01 1.071696057915687561e-01 1.960310339927673340e-01 5.373078584671020508e-02 3.826638311147689819e-02 7.872611284255981445e-02 5.307307094335556030e-02 4.984070733189582825e-02 -1.845515705645084381e-02 -3.778345510363578796e-02 -3.925774991512298584e-02 -5.438205972313880920e-02 -5.510891228914260864e-02 -6.454771757125854492e-02 -9.326617419719696045e-02 -9.122350066900253296e-02 -1.304132044315338135e-01 -1.147436425089836121e-01 -1.142890974879264832e-01
7.316054403781890869e-02 1.836916506290435791e-01 8.475384861230850220e-02 1.274355947971343994e-01 1.821157336235046387e-01 7.092585414648056030e-02 1.800134778022766113e-01 4.424085095524787903e-02 5.038734525442123413e-02 7.353933900594711304e-02 1.026018932461738586e-01 1.064081341028213501e-01 1.566532105207443237e-01 1.000000000000000000e+00 1.866328269243240356e-01 1.254066526889801025e-01 1.925799995660781860e-01 2.312241494655609131e-01 1.398860514163970947e-01 3.810480609536170959e-02 1.312728673219680786e-01 5.189498513936996460e-02 1.271629482507705688e-01 3.117693588137626648e-02 1.180853098630905151e-01 9.175980836153030396e-02 7.302891463041305542e-02 1.321706026792526245e-01 1.947340928018093109e-02 1.548283398151397705e-01 3.297074511647224426e-02 8.683466911315917969e-02 9.009230881929397583e-02 1.160721015185117722e-02 6.585157662630081177e-02 2.418358176946640015e-01 1.840389072895050049e-01 1.436715126037597656e-01 1.872268915176391602e-01 6.268012523651123047e-02 4.808211699128150940e-02 2.846038201823830605e-03 6.131996586918830872e-02 9.832148253917694092e-02 1.188936457037925720e-01 2.250960096716880798e-02 8.196393400430679321e-02 8.981368690729141235e-02 4.143162816762924194e-02 6.993547081947326660e-02 6.635676324367523193e-02 5.629543215036392212e-02 2.215502969920635223e-02 2.481461130082607269e-02 7.867978513240814209e-02 5.680294707417488098e-02 5.335028469562530518e-02 8.048261702060699463e-02 2.955325692892074585e-02 3.569944947957992554e-02 1.064330711960792542e-01 1.174697354435920715e-01 1.753159463405609131e-01 -1.063146349042654037e-02 2.708146534860134125e-02 4.381170123815536499e-02 2.410855516791343689e-02 4.848336428403854370e-02 5.559053272008895874e-02 9.280795603990554810e-02 4.990075156092643738e-02 8.582472801208496094e-02 8.775577694177627563e-02 8.629187196493148804e-02 2.263705134391784668e-01 8.057569712400436401e-02 1.065545752644538879e-01 7.218201458454132080e-02 9.475194662809371948e-02 8.219610899686813354e-02 1.388065069913864136e-01 6.324566900730133057e-02 8.376000821590423584e-02 5.711598694324493408e-02 7.636238634586334229e-02 1.089442744851112366e-01 1.060061231255531311e-01 8.856683224439620972e-02 7.295236736536026001e-02 5.309413373470306396e-02 3.535629063844680786e-02 8.892386406660079956e-02 6.518196314573287964e-02 6.079094856977462769e-02
6.944089382886886597e-02 1.138603016734123230e-01 7.639645040035247803e-02 1.002728939056396484e-01 1.225205436348915100e-01 6.259731203317642212e-02 8.560348302125930786e-02 1.270692944526672363e-01 2.864474803209304810e-02 1.387308388948440552e-01 1.304388344287872314e-01 5.613152682781219482e-02 1.453471630811691284e-01 1.866328269243240356e-01 1.000000000000000000e+00 8.227501809597015381e-02 1.600993573665618896e-01 1.612511128187179565e-01 1.704993396997451782e-01 1.745859533548355103e-02 5.582076311111450195e-02 5.151000991463661194e-02 8.678413927555084229e-02 2.075564675033092499e-02 1.281586289405822754e-01 1.147316172719001770e-01 5.725232511758804321e-02 1.015592440962791443e-01 1.669265888631343842e-02 1.159323379397392273e-01 2.937168627977371216e-02 6.818613409996032715e-02 9.452018886804580688e-02 5.280921980738639832e-02 2.617919445037841797e-02 1.464817821979522705e-01 1.327299475669860840e-01 1.174627691507339478e-01 1.354467719793319702e-01 6.474491208791732788e-02 5.629708524793386459e-03 1.323110610246658325e-02 5.851455777883529663e-02 7.198435068130493164e-02 1.135494261980056763e-01 6.101480871438980103e-02 1.833025515079498291e-01 8.976153284311294556e-02 5.899908021092414856e-02 8.395311236381530762e-02 8.721307665109634399e-02 1.640078425407409668e-01 8.266526460647583008e-02 4.926993325352668762e-02 9.408549964427947998e-02 4.767046868801116943e-02 5.155682563781738281e-02 1.654747277498245239e-01 3.055938333272933960e-02 5.358707904815673828e-02 1.027407124638557434e-01 1.033720523118972778e-01 1.537402570247650146e-01 1.739291660487651825e-02 3.651782125234603882e-02 7.018893957138061523e-02 7.049907743930816650e-02 5.948059260845184326e-02 5.523457378149032593e-02 1.113331690430641174e-01 6.528110057115554810e-02 5.938084051012992859e-02 9.599817544221878052e-02 7.855776697397232056e-02 1.182899326086044312e-01 9.713638573884963989e-02 5.137727782130241394e-02 7.565617561340332031e-02 7.521417737007141113e-02 5.997199937701225281e-02 9.808018058538436890e-02 2.762076444923877716e-02 5.363426357507705688e-02 5.035526677966117859e-02 7.647814601659774780e-02 9.577818214893341064e-02 9.777124971151351929e-02 8.966847509145736694e-02 8.438661694526672363e-02 9.507064521312713623e-02 9.219710528850555420e-02 9.724022448062896729e-02 1.031111106276512146e-01 9.864609688520431519e-02
-4.723964631557464600e-02 4.621893540024757385e-02 5.315456911921501160e-02 8.852646499872207642e-02 8.119426667690277100e-02 1.107586398720741272e-01 8.997892588376998901e-02 4.824900627136230469e-02 4.787570796906948090e-03 3.088141605257987976e-02 2.047440782189369202e-02 -2.931306371465325356e-03 8.733610808849334717e-02 1.254066526889801025e-01 8.227501809597015381e-02 1.000000000000000000e+00 1.424769312143325806e-01 1.393667608499526978e-01 1.363239586353302002e-01 8.330128341913223267e-02 5.954155325889587402e-02 1.047381758689880371e-01 3.983371704816818237e-02 9.521184861660003662e-02 5.147894844412803650e-02 4.876320436596870422e-02 6.859507411718368530e-02 5.732563138008117676e-02 -4.124743398278951645e-03 6.533914059400558472e-02 4.214407503604888916e-02 2.743033692240715027e-02 1.808046549558639526e-02 6.537746638059616089e-02 6.627222150564193726e-02 8.679205179214477539e-02 9.237998723983764648e-02 1.735746562480926514e-01 2.014128305017948151e-02 6.757535506039857864e-03 5.620388686656951904e-02 -5.254770070314407349e-02 7.447765022516250610e-02 5.200686864554882050e-03 8.208799362182617188e-02 1.573158986866474152e-02 5.271309055387973785e-04 1.351151801645755768e-02 5.326456576585769653e-02 4.855171963572502136e-02 5.792785808444023132e-02 -5.246394127607345581e-02 1.260423939675092697e-02 4.455848410725593567e-02 4.139016568660736084e-02 3.761105611920356750e-02 4.373587295413017273e-02 2.283863537013530731e-02 5.591962113976478577e-02 -4.477755166590213776e-03 -4.094574134796857834e-03 3.890682756900787354e-02 5.683768913149833679e-02 -6.645286828279495239e-02 -5.235395953059196472e-02 6.224311422556638718e-03 -1.496679708361625671e-02 4.554671049118041992e-02 4.780783131718635559e-02 5.643330514430999756e-03 -3.611972555518150330e-03 5.175933986902236938e-02 2.394568361341953278e-02 5.155881866812705994e-02 9.471536427736282349e-02 5.168308317661285400e-02 3.967088088393211365e-02 4.895270243287086487e-02 2.009891346096992493e-02 8.165420033037662506e-03 2.660980448126792908e-02 6.552987731993198395e-03 1.092940755188465118e-02 3.463334636762738228e-03 6.415937095880508423e-03 -1.904847286641597748e-02 -1.307637803256511688e-02 -2.264786697924137115e-02 -4.784377664327621460e-02 -7.397653162479400635e-02 -7.644210755825042725e-02 1.647919975221157074e-02 1.137654781341552734e-01 1.168949529528617859e-01
