1.000000000000000000e+00 3.838151693344116211e-01 1.043771728873252869e-01 2.734218165278434753e-02 -5.273686349391937256e-02 -6.901137530803680420e-03 2.812962234020233154e-02 6.858287751674652100e-02 -8.560629561543464661e-03 2.888588421046733856e-02 -4.536292050033807755e-03 1.603221870027482510e-03 -1.913790963590145111e-02 1.891763508319854736e-02 -2.464126050472259521e-02 -4.039402306079864502e-02 8.946216665208339691e-03 9.151775389909744263e-03 -1.564216613769531250e-02 -4.536378197371959686e-03 -3.124406933784484863e-02 3.716524224728345871e-03 1.867192052304744720e-02 -1.880015060305595398e-02 2.194332145154476166e-02 7.226397283375263214e-04 2.394496276974678040e-02 -1.252295449376106262e-02 -2.348344214260578156e-02 1.622540503740310669e-02 1.227512024343013763e-02 8.674602024257183075e-03 -5.439375061541795731e-03 -2.640978433191776276e-02 3.077875077724456787e-02 2.208865620195865631e-02 4.403877630829811096e-02 4.172343015670776367e-02 -1.867595314979553223e-02 5.667857080698013306e-02 -3.796233236789703369e-02 8.010758087038993835e-03 -2.216790802776813507e-02 -9.779738262295722961e-03 4.720423370599746704e-02 -9.730090969242155552e-04 -2.382204309105873108e-02 -1.961030252277851105e-02 -1.920812018215656281e-02 1.700072549283504486e-02 -8.367428556084632874e-03 -9.831547737121582031e-03 2.395919291302561760e-03 -4.869166004937142134e-04 -3.527302294969558716e-02 -2.612703246995806694e-03
3.838151693344116211e-01 1.000000000000000000e+00 2.728412151336669922e-01 6.845056265592575073e-02 -1.177960932254791260e-01 4.111047834157943726e-03 2.355235163122415543e-03 4.559361934661865234e-02 -1.803544349968433380e-02 3.338880091905593872e-02 5.625617690384387970e-03 -6.203706189990043640e-02 -3.845607489347457886e-02 -6.016905233263969421e-02 -1.344491075724363327e-02 -2.822845708578824997e-03 4.337565973401069641e-03 1.829455420374870300e-02 2.720680087804794312e-02 1.953040249645709991e-02 -2.194745279848575592e-02 1.224399916827678680e-02 2.764282189309597015e-02 -2.572561614215373993e-02 4.713669046759605408e-02 7.237159879878163338e-04 2.034052088856697083e-02 6.089972797781229019e-03 -4.090073984116315842e-03 -1.714498922228813171e-02 -5.563956219702959061e-03 -4.397729411721229553e-03 -2.561055310070514679e-02 -6.680599413812160492e-03 1.103601767681539059e-03 4.456067923456430435e-03 2.465569041669368744e-02 -2.982302010059356689e-02 3.292712196707725525e-02 -8.095880970358848572e-03 -4.347547516226768494e-02 2.252489514648914337e-02 -4.428377747535705566e-02 -5.583977792412042618e-03 8.077622391283512115e-03 8.852493949234485626e-03 1.528642233461141586e-02 -9.014873765408992767e-03 2.719122683629393578e-03 2.268477343022823334e-02 -1.239989884197711945e-02 2.668590843677520752e-02 1.337532978504896164e-02 9.092067368328571320e-03 -3.754951804876327515e-02 -3.464811295270919800e-02
1.043771728873252869e-01 2.728412151336669922e-01 1.000000000000000000e+00 2.483403831720352173e-01 -1.177710965275764465e-01 3.842771053314208984e-02 -1.077756844460964203e-02 -7.313095498830080032e-03 1.700835861265659332e-02 -2.296336693689227104e-03 1.544127147644758224e-02 -7.979893684387207031e-02 -3.650121157988905907e-03 -5.169233679771423340e-02 -6.024705711752176285e-03 -1.132887601852416992e-02 4.935656208544969559e-03 5.168533418327569962e-03 1.866043172776699066e-02 8.898061350919306278e-04 7.733933627605438232e-03 1.062949467450380325e-02 9.838729165494441986e-03 -1.506346464157104492e-02 1.341521367430686951e-02 5.844901315867900848e-03 1.456557773053646088e-02 2.033540792763233185e-02 5.131624173372983932e-03 -6.126455962657928467e-03 -1.237175078131258488e-03 8.558616973459720612e-03 -7.855259813368320465e-03 -1.621601171791553497e-03 -3.968024160712957382e-03 -2.785603143274784088e-02 2.408836968243122101e-02 -2.460044808685779572e-03 1.252083759754896164e-02 -4.432919435203075409e-03 -1.616454124450683594e-02 6.163565907627344131e-03 -1.651594229042530060e-02 -4.858482163399457932e-03 -2.616715617477893829e-02 7.178039755672216415e-03 3.501314902678132057e-03 7.485872134566307068e-03 -5.421465728431940079e-03 -5.205673631280660629e-03 -5.517967976629734039e-03 2.022201195359230042e-02 5.817253142595291138e-03 4.965036176145076752e-03 -2.325265668332576752e-02 -9.350209147669374943e-04
2.734218165278434753e-02 6.845056265592575073e-02 2.483403831720352173e-01 1.000000000000000000e+00 -4.064208269119262695e-02 7.648130506277084351e-02 3.492511063814163208e-02 1.919123344123363495e-02 5.624327063560485840e-02 3.066243231296539307e-02 5.123912170529365540e-02 -4.224376380443572998e-02 2.816705591976642609e-02 9.376795031130313873e-03 2.802359312772750854e-02 1.016323082149028778e-02 2.015493251383304596e-02 1.557312719523906708e-02 1.608663424849510193e-02 -1.336953695863485336e-02 1.861181668937206268e-02 -2.051673363894224167e-03 1.115274801850318909e-02 1.664905808866024017e-02 1.451356522738933563e-02 1.243495289236307144e-02 1.129783410578966141e-02 2.568799629807472229e-02 1.414500083774328232e-02 5.487621761858463287e-03 1.056716032326221466e-02 1.575983129441738129e-02 -9.128606878221035004e-03 1.042762398719787598e-02 1.137627754360437393e-02 4.197083879262208939e-03 -4.083727486431598663e-03 3.111298941075801849e-02 1.756430231034755707e-02 -3.905348014086484909e-03 -1.787250116467475891e-02 2.622053213417530060e-02 -3.867794992402195930e-03 1.510606845840811729e-03 2.149022370576858521e-02 2.252885513007640839e-02 8.580743335187435150e-03 6.470230873674154282e-03 3.848841181024909019e-03 5.685511510819196701e-03 -4.727240651845932007e-03 2.364124916493892670e-02 2.061921730637550354e-02 2.248435281217098236e-02 -2.014045417308807373e-02 -1.335867401212453842e-02
-5.273686349391937256e-02 -1.177960932254791260e-01 -1.177710965275764465e-01 -4.064208269119262695e-02 1.000000000000000000e+00 1.185914576053619385e-01 2.218250930309295654e-01 2.704861760139465332e-01 1.270186901092529297e-01 1.425922960042953491e-01 9.991859644651412964e-02 5.736971497535705566e-01 1.154708266258239746e-01 3.486161530017852783e-01 7.241250574588775635e-02 6.579288095235824585e-02 5.191063135862350464e-02 6.327455490827560425e-02 1.317161507904529572e-02 5.450353398919105530e-02 -2.370314672589302063e-03 5.445880815386772156e-02 -4.657212179154157639e-03 2.737158723175525665e-02 1.331822131760418415e-03 7.496809586882591248e-03 1.323571149259805679e-02 4.796718712896108627e-03 -1.632847939617931843e-03 2.597281709313392639e-02 2.709889784455299377e-02 9.881372097879648209e-04 1.046679764986038208e-01 1.186962705105543137e-02 -1.560969930142164230e-02 1.351735889911651611e-01 -2.436851337552070618e-02 1.809329167008399963e-02 -2.402973733842372894e-02 -3.103372268378734589e-02 -3.422473324462771416e-03 2.677756734192371368e-02 -1.508015953004360199e-02 1.765978708863258362e-02 5.450780689716339111e-02 2.436232566833496094e-02 -2.231569727882742882e-03 -1.051664352416992188e-03 3.055646084249019623e-02 2.411162108182907104e-02 1.450960710644721985e-02 -2.780887484550476074e-02 7.373199332505464554e-03 3.727864939719438553e-03 3.067267686128616333e-02 -3.304877784103155136e-03
-6.901137530803680420e-03 4.111047834157943726e-03 3.842771053314208984e-02 7.648130506277084351e-02 1.185914576053619385e-01 1.000000000000000000e+00 6.246754154562950134e-02 7.431010156869888306e-02 7.712984830141067505e-02 5.843579396605491638e-02 6.592202931642532349e-02 4.999196901917457581e-02 3.605899214744567871e-02 2.928271517157554626e-02 3.813820332288742065e-02 2.464643493294715881e-02 2.915020100772380829e-02 2.241187915205955505e-02 2.135635726153850555e-02 2.575975097715854645e-02 1.017341855913400650e-02 1.852020248770713806e-02 1.336837746202945709e-02 5.002224817872047424e-03 2.246282249689102173e-02 1.336778886616230011e-02 8.135881274938583374e-03 2.860935591161251068e-02 1.687200367450714111e-02 3.992934711277484894e-03 2.201556041836738586e-02 1.553720980882644653e-02 9.054775349795818329e-03 1.627907902002334595e-02 -5.610788357444107533e-04 1.238930132240056992e-02 -7.450653705745935440e-03 1.325840828940272331e-03 7.662807125598192215e-03 -1.282795332372188568e-02 -2.559076994657516479e-02 1.426256261765956879e-02 -5.962566472589969635e-03 8.181466720998287201e-03 -4.925378132611513138e-03 2.245553582906723022e-02 7.031248416751623154e-03 1.120769418776035309e-02 1.505219750106334686e-02 6.273649632930755615e-03 -4.033077508211135864e-03 1.896063424646854401e-02 2.107661589980125427e-02 2.448946423828601837e-02 -1.930684084072709084e-03 -9.518520906567573547e-03
2.812962234020233154e-02 2.355235163122415543e-03 -1.077756844460964203e-02 3.492511063814163208e-02 2.218250930309295654e-01 6.246754154562950134e-02 1.000000000000000000e+00 1.584170907735824585e-01 4.573450237512588501e-02 5.554380267858505249e-02 4.532798007130622864e-02 1.479663103818893433e-01 5.961054190993309021e-02 7.899614423513412476e-02 2.890670299530029297e-02 2.453333325684070587e-02 2.308715507388114929e-02 1.717049814760684967e-02 5.073569249361753464e-03 -1.167238317430019379e-02 -3.149083582684397697e-03 2.732251770794391632e-02 -1.228963397443294525e-02 -6.960920989513397217e-03 7.934706285595893860e-03 8.301158435642719269e-03 2.326323185116052628e-03 1.326117292046546936e-02 9.539590217173099518e-03 -1.579483412206172943e-02 1.185167348012328148e-03 9.886723011732101440e-03 2.028440125286579132e-02 9.147197706624865532e-04 3.125066310167312622e-02 6.806617975234985352e-02 6.254615634679794312e-02 1.051390776410698891e-03 -2.286144718527793884e-02 3.941616043448448181e-02 7.076332718133926392e-02 7.975073158740997314e-02 -1.289334241300821304e-02 1.359601505100727081e-02 1.269074529409408569e-01 1.432803273200988770e-02 3.202403336763381958e-02 -3.010943531990051270e-03 2.916136011481285095e-02 2.732692286372184753e-02 -1.221873890608549118e-02 2.413433790206909180e-02 1.592019572854042053e-02 1.466176286339759827e-02 1.757234684191644192e-03 -3.446454554796218872e-02
6.858287751674652100e-02 4.559361934661865234e-02 -7.313095498830080032e-03 1.919123344123363495e-02 2.704861760139465332e-01 7.431010156869888306e-02 1.584170907735824585e-01 1.000000000000000000e+00 5.574215948581695557e-02 1.583740860223770142e-02 4.969497397541999817e-02 1.891284584999084473e-01 2.363833226263523102e-02 9.827780723571777344e-02 8.411494083702564240e-03 3.314254060387611389e-02 3.226993605494499207e-02 2.767285890877246857e-02 2.138567157089710236e-02 2.814975567162036896e-02 -5.880168639123439789e-03 1.394996885210275650e-02 3.240066580474376678e-03 -1.320751011371612549e-02 2.982360683381557465e-02 9.193279780447483063e-03 -3.704116679728031158e-03 2.376270666718482971e-02 4.237388202454894781e-04 -1.585070230066776276e-02 8.907447045203298330e-05 1.751756481826305389e-02 4.792223125696182251e-02 2.900049462914466858e-02 -6.205688230693340302e-03 3.897459805011749268e-02 5.814395472407341003e-02 -1.576773077249526978e-02 -4.905644338577985764e-03 -2.475868724286556244e-02 3.488804213702678680e-04 2.982687577605247498e-02 -3.314199624583125114e-03 1.548167131841182709e-02 7.630446553230285645e-02 1.461603795178234577e-03 -8.416254422627389431e-04 -1.734909787774085999e-02 4.582947120070457458e-03 -1.867066696286201477e-02 3.064954420551657677e-03 3.835747251287102699e-03 1.017933990806341171e-02 -4.426771192811429501e-04 3.751183394342660904e-03 2.905431436374783516e-03
-8.560629561543464661e-03 -1.803544349968433380e-02 1.700835861265659332e-02 5.624327063560485840e-02 1.270186901092529297e-01 7.712984830141067505e-02 4.573450237512588501e-02 5.574215948581695557e-02 1.000000000000000000e+00 6.006601080298423767e-02 7.410966604948043823e-02 5.492096394300460815e-02 4.451530799269676208e-02 6.585013866424560547e-02 3.746425732970237732e-02 3.744496405124664307e-02 3.118462860584259033e-02 3.011731058359146118e-02 2.937475778162479401e-02 7.090357597917318344e-03 1.421637833118438721e-03 2.897930704057216644e-02 8.962593041360378265e-03 8.748331107199192047e-03 2.787056937813758850e-02 1.447045151144266129e-02 1.816926337778568268e-02 1.305737718939781189e-02 1.804989762604236603e-02 1.248812768608331680e-03 2.682971209287643433e-02 1.433428656309843063e-02 6.831065751612186432e-03 2.246617525815963745e-02 4.462903831154108047e-03 3.829849511384963989e-02 -1.638602465391159058e-02 2.935619093477725983e-02 1.218169648200273514e-02 -1.377894449979066849e-02 -5.753008183091878891e-03 1.603292487561702728e-02 -3.973965067416429520e-03 5.130114499479532242e-03 1.112874504178762436e-02 3.420366719365119934e-02 5.967485252767801285e-03 1.293421629816293716e-02 1.426724996417760849e-02 -4.535808693617582321e-04 4.038076382130384445e-03 1.277801580727100372e-02 1.454753894358873367e-02 1.487494073808193207e-02 -5.635317880660295486e-03 1.219204068183898926e-02
2.888588421046733856e-02 3.338880091905593872e-02 -2.296336693689227104e-03 3.066243231296539307e-02 1.425922960042953491e-01 5.843579396605491638e-02 5.554380267858505249e-02 1.583740860223770142e-02 6.006601080298423767e-02 1.000000000000000000e+00 7.105030119419097900e-02 9.706667065620422363e-02 5.712714046239852905e-02 1.128503978252410889e-01 4.225871339440345764e-02 2.211670204997062683e-02 3.273251280188560486e-02 2.884076908230781555e-02 2.598018385469913483e-03 -2.092497795820236206e-02 -8.825569413602352142e-03 5.035708472132682800e-02 -4.016794729977846146e-03 -3.602862590923905373e-03 1.594224944710731506e-02 1.152417995035648346e-02 1.293959654867649078e-02 5.196926649659872055e-03 6.630889605730772018e-03 -2.499027736485004425e-02 1.131538953632116318e-02 1.159230433404445648e-02 2.844869904220104218e-02 5.235973279923200607e-03 3.284528106451034546e-02 6.791153550148010254e-02 3.534156596288084984e-03 4.488967359066009521e-02 1.498761400580406189e-02 5.636609345674514771e-02 4.425166919827461243e-02 1.131303329020738602e-02 -9.467452764511108398e-04 -5.971243605017662048e-03 2.801961079239845276e-02 9.530109353363513947e-03 1.561465952545404434e-02 -1.104073482565581799e-03 9.258328005671501160e-03 1.245832629501819611e-02 -9.265786036849021912e-03 -1.014554779976606369e-02 1.585547812283039093e-02 1.113539095968008041e-02 3.715836210176348686e-04 -6.889371201395988464e-03
-4.536292050033807755e-03 5.625617690384387970e-03 1.544127147644758224e-02 5.123912170529365540e-02 9.991859644651412964e-02 6.592202931642532349e-02 4.532798007130622864e-02 4.969497397541999817e-02 7.410966604948043823e-02 7.105030119419097900e-02 1.000000000000000000e+00 7.183311879634857178e-02 6.306375563144683838e-02 5.489099398255348206e-02 5.819008871912956238e-02 4.268124699592590332e-02 3.811904415488243103e-02 4.721006378531455994e-02 3.697412461042404175e-02 8.141462691128253937e-03 8.965726941823959351e-03 1.956833153963088989e-02 6.088901776820421219e-03 7.038184907287359238e-03 1.754426769912242889e-02 1.621548086404800415e-02 1.010623946785926819e-02 2.180832065641880035e-02 1.213946007192134857e-02 1.345568243414163589e-02 1.931974664330482483e-02 1.792940869927406311e-02 1.253171823918819427e-02 3.017240948975086212e-02 9.312313981354236603e-03 4.889692366123199463e-02 1.569819822907447815e-02 1.591890119016170502e-02 3.051657928153872490e-03 -4.412261769175529480e-03 -6.353116128593683243e-03 1.595926843583583832e-02 3.245711792260408401e-03 1.272943709045648575e-02 -1.092273741960525513e-02 2.532400563359260559e-02 6.099908147007226944e-03 1.936324685811996460e-02 1.163386087864637375e-02 1.084377802908420563e-02 -1.197386882267892361e-04 1.373669411987066269e-02 1.453507039695978165e-02 1.784003339707851410e-02 6.743709556758403778e-03 -1.131779630668461323e-03
1.603221870027482510e-03 -6.203706189990043640e-02 -7.979893684387207031e-02 -4.224376380443572998e-02 5.736971497535705566e-01 4.999196901917457581e-02 1.479663103818893433e-01 1.891284584999084473e-01 5.492096394300460815e-02 9.706667065620422363e-02 7.183311879634857178e-02 1.000000000000000000e+00 1.244437098503112793e-01 2.617765963077545166e-01 9.774076938629150391e-02 6.231076270341873169e-02 5.336056649684906006e-02 7.087374478578567505e-02 1.515103876590728760e-02 1.353989690542221069e-01 -1.547368988394737244e-02 4.144566133618354797e-02 9.747708216309547424e-03 -5.294195376336574554e-03 -2.083494095131754875e-03 4.806443117558956146e-03 2.581147104501724243e-02 -2.117983996868133545e-03 1.188390515744686127e-02 -2.086155116558074951e-03 2.440265938639640808e-02 2.249111980199813843e-02 2.026589959859848022e-01 1.873528957366943359e-02 1.644193083047866821e-01 8.996368944644927979e-02 2.757642865180969238e-01 -2.008475735783576965e-02 -5.493930802913382649e-05 2.419199198484420776e-01 5.212273076176643372e-02 2.706055343151092529e-02 2.644181437790393829e-02 1.324874460697174072e-01 1.911021023988723755e-02 2.006510086357593536e-02 -8.679928258061408997e-03 9.621153585612773895e-03 7.833410054445266724e-03 3.293417021632194519e-02 -1.694730669260025024e-02 -2.180589362978935242e-02 2.330095320940017700e-02 1.626029843464493752e-03 -2.824996784329414368e-02 1.908797957003116608e-02
-1.913790963590145111e-02 -3.845607489347457886e-02 -3.650121157988905907e-03 2.816705591976642609e-02 1.154708266258239746e-01 3.605899214744567871e-02 5.961054190993309021e-02 2.363833226263523102e-02 4.451530799269676208e-02 5.712714046239852905e-02 6.306375563144683838e-02 1.244437098503112793e-01 1.000000000000000000e+00 1.914835721254348755e-01 1.090240180492401123e-01 9.364727884531021118e-02 3.361758589744567871e-02 5.064507946372032166e-02 2.881541289389133453e-02 -9.822042658925056458e-03 2.160811796784400940e-03 -2.515977947041392326e-03 9.627319872379302979e-03 8.327778428792953491e-03 3.604053286835551262e-03 9.119028225541114807e-03 2.470603957772254944e-02 1.114992145448923111e-02 2.069857344031333923e-02 1.094991108402609825e-03 3.174682706594467163e-02 1.522080786526203156e-02 2.745097130537033081e-02 2.791057527065277100e-02 4.698223620653152466e-02 2.748424112796783447e-01 5.390363559126853943e-02 1.412510275840759277e-01 -3.567238524556159973e-02 8.470290340483188629e-03 -4.200248513370752335e-04 2.022529952228069305e-02 -4.242215771228075027e-03 9.391145780682563782e-03 -3.500531241297721863e-02 1.579470559954643250e-02 3.058274043723940849e-03 1.925560273230075836e-02 2.121326886117458344e-02 2.634599804878234863e-02 -6.034790538251399994e-03 1.419575652107596397e-03 1.591603830456733704e-02 2.021228522062301636e-02 3.831047099083662033e-03 -1.330812275409698486e-02
1.891763508319854736e-02 -6.016905233263969421e-02 -5.169233679771423340e-02 9.376795031130313873e-03 3.486161530017852783e-01 2.928271517157554626e-02 7.899614423513412476e-02 9.827780723571777344e-02 6.585013866424560547e-02 1.128503978252410889e-01 5.489099398255348206e-02 2.617765963077545166e-01 1.914835721254348755e-01 1.000000000000000000e+00 1.147507950663566589e-01 1.018103435635566711e-01 6.592670083045959473e-02 7.083613425493240356e-02 4.626042023301124573e-02 -6.567943841218948364e-02 -1.988968346267938614e-03 -5.039646476507186890e-02 2.001258730888366699e-02 -1.354106795042753220e-02 3.035559784621000290e-03 1.801068522036075592e-02 1.541669247671961784e-03 2.916228957474231720e-02 3.152470104396343231e-03 -8.384131826460361481e-03 2.739669196307659149e-02 -1.029688492417335510e-02 7.206792384386062622e-02 2.429508231580257416e-02 -3.740656375885009766e-02 3.386699855327606201e-01 -5.026990920305252075e-02 7.311531305313110352e-01 -2.883415110409259796e-02 -5.824619904160499573e-02 -1.050430256873369217e-02 2.837122045457363129e-02 -2.249003201723098755e-02 -5.327371507883071899e-02 -1.576293632388114929e-02 2.061445638537406921e-02 -1.579139381647109985e-02 1.515122223645448685e-02 4.951008036732673645e-02 4.282139986753463745e-02 -1.085710991173982620e-02 -1.040148921310901642e-02 3.564314451068639755e-03 -3.913974389433860779e-03 -1.170105952769517899e-02 1.149695459753274918e-02
-2.464126050472259521e-02 -1.344491075724363327e-02 -6.024705711752176285e-03 2.802359312772750854e-02 7.241250574588775635e-02 3.813820332288742065e-02 2.890670299530029297e-02 8.411494083702564240e-03 3.746425732970237732e-02 4.225871339440345764e-02 5.819008871912956238e-02 9.774076938629150391e-02 1.090240180492401123e-01 1.147507950663566589e-01 1.000000000000000000e+00 1.052052378654479980e-01 4.729337990283966064e-02 7.285349071025848389e-02 5.515851825475692749e-02 2.118849568068981171e-02 6.351792253553867340e-03 9.956253692507743835e-03 9.420987218618392944e-03 1.476044300943613052e-02 1.193373277783393860e-02 1.727791316807270050e-02 2.190255001187324524e-02 2.301260642707347870e-02 2.795620076358318329e-02 8.248666301369667053e-03 2.114501036703586578e-02 1.014973502606153488e-02 1.436753664165735245e-02 2.983844839036464691e-02 2.633696794509887695e-02 1.475726515054702759e-01 3.500735014677047729e-02 7.552062720060348511e-02 -1.536051370203495026e-02 -8.699562400579452515e-03 5.599606782197952271e-03 1.966287940740585327e-02 -1.850693486630916595e-02 1.174419187009334564e-02 -4.505840316414833069e-02 2.521275170147418976e-02 -2.347730332985520363e-03 1.447090599685907364e-02 3.157421573996543884e-02 2.851114422082901001e-02 -1.725972630083560944e-02 1.624817261472344398e-03 2.261430397629737854e-02 2.521532960236072540e-02 -1.288932934403419495e-02 -6.506407517008483410e-04
-4.039402306079864502e-02 -2.822845708578824997e-03 -1.132887601852416992e-02 1.016323082149028778e-02 6.579288095235824585e-02 2.464643493294715881e-02 2.453333325684070587e-02 3.314254060387611389e-02 3.744496405124664307e-02 2.211670204997062683e-02 4.268124699592590332e-02 6.231076270341873169e-02 9.364727884531021118e-02 1.018103435635566711e-01 1.052052378654479980e-01 1.000000000000000000e+00 3.920435905456542969e-02 8.518096059560775757e-02 9.396827965974807739e-02 3.553581610321998596e-02 -3.521493170410394669e-03 -3.124009072780609131e-02 1.009946223348379135e-02 1.753540709614753723e-02 1.602443121373653412e-02 1.059939432889223099e-02 2.504422888159751892e-02 1.898192055523395538e-02 2.596745267510414124e-02 5.111497361212968826e-03 4.803699254989624023e-02 1.293917652219533920e-02 2.395336143672466278e-02 7.226669788360595703e-02 5.029726773500442505e-02 1.345744431018829346e-01 4.943708330392837524e-02 5.748923867940902710e-02 6.693878211081027985e-03 -1.799064129590988159e-02 5.060649942606687546e-03 1.670897379517555237e-02 -2.608897909522056580e-02 3.492417931556701660e-02 -3.557408601045608521e-02 1.679387688636779785e-02 2.494650334119796753e-02 9.466124698519706726e-03 2.309811487793922424e-02 7.190101779997348785e-03 -1.289720833301544189e-02 3.746825736016035080e-03 1.699205487966537476e-02 2.520763315260410309e-02 2.749190200120210648e-03 -7.795989047735929489e-03
8.946216665208339691e-03 4.337565973401069641e-03 4.935656208544969559e-03 2.015493251383304596e-02 5.191063135862350464e-02 2.915020100772380829e-02 2.308715507388114929e-02 3.226993605494499207e-02 3.118462860584259033e-02 3.273251280188560486e-02 3.811904415488243103e-02 5.336056649684906006e-02 3.361758589744567871e-02 6.592670083045959473e-02 4.729337990283966064e-02 3.920435905456542969e-02 1.000000000000000000e+00 4.382335767149925232e-02 4.601813107728958130e-02 1.066579669713973999e-02 3.544394299387931824e-02 5.854797083884477615e-03 7.330524269491434097e-03 9.923733770847320557e-03 1.852707564830780029e-02 1.713432185351848602e-02 1.102987118065357208e-02 1.230550743639469147e-02 1.115790754556655884e-02 8.415251038968563080e-03 1.413676794618368149e-02 2.514554932713508606e-02 1.232008170336484909e-02 4.935634881258010864e-02 9.625414386391639709e-03 7.946763187646865845e-02 3.233609721064567566e-02 2.373152785003185272e-02 1.343484781682491302e-02 1.443949900567531586e-02 9.399153292179107666e-03 1.673506945371627808e-02 3.923238255083560944e-03 1.884757913649082184e-02 -1.468780171126127243e-02 2.386286482214927673e-02 2.976550953462719917e-03 2.838617004454135895e-02 2.143079973757266998e-02 1.678348332643508911e-02 -3.536225762218236923e-03 2.223614417016506195e-02 1.843169704079627991e-02 1.176339760422706604e-02 -5.746872047893702984e-04 1.883592642843723297e-02
9.151775389909744263e-03 1.829455420374870300e-02 5.168533418327569962e-03 1.557312719523906708e-02 6.327455490827560425e-02 2.241187915205955505e-02 1.717049814760684967e-02 2.767285890877246857e-02 3.011731058359146118e-02 2.884076908230781555e-02 4.721006378531455994e-02 7.087374478578567505e-02 5.064507946372032166e-02 7.083613425493240356e-02 7.285349071025848389e-02 8.518096059560775757e-02 4.382335767149925232e-02 1.000000000000000000e+00 7.423677295446395874e-02 3.228018432855606079e-02 2.305370988324284554e-03 7.361379452049732208e-03 5.084991920739412308e-03 1.563376747071743011e-02 1.646227017045021057e-02 1.808319985866546631e-02 1.889895275235176086e-02 6.966809276491403580e-03 2.321535348892211914e-02 5.110684782266616821e-03 2.370114251971244812e-02 1.706674136221408844e-02 1.959402486681938171e-02 4.535844177007675171e-02 1.843480765819549561e-02 7.682532817125320435e-02 4.265766218304634094e-02 3.505747998133301735e-03 2.488092519342899323e-03 7.990079000592231750e-03 -1.875223824754357338e-04 2.055085077881813049e-02 -1.382688153535127640e-02 2.675570175051689148e-02 -1.582432538270950317e-02 2.691135182976722717e-02 5.172785837203264236e-03 1.394526287913322449e-02 1.529498863965272903e-02 1.967698335647583008e-02 -2.449396997690200806e-03 5.890415981411933899e-03 1.737453229725360870e-02 1.825532503426074982e-02 1.536123090772889555e-05 1.109445653855800629e-02
-1.564216613769531250e-02 2.720680087804794312e-02 1.866043172776699066e-02 1.608663424849510193e-02 1.317161507904529572e-02 2.135635726153850555e-02 5.073569249361753464e-03 2.138567157089710236e-02 2.937475778162479401e-02 2.598018385469913483e-03 3.697412461042404175e-02 1.515103876590728760e-02 2.881541289389133453e-02 4.626042023301124573e-02 5.515851825475692749e-02 9.396827965974807739e-02 4.601813107728958130e-02 7.423677295446395874e-02 1.000000000000000000e+00 2.850504033267498016e-02 2.048507519066333771e-02 3.987475764006376266e-03 1.608297787606716156e-02 1.411724090576171875e-02 2.884618006646633148e-02 1.957497373223304749e-02 1.619764603674411774e-02 2.108943089842796326e-02 2.250429987907409668e-02 4.388660658150911331e-03 2.156667970120906830e-02 2.889930456876754761e-02 2.359429560601711273e-02 7.277694344520568848e-02 1.491730567067861557e-02 7.559714466333389282e-02 2.331530861556529999e-02 2.792988345026969910e-02 1.164989732205867767e-02 6.009033881127834320e-03 1.560643501579761505e-02 1.936922594904899597e-02 8.233389235101640224e-04 2.068511582911014557e-02 -3.250350430607795715e-02 2.730591222643852234e-02 2.531535923480987549e-03 1.165118813514709473e-02 3.853195533156394958e-02 -2.239748937427066267e-05 -7.716344669461250305e-03 1.744727231562137604e-02 1.955834776163101196e-02 1.731647551059722900e-02 5.731337005272507668e-04 8.870405144989490509e-03
-4.536378197371959686e-03 1.953040249645709991e-02 8.898061350919306278e-04 -1.336953695863485336e-02 5.450353398919105530e-02 2.575975097715854645e-02 -1.167238317430019379e-02 2.814975567162036896e-02 7.090357597917318344e-03 -2.092497795820236206e-02 8.141462691128253937e-03 1.353989690542221069e-01 -9.822042658925056458e-03 -6.567943841218948364e-02 2.118849568068981171e-02 3.553581610321998596e-02 1.066579669713973999e-02 3.228018432855606079e-02 2.850504033267498016e-02 1.000000000000000000e+00 -4.069395363330841064e-03 2.210677601397037506e-02 -1.429140288382768631e-02 3.534727543592453003e-02 5.748457740992307663e-03 8.469416759908199310e-03 2.717813663184642792e-02 -1.996644539758563042e-03 4.436097573488950729e-03 -2.904758090153336525e-03 2.155018970370292664e-02 1.312903035432100296e-02 1.055115610361099243e-01 2.259206958115100861e-02 -3.878871211782097816e-04 -5.039564520120620728e-02 1.015037000179290771e-01 -1.036222800612449646e-01 -3.672567009925842285e-02 2.798337303102016449e-02 2.610507048666477203e-02 5.418128333985805511e-03 5.078088492155075073e-03 3.840625286102294922e-01 -5.081851035356521606e-02 7.989999651908874512e-02 -3.565620630979537964e-02 -2.786180004477500916e-03 2.447815611958503723e-03 -2.838625758886337280e-02 -9.629725478589534760e-03 -1.975496858358383179e-02 6.585143506526947021e-03 4.176018759608268738e-03 -1.612840779125690460e-02 3.523081913590431213e-02
-3.124406933784484863e-02 -2.194745279848575592e-02 7.733933627605438232e-03 1.861181668937206268e-02 -2.370314672589302063e-03 1.017341855913400650e-02 -3.149083582684397697e-03 -5.880168639123439789e-03 1.421637833118438721e-03 -8.825569413602352142e-03 8.965726941823959351e-03 -1.547368988394737244e-02 2.160811796784400940e-03 -1.988968346267938614e-03 6.351792253553867340e-03 -3.521493170410394669e-03 3.544394299387931824e-02 2.305370988324284554e-03 2.048507519066333771e-02 -4.069395363330841064e-03 1.000000000000000000e+00 -7.162518450058996677e-04 -9.740504436194896698e-03 3.884541615843772888e-02 2.757838461548089981e-03 8.729231543838977814e-03 -2.723065437749028206e-03 2.329044230282306671e-02 -7.182761910371482372e-04 2.033507637679576874e-02 2.507140673696994781e-02 2.326567657291889191e-02 -2.784398943185806274e-02 1.592701487243175507e-02 -2.186851575970649719e-02 1.825246214866638184e-02 -5.519191175699234009e-02 -1.456104032695293427e-02 -3.308110171929001808e-03 -2.056571282446384430e-02 4.827696364372968674e-03 4.178849514573812485e-03 1.720218732953071594e-02 -2.654678374528884888e-02 -4.732042178511619568e-02 1.679473370313644409e-02 1.714459620416164398e-02 6.916962563991546631e-02 1.374939270317554474e-02 -1.629433594644069672e-02 -1.840162207372486591e-03 2.245187759399414062e-02 9.833214804530143738e-03 -1.035092514939606190e-03 3.202531253919005394e-03 4.394227173179388046e-03
3.716524224728345871e-03 1.224399916827678680e-02 1.062949467450380325e-02 -2.051673363894224167e-03 5.445880815386772156e-02 1.852020248770713806e-02 2.732251770794391632e-02 1.394996885210275650e-02 2.897930704057216644e-02 5.035708472132682800e-02 1.956833153963088989e-02 4.144566133618354797e-02 -2.515977947041392326e-03 -5.039646476507186890e-02 9.956253692507743835e-03 -3.124009072780609131e-02 5.854797083884477615e-03 7.361379452049732208e-03 3.987475764006376266e-03 2.210677601397037506e-02 -7.162518450058996677e-04 1.000000000000000000e+00 -1.484591886401176453e-02 4.999345913529396057e-02 6.560347042977809906e-03 2.901559462770819664e-03 -1.322924043051898479e-03 -1.601591939106583595e-03 1.102961972355842590e-02 3.377938643097877502e-03 9.683553129434585571e-03 1.991590857505798340e-02 3.020350448787212372e-02 -7.029727101325988770e-03 1.699121296405792236e-02 -5.370278656482696533e-02 3.038797061890363693e-03 -8.253705501556396484e-02 -1.045338809490203857e-03 5.629042163491249084e-02 2.864769194275140762e-03 2.671821415424346924e-02 3.414392005652189255e-03 2.647599391639232635e-02 -4.766120575368404388e-03 2.568659605458378792e-03 -1.678903214633464813e-02 -3.384103300049901009e-03 -2.496240194886922836e-03 -1.305162720382213593e-02 -5.666862241923809052e-03 -8.404850028455257416e-03 5.584412720054388046e-03 1.276672258973121643e-02 -2.693664282560348511e-02 1.362809818238019943e-02
1.867192052304744720e-02 2.764282189309597015e-02 9.838729165494441986e-03 1.115274801850318909e-02 -4.657212179154157639e-03 1.336837746202945709e-02 -1.228963397443294525e-02 3.240066580474376678e-03 8.962593041360378265e-03 -4.016794729977846146e-03 6.088901776820421219e-03 9.747708216309547424e-03 9.627319872379302979e-03 2.001258730888366699e-02 9.420987218618392944e-03 1.009946223348379135e-02 7.330524269491434097e-03 5.084991920739412308e-03 1.608297787606716156e-02 -1.429140288382768631e-02 -9.740504436194896698e-03 -1.484591886401176453e-02 1.000000000000000000e+00 9.490486234426498413e-03 1.776831597089767456e-02 6.374050397425889969e-03 4.943380132317543030e-03 9.461700916290283203e-03 3.624390345066785812e-03 1.566421240568161011e-02 2.610819647088646889e-03 4.246328957378864288e-03 1.245586294680833817e-02 1.004500128328800201e-02 1.250779372639954090e-03 1.435524225234985352e-02 2.889543399214744568e-02 2.454254217445850372e-02 -1.643605343997478485e-02 -5.359697621315717697e-03 7.309207227081060410e-03 2.276816871017217636e-03 4.128645639866590500e-03 2.079740539193153381e-02 -1.753327809274196625e-02 1.290697418153285980e-02 -2.025314752245321870e-04 5.014763679355382919e-03 1.718932529911398888e-03 1.012431178241968155e-02 -1.767818117514252663e-03 1.433080155402421951e-02 6.248756311833858490e-03 3.749331459403038025e-02 9.951928630471229553e-03 2.043514326214790344e-02
-1.880015060305595398e-02 -2.572561614215373993e-02 -1.506346464157104492e-02 1.664905808866024017e-02 2.737158723175525665e-02 5.002224817872047424e-03 -6.960920989513397217e-03 -1.320751011371612549e-02 8.748331107199192047e-03 -3.602862590923905373e-03 7.038184907287359238e-03 -5.294195376336574554e-03 8.327778428792953491e-03 -1.354106795042753220e-02 1.476044300943613052e-02 1.753540709614753723e-02 9.923733770847320557e-03 1.563376747071743011e-02 1.411724090576171875e-02 3.534727543592453003e-02 3.884541615843772888e-02 4.999345913529396057e-02 9.490486234426498413e-03 1.000000000000000000e+00 -1.660482375882565975e-04 1.176443789154291153e-02 2.963028103113174438e-02 1.092698611319065094e-02 9.206051938235759735e-03 -3.706336719915270805e-03 2.086132615804672241e-01 -3.477057325653731823e-04 -4.150163382291793823e-03 7.218288257718086243e-03 -1.050053536891937256e-02 -6.278711836785078049e-03 -5.044169258326292038e-03 -1.802661269903182983e-02 -1.608055783435702324e-03 -1.489820610731840134e-02 -2.058469317853450775e-02 4.791951738297939301e-03 -1.093632727861404419e-02 2.639024518430233002e-02 -3.000012598931789398e-02 8.980218321084976196e-03 -2.336156321689486504e-03 9.294640272855758667e-03 -4.144223872572183609e-03 5.353754386305809021e-03 -7.810011040419340134e-03 -1.897695288062095642e-02 8.806404657661914825e-03 3.777803620323538780e-03 -3.529983107000589371e-03 -1.504294387996196747e-02
2.194332145154476166e-02 4.713669046759605408e-02 1.341521367430686951e-02 1.451356522738933563e-02 1.331822131760418415e-03 2.246282249689102173e-02 7.934706285595893860e-03 2.982360683381557465e-02 2.787056937813758850e-02 1.594224944710731506e-02 1.754426769912242889e-02 -2.083494095131754875e-03 3.604053286835551262e-03 3.035559784621000290e-03 1.193373277783393860e-02 1.602443121373653412e-02 1.852707564830780029e-02 1.646227017045021057e-02 2.884618006646633148e-02 5.748457740992307663e-03 2.757838461548089981e-03 6.560347042977809906e-03 1.776831597089767456e-02 -1.660482375882565975e-04 1.000000000000000000e+00 1.606462709605693817e-02 5.404355004429817200e-03 2.815203554928302765e-02 1.220567990094423294e-02 4.868529231316642836e-06 1.331035047769546509e-02 1.263977214694023132e-02 1.368562411516904831e-02 2.293382585048675537e-02 4.687860142439603806e-03 1.822696067392826080e-02 8.364993147552013397e-03 8.294013328850269318e-03 1.181738544255495071e-02 -9.257037192583084106e-03 -1.435615995433181524e-04 1.728752255439758301e-02 -1.721596904098987579e-02 1.113083213567733765e-02 6.318083498626947403e-03 2.010164782404899597e-02 5.355259403586387634e-03 1.034911815077066422e-02 -1.617973088286817074e-03 1.475204061716794968e-02 -2.493987558409571648e-03 1.308549381792545319e-02 1.777106337249279022e-02 1.469269115477800369e-02 -1.323650218546390533e-02 -5.764170084148645401e-03
7.226397283375263214e-04 7.237159879878163338e-04 5.844901315867900848e-03 1.243495289236307144e-02 7.496809586882591248e-03 1.336778886616230011e-02 8.301158435642719269e-03 9.193279780447483063e-03 1.447045151144266129e-02 1.152417995035648346e-02 1.621548086404800415e-02 4.806443117558956146e-03 9.119028225541114807e-03 1.801068522036075592e-02 1.727791316807270050e-02 1.059939432889223099e-02 1.713432185351848602e-02 1.808319985866546631e-02 1.957497373223304749e-02 8.469416759908199310e-03 8.729231543838977814e-03 2.901559462770819664e-03 6.374050397425889969e-03 1.176443789154291153e-02 1.606462709605693817e-02 1.000000000000000000e+00 1.518157869577407837e-02 2.528433315455913544e-02 9.381483308970928192e-03 1.306916470639407635e-03 1.868290267884731293e-02 1.256998814642429352e-02 1.385461445897817612e-02 1.631313934922218323e-02 -9.931778535246849060e-03 1.658334955573081970e-02 -3.353227220941334963e-04 9.721891954541206360e-03 7.057402748614549637e-03 -7.824921980500221252e-03 1.348826568573713303e-03 1.252627465873956680e-02 -4.045015200972557068e-03 4.291653167456388474e-03 -1.576535031199455261e-02 1.497227791696786880e-02 8.660969324409961700e-03 1.766877435147762299e-02 1.600003056228160858e-02 6.090501789003610611e-03 8.199007133953273296e-04 1.558507699519395828e-02 1.586781442165374756e-02 9.956615976989269257e-03 1.126366318203508854e-03 -2.281752182170748711e-03
2.394496276974678040e-02 2.034052088856697083e-02 1.456557773053646088e-02 1.129783410578966141e-02 1.323571149259805679e-02 8.135881274938583374e-03 2.326323185116052628e-03 -3.704116679728031158e-03 1.816926337778568268e-02 1.293959654867649078e-02 1.010623946785926819e-02 2.581147104501724243e-02 2.470603957772254944e-02 1.541669247671961784e-03 2.190255001187324524e-02 2.504422888159751892e-02 1.102987118065357208e-02 1.889895275235176086e-02 1.619764603674411774e-02 2.717813663184642792e-02 -2.723065437749028206e-03 -1.322924043051898479e-03 4.943380132317543030e-03 2.963028103113174438e-02 5.404355004429817200e-03 1.518157869577407837e-02 1.000000000000000000e+00 1.189852319657802582e-02 1.880430243909358978e-02 9.696747176349163055e-03 9.607856720685958862e-02 8.792900480329990387e-03 -1.580465584993362427e-02 2.570219803601503372e-03 -3.068066667765378952e-03 -2.229660050943493843e-03 1.370572717860341072e-03 5.410708952695131302e-03 -3.913201391696929932e-03 -2.767514961306005716e-04 -2.398806158453226089e-03 7.815364748239517212e-03 5.365239456295967102e-03 3.615302219986915588e-02 -9.267881512641906738e-03 1.554856356233358383e-02 -5.749992560595273972e-03 6.427753251045942307e-03 -6.113125476986169815e-03 6.440431345254182816e-03 1.030694693326950073e-02 1.491968613117933273e-02 1.207190565764904022e-02 8.148943074047565460e-03 9.570703841745853424e-03 1.230411045253276825e-02
-1.252295449376106262e-02 6.089972797781229019e-03 2.033540792763233185e-02 2.568799629807472229e-02 4.796718712896108627e-03 2.860935591161251068e-02 1.326117292046546936e-02 2.376270666718482971e-02 1.305737718939781189e-02 5.196926649659872055e-03 2.180832065641880035e-02 -2.117983996868133545e-03 1.114992145448923111e-02 2.916228957474231720e-02 2.301260642707347870e-02 1.898192055523395538e-02 1.230550743639469147e-02 6.966809276491403580e-03 2.108943089842796326e-02 -1.996644539758563042e-03 2.329044230282306671e-02 -1.601591939106583595e-03 9.461700916290283203e-03 1.092698611319065094e-02 2.815203554928302765e-02 2.528433315455913544e-02 1.189852319657802582e-02 1.000000000000000000e+00 1.633970439434051514e-02 2.007061801850795746e-02 1.372852083295583725e-02 1.752934604883193970e-02 9.825166780501604080e-04 1.381727401167154312e-02 2.012654393911361694e-02 2.544842287898063660e-02 1.171417254954576492e-02 3.795797750353813171e-02 1.968883909285068512e-02 2.529196208342909813e-03 -1.758337393403053284e-02 1.593325659632682800e-02 2.392462920397520065e-03 1.142255868762731552e-02 -5.633356980979442596e-03 1.386512909084558487e-02 1.781136728823184967e-02 1.768436096608638763e-02 2.642628736793994904e-02 1.014538016170263290e-02 3.832686692476272583e-03 1.045043114572763443e-02 1.251420471817255020e-02 1.268240809440612793e-02 2.313045412302017212e-02 -2.405233867466449738e-02
