1.000000000000000000e+00 -1.228834316134452820e-01 -5.097195506095886230e-02 1.025362163782119751e-01 -2.901049097999930382e-03 -3.389033302664756775e-02 3.853543661534786224e-03 5.286820232868194580e-02 -2.105080336332321167e-02 5.672508105635643005e-02 4.680762439966201782e-02 8.004172891378402710e-02 6.059440225362777710e-02 2.607309259474277496e-02 6.082550808787345886e-02 4.136004298925399780e-02 4.655379429459571838e-02 1.114843878895044327e-02 -3.319947421550750732e-02 1.464138273149728775e-02 2.871949225664138794e-02 1.020141094923019409e-01 3.518126159906387329e-02 1.449131220579147339e-01 1.196462810039520264e-01 5.136474594473838806e-02 1.360902190208435059e-01 -9.275281429290771484e-02 5.552048608660697937e-02 6.824042648077011108e-02 -1.006623916327953339e-02 -4.544536769390106201e-02 3.769515454769134521e-02 6.032183021306991577e-02 -9.324749559164047241e-02 3.941776975989341736e-02 9.168749302625656128e-02 1.798020489513874054e-02 -6.184228137135505676e-02 8.642041124403476715e-03 2.936305291950702667e-02 7.585554569959640503e-02 7.833669334650039673e-02 -4.557922855019569397e-02 -4.932499956339597702e-03 8.970817923545837402e-02 3.589523956179618835e-02 3.217942547053098679e-03 2.839117497205734253e-02 8.317633718252182007e-02 2.503458596765995026e-02 2.916628122329711914e-02 3.071058169007301331e-02 3.320132195949554443e-02 6.272725015878677368e-02 2.654124423861503601e-02 1.846100389957427979e-02 4.722974076867103577e-02 -6.232291460037231445e-03 4.322666674852371216e-02 -9.574239142239093781e-03
-1.228834316134452820e-01 1.000000000000000000e+00 2.253880649805068970e-01 2.695693373680114746e-01 1.256064046174287796e-02 2.993767857551574707e-01 2.071822993457317352e-02 -3.502645716071128845e-02 8.805845677852630615e-02 5.636254698038101196e-02 6.767898797988891602e-02 1.719797849655151367e-01 6.497808545827865601e-02 6.650639697909355164e-03 1.613198034465312958e-02 4.082876816391944885e-02 5.534656811505556107e-03 1.126823723316192627e-01 2.488808929920196533e-01 6.883286684751510620e-02 7.003969699144363403e-02 2.237734049558639526e-01 1.414310187101364136e-02 3.297527432441711426e-01 1.434774398803710938e-01 2.020543813705444336e-01 7.629799842834472656e-02 3.448806703090667725e-01 1.239488050341606140e-01 5.581882596015930176e-02 1.695217639207839966e-01 1.987189799547195435e-01 7.168581336736679077e-02 -3.536772355437278748e-02 2.972233295440673828e-01 1.545948558486998081e-03 2.048727124929428101e-01 5.115448497235774994e-03 1.059453785419464111e-01 -3.880164772272109985e-02 3.333915770053863525e-02 2.200083807110786438e-02 -1.187605410814285278e-02 -5.327522382140159607e-02 1.493565440177917480e-01 -6.022959575057029724e-02 -8.244673907756805420e-02 1.125562470406293869e-02 2.331901527941226959e-02 -1.367671694606542587e-02 -7.460824400186538696e-02 2.667169459164142609e-02 -1.261531934142112732e-02 5.202457774430513382e-03 7.668057084083557129e-02 1.259790919721126556e-02 -6.739502307027578354e-03 1.887333206832408905e-02 1.471856236457824707e-01 2.023643814027309418e-02 1.080487892031669617e-01
-5.097195506095886230e-02 2.253880649805068970e-01 1.000000000000000000e+00 1.050110235810279846e-01 7.397785782814025879e-02 8.080835640430450439e-02 5.144959688186645508e-02 4.982893541455268860e-02 5.294622480869293213e-02 4.333787411451339722e-02 4.827530682086944580e-02 1.099766865372657776e-01 2.345465682446956635e-02 2.770053595304489136e-02 1.526477839797735214e-02 5.518871173262596130e-02 1.646972820162773132e-02 4.596296232193708420e-03 6.940599530935287476e-02 9.241232648491859436e-03 -1.789132505655288696e-02 -9.646186605095863342e-03 1.875345408916473389e-02 -1.250385493040084839e-02 -1.040580123662948608e-02 -1.819174550473690033e-02 -3.414577804505825043e-03 1.842540316283702850e-02 -6.664202082902193069e-03 1.776577718555927277e-02 2.117565646767616272e-02 -7.131370715796947479e-03 -3.658618079498410225e-03 -5.567673593759536743e-03 -2.391154319047927856e-02 -9.897689335048198700e-03 -1.213129423558712006e-02 9.571187198162078857e-03 1.071872003376483917e-02 1.295853778719902039e-02 -3.796016424894332886e-02 -1.709963195025920868e-02 1.421157852746546268e-03 -2.145336754620075226e-02 -4.972091317176818848e-02 -1.999893411993980408e-02 -4.478325694799423218e-02 -1.687814481556415558e-02 -8.320122025907039642e-03 -7.976374588906764984e-03 1.347541995346546173e-02 -1.532588899135589600e-02 -2.994715049862861633e-02 4.506033845245838165e-03 -1.419053226709365845e-02 8.533171378076076508e-03 6.784408353269100189e-03 -4.899473860859870911e-03 -3.012391738593578339e-02 -5.313798785209655762e-03 3.964737802743911743e-02
1.025362163782119751e-01 2.695693373680114746e-01 1.050110235810279846e-01 1.000000000000000000e+00 9.125383198261260986e-02 1.770063042640686035e-01 3.069369308650493622e-02 6.656445562839508057e-02 1.099703460931777954e-01 6.628745049238204956e-02 2.791081741452217102e-02 1.109820902347564697e-01 1.378948986530303955e-01 7.226022332906723022e-02 8.803535252809524536e-02 5.438708886504173279e-02 3.445468097925186157e-02 1.111563965678215027e-01 1.363756805658340454e-01 1.150898933410644531e-01 1.905399262905120850e-01 3.216048479080200195e-01 1.010525375604629517e-01 2.974830865859985352e-01 1.192586496472358704e-01 2.150712460279464722e-01 2.149704098701477051e-01 1.104879602789878845e-01 2.015868276357650757e-01 1.665000617504119873e-01 1.489995718002319336e-01 1.090692430734634399e-01 7.680638134479522705e-02 -1.269460469484329224e-02 9.708931297063827515e-02 5.133286863565444946e-02 5.243608355522155762e-02 4.140943288803100586e-02 7.571253180503845215e-02 2.643839456140995026e-02 4.856897145509719849e-02 9.608275443315505981e-02 7.245019078254699707e-02 -4.140286892652511597e-02 1.020387113094329834e-01 -1.363545842468738556e-02 -4.527424648404121399e-02 4.163660481572151184e-02 6.736333668231964111e-02 2.612297981977462769e-02 8.137139491736888885e-03 -1.588644646108150482e-02 5.633115023374557495e-02 5.264084413647651672e-02 2.120071947574615479e-01 2.561596594750881195e-02 3.609886392951011658e-02 6.885728985071182251e-02 4.321712255477905273e-02 7.944301515817642212e-02 9.265163540840148926e-02
-2.901049097999930382e-03 1.256064046174287796e-02 7.397785782814025879e-02 9.125383198261260986e-02 1.000000000000000000e+00 5.801279842853546143e-02 8.238348364830017090e-02 5.070598423480987549e-02 7.105102390050888062e-02 3.709722682833671570e-02 4.622961208224296570e-02 7.568409293889999390e-02 8.495272696018218994e-02 7.415133714675903320e-02 5.905182287096977234e-02 3.342136740684509277e-02 2.021780796349048615e-02 5.773843079805374146e-02 3.608833625912666321e-02 7.445261627435684204e-02 1.200399100780487061e-01 6.626091897487640381e-02 9.339685738086700439e-02 3.321838006377220154e-02 8.001153916120529175e-02 8.718495815992355347e-02 8.828438073396682739e-02 -6.117897853255271912e-02 7.881479710340499878e-02 6.251347810029983521e-02 1.188602298498153687e-01 2.550807781517505646e-02 5.417187511920928955e-02 3.418437018990516663e-02 4.448062181472778320e-02 4.620094224810600281e-02 4.752328246831893921e-02 5.216459557414054871e-02 4.969316720962524414e-02 1.134061142802238464e-01 2.757913991808891296e-02 8.130763471126556396e-02 3.510355949401855469e-02 -4.229971766471862793e-02 6.866405904293060303e-02 1.166587695479393005e-02 -1.691727899014949799e-02 4.989572986960411072e-02 6.075154989957809448e-02 4.903148859739303589e-03 7.385854609310626984e-03 3.308938071131706238e-02 2.512476406991481781e-02 4.246778041124343872e-02 5.951593071222305298e-02 1.937017403542995453e-02 1.809364743530750275e-02 4.833711311221122742e-02 1.089319237507879734e-03 2.933865040540695190e-02 3.520184010267257690e-02
-3.389033302664756775e-02 2.993767857551574707e-01 8.080835640430450439e-02 1.770063042640686035e-01 5.801279842853546143e-02 1.000000000000000000e+00 3.865244612097740173e-02 3.516522049903869629e-02 9.953070431947708130e-02 2.218150720000267029e-02 2.984210290014743805e-02 1.277380883693695068e-01 1.464218050241470337e-01 5.857655778527259827e-02 8.199417591094970703e-02 3.563405200839042664e-02 2.231707423925399780e-02 9.167280048131942749e-02 9.556642174720764160e-02 1.214419901371002197e-01 1.061971411108970642e-01 1.663750261068344116e-01 1.435035467147827148e-01 2.030188888311386108e-01 1.934645771980285645e-01 1.284142434597015381e-01 8.665706962347030640e-02 1.412577480077743530e-01 1.637325137853622437e-01 9.204563498497009277e-02 2.689338624477386475e-01 8.905296027660369873e-02 7.085122168064117432e-02 -7.246927707456052303e-04 1.127932593226432800e-01 5.842190608382225037e-02 3.953144699335098267e-02 3.332491964101791382e-02 1.579902619123458862e-01 -1.312388852238655090e-02 6.791701167821884155e-02 7.639459520578384399e-02 1.058240011334419250e-01 -6.931753456592559814e-02 1.343615502119064331e-01 5.609467998147010803e-02 4.490513727068901062e-02 4.472201317548751831e-02 5.433404073119163513e-02 1.547431689687073231e-03 -6.932953745126724243e-02 6.807386130094528198e-02 3.693937137722969055e-02 3.834175691008567810e-02 1.206206157803535461e-01 9.299010038375854492e-03 -1.228008535690605640e-03 6.802444159984588623e-02 1.118057146668434143e-01 3.847353532910346985e-02 1.107094213366508484e-01
3.853543661534786224e-03 2.071822993457317352e-02 5.144959688186645508e-02 3.069369308650493622e-02 8.238348364830017090e-02 3.865244612097740173e-02 1.000000000000000000e+00 2.665611542761325836e-02 3.261471539735794067e-02 6.175534427165985107e-02 3.275131806731224060e-02 6.282851845026016235e-02 4.840716347098350525e-02 2.809332124888896942e-02 5.263034626841545105e-02 2.207388170063495636e-02 3.521481156349182129e-02 3.149813786149024963e-02 5.235888063907623291e-02 4.672487452626228333e-02 4.326239228248596191e-02 5.208390951156616211e-02 4.496357962489128113e-02 9.053608402609825134e-03 2.677303366363048553e-02 6.834121793508529663e-02 5.564466863870620728e-02 -6.493889540433883667e-02 3.607917577028274536e-02 7.400766015052795410e-02 5.214979499578475952e-02 7.543092221021652222e-02 3.539372608065605164e-02 1.523166522383689880e-02 5.683308467268943787e-02 1.782836951315402985e-02 7.108185440301895142e-02 4.023400321602821350e-02 5.028201639652252197e-02 1.607624255120754242e-02 5.704184994101524353e-03 3.054011054337024689e-02 3.365056589245796204e-02 -1.240455266088247299e-02 1.005241200327873230e-01 4.113917052745819092e-02 4.202385246753692627e-02 2.088925428688526154e-02 3.300974145531654358e-02 1.446466892957687378e-02 4.207536950707435608e-02 -5.073849111795425415e-03 4.307763651013374329e-03 2.847766689956188202e-02 4.382720589637756348e-02 1.991628296673297882e-02 1.801382936537265778e-02 4.320133104920387268e-02 6.808359175920486450e-02 6.785725243389606476e-03 -1.254363544285297394e-02
5.286820232868194580e-02 -3.502645716071128845e-02 4.982893541455268860e-02 6.656445562839508057e-02 5.070598423480987549e-02 3.516522049903869629e-02 2.665611542761325836e-02 1.000000000000000000e+00 3.645128384232521057e-02 4.970241338014602661e-02 5.101044848561286926e-02 2.644800988491624594e-04 6.670217216014862061e-02 5.713409185409545898e-02 1.296192705631256104e-01 3.142402693629264832e-02 4.717870801687240601e-02 6.042270734906196594e-02 1.282093860208988190e-02 4.535233974456787109e-02 8.054038882255554199e-02 4.179805517196655273e-02 7.086327672004699707e-02 2.195149846374988556e-02 2.980421669781208038e-02 8.699294179677963257e-02 9.880837798118591309e-02 1.983250305056571960e-02 6.257697939872741699e-02 9.626562893390655518e-02 4.048640653491020203e-02 -3.614090383052825928e-02 2.957376651465892792e-02 5.225192010402679443e-02 -4.530328884720802307e-02 5.822692066431045532e-02 -4.022139590233564377e-03 2.277749590575695038e-02 1.033699885010719299e-02 6.577932089567184448e-02 5.711255967617034912e-02 7.909236848354339600e-02 6.267546117305755615e-02 5.790915340185165405e-03 8.374645374715328217e-03 5.850800126791000366e-02 4.761300235986709595e-02 5.729304626584053040e-02 3.509596735239028931e-02 4.595334455370903015e-02 2.928877808153629303e-02 3.849509358406066895e-02 9.655701369047164917e-02 5.029570311307907104e-02 6.916668266057968140e-02 4.109555110335350037e-02 5.994653701782226562e-02 5.765656381845474243e-02 6.288592703640460968e-03 6.196232140064239502e-02 3.099635615944862366e-02
-2.105080336332321167e-02 8.805845677852630615e-02 5.294622480869293213e-02 1.099703460931777954e-01 7.105102390050888062e-02 9.953070431947708130e-02 3.261471539735794067e-02 3.645128384232521057e-02 1.000000000000000000e+00 5.952795222401618958e-02 2.581502869725227356e-02 4.104302451014518738e-02 7.209691405296325684e-02 3.941503539681434631e-02 6.874126195907592773e-02 3.154862672090530396e-02 9.442297741770744324e-03 9.611909836530685425e-02 9.869834780693054199e-02 9.985543042421340942e-02 9.103479236364364624e-02 9.177818149328231812e-02 5.953598767518997192e-02 1.031006202101707458e-01 7.019856572151184082e-02 1.063433885574340820e-01 7.427611202001571655e-02 4.771837964653968811e-02 1.016535609960556030e-01 2.266510762274265289e-02 1.036733090877532959e-01 3.278905153274536133e-02 8.822886645793914795e-02 8.397634141147136688e-03 7.039567083120346069e-02 5.073836445808410645e-02 2.126057259738445282e-02 6.307297945022583008e-02 8.757045865058898926e-02 5.063166469335556030e-02 3.811113536357879639e-02 7.696016132831573486e-02 4.803033918142318726e-02 -4.786169901490211487e-02 1.125914081931114197e-01 1.249960903078317642e-02 -8.581558242440223694e-03 5.468460544943809509e-02 3.110521100461483002e-02 1.537241134792566299e-02 3.363899886608123779e-02 2.446807920932769775e-02 5.166776478290557861e-02 2.349738962948322296e-02 7.936315983533859253e-02 1.455193571746349335e-02 1.899547874927520752e-02 3.670285269618034363e-02 8.254559338092803955e-02 7.361620664596557617e-02 3.134514763951301575e-02
5.672508105635643005e-02 5.636254698038101196e-02 4.333787411451339722e-02 6.628745049238204956e-02 3.709722682833671570e-02 2.218150720000267029e-02 6.175534427165985107e-02 4.970241338014602661e-02 5.952795222401618958e-02 1.000000000000000000e+00 5.114290118217468262e-02 4.967406019568443298e-02 5.173601210117340088e-02 5.585686489939689636e-02 7.546936720609664917e-02 5.687290057539939880e-02 6.447270512580871582e-02 1.275120973587036133e-01 9.463854879140853882e-02 6.961554288864135742e-02 6.834641098976135254e-02 5.020416527986526489e-02 5.723016709089279175e-02 7.398673146963119507e-02 5.807869508862495422e-02 8.866808563470840454e-02 7.930012792348861694e-02 5.027793813496828079e-03 1.080050393939018250e-01 8.170221745967864990e-02 5.825100094079971313e-02 7.055027037858963013e-02 3.896311298012733459e-02 -1.599191688001155853e-02 5.905670672655105591e-02 5.075125023722648621e-02 3.879027813673019409e-02 4.670045746024698019e-04 3.090973570942878723e-02 -1.288883201777935028e-02 5.161551386117935181e-02 5.050988122820854187e-02 2.190324105322360992e-02 -1.889135129749774933e-02 7.340472936630249023e-02 6.961068511009216309e-02 2.858482301235198975e-02 6.110454350709915161e-02 4.670615866780281067e-02 4.046715795993804932e-02 5.736373737454414368e-02 -5.878473632037639618e-03 4.437368735671043396e-02 4.959374293684959412e-02 7.262364774942398071e-02 4.758732020854949951e-02 3.515209257602691650e-02 7.376379519701004028e-02 5.491518974304199219e-02 8.293232321739196777e-02 -1.301096472889184952e-02
4.680762439966201782e-02 6.767898797988891602e-02 4.827530682086944580e-02 2.791081741452217102e-02 4.622961208224296570e-02 2.984210290014743805e-02 3.275131806731224060e-02 5.101044848561286926e-02 2.581502869725227356e-02 5.114290118217468262e-02 1.000000000000000000e+00 1.470413953065872192e-01 1.603489369153976440e-02 2.594561129808425903e-02 7.162693887948989868e-02 8.844614028930664062e-03 -3.208303824067115784e-04 7.528015226125717163e-02 4.217842966318130493e-02 3.743188828229904175e-02 7.247906923294067383e-02 4.317867755889892578e-02 1.878012437373399734e-03 7.664183527231216431e-02 7.457800209522247314e-02 6.488161534070968628e-02 5.482609942555427551e-02 7.744771242141723633e-02 8.487170189619064331e-02 8.052171766757965088e-02 3.649058192968368530e-02 -2.398215793073177338e-02 1.376179163344204426e-03 4.972434788942337036e-02 4.140957817435264587e-02 3.010121919214725494e-02 6.750562041997909546e-02 5.892249941825866699e-02 -1.764866150915622711e-02 3.653308609500527382e-03 -4.794960375875234604e-03 3.721924871206283569e-02 7.913157343864440918e-03 -5.580135039053857327e-04 4.452020302414894104e-02 1.230062078684568405e-02 -1.189978141337633133e-02 2.984061650931835175e-02 3.807847574353218079e-02 1.876418665051460266e-02 -7.278629392385482788e-02 4.268214851617813110e-02 5.192394927144050598e-02 2.645054832100868225e-02 4.071795195341110229e-02 5.754806846380233765e-02 6.198706105351448059e-02 4.511508718132972717e-02 9.848748892545700073e-02 5.813061073422431946e-02 1.548999547958374023e-02
8.004172891378402710e-02 1.719797849655151367e-01 1.099766865372657776e-01 1.109820902347564697e-01 7.568409293889999390e-02 1.277380883693695068e-01 6.282851845026016235e-02 2.644800988491624594e-04 4.104302451014518738e-02 4.967406019568443298e-02 1.470413953065872192e-01 1.000000000000000000e+00 8.232560008764266968e-02 3.076642379164695740e-02 4.434863105416297913e-02 5.038595199584960938e-02 1.488894317299127579e-02 2.228192053735256195e-02 1.139283552765846252e-01 3.532444685697555542e-02 6.668560951948165894e-02 9.128119796514511108e-02 4.383692517876625061e-02 1.444965451955795288e-01 1.162191629409790039e-01 7.393517345190048218e-02 4.128225892782211304e-02 -1.496496330946683884e-02 8.326680958271026611e-02 2.810430712997913361e-02 1.536103636026382446e-01 5.057077109813690186e-02 7.554329931735992432e-02 -1.280850637704133987e-02 7.372662425041198730e-02 4.538665339350700378e-02 2.919938564300537109e-01 2.366575226187705994e-02 7.182291150093078613e-02 3.413949906826019287e-02 2.839514799416065216e-02 4.891162738204002380e-02 -6.257234490476548672e-04 -6.984186172485351562e-02 1.366156488656997681e-01 -7.063615485094487667e-04 2.899005077779293060e-02 -5.732085090130567551e-03 6.725308019667863846e-03 2.258255379274487495e-03 1.818210259079933167e-02 4.949320852756500244e-02 -2.600666135549545288e-02 3.688195347785949707e-02 9.186597168445587158e-02 2.052480354905128479e-02 7.593849295517429709e-05 3.401450812816619873e-02 4.220312833786010742e-02 6.879150122404098511e-02 8.786445856094360352e-02
6.059440225362777710e-02 6.497808545827865601e-02 2.345465682446956635e-02 1.378948986530303955e-01 8.495272696018218994e-02 1.464218050241470337e-01 4.840716347098350525e-02 6.670217216014862061e-02 7.209691405296325684e-02 5.173601210117340088e-02 1.603489369153976440e-02 8.232560008764266968e-02 1.000000000000000000e+00 8.341077715158462524e-02 8.909842371940612793e-02 7.548446208238601685e-02 5.021252855658531189e-02 7.814262062311172485e-02 3.872009739279747009e-02 1.073348000645637512e-01 8.370839804410934448e-02 1.171545758843421936e-01 1.001488342881202698e-01 1.124537885189056396e-01 1.014151871204376221e-01 1.066603735089302063e-01 1.309929043054580688e-01 4.313077777624130249e-02 1.443361937999725342e-01 8.559995889663696289e-02 1.723600178956985474e-01 4.779628291726112366e-02 2.066166885197162628e-02 3.314381092786788940e-02 3.044364042580127716e-02 7.495780289173126221e-02 5.238885432481765747e-02 3.471710532903671265e-02 5.881675705313682556e-02 2.777624502778053284e-02 7.762028276920318604e-02 8.652608096599578857e-02 6.006845831871032715e-02 -2.535018138587474823e-02 3.659795969724655151e-02 5.335332825779914856e-02 -1.384853199124336243e-02 6.534579396247863770e-02 4.642156884074211121e-02 3.417901322245597839e-02 2.649485133588314056e-02 5.119374953210353851e-03 3.248849511146545410e-02 9.676285833120346069e-02 1.794720590114593506e-01 3.763898834586143494e-02 5.439427122473716736e-02 1.254853308200836182e-01 2.483994327485561371e-02 9.504754841327667236e-02 5.172203108668327332e-02
2.607309259474277496e-02 6.650639697909355164e-03 2.770053595304489136e-02 7.226022332906723022e-02 7.415133714675903320e-02 5.857655778527259827e-02 2.809332124888896942e-02 5.713409185409545898e-02 3.941503539681434631e-02 5.585686489939689636e-02 2.594561129808425903e-02 3.076642379164695740e-02 8.341077715158462524e-02 1.000000000000000000e+00 1.178178265690803528e-01 8.879697322845458984e-02 5.023148283362388611e-02 7.304884493350982666e-02 -1.031582057476043701e-02 4.738874733448028564e-02 4.739632457494735718e-02 2.100052870810031891e-02 7.140100747346878052e-02 2.288839221000671387e-02 2.743404731154441833e-02 6.077200546860694885e-02 6.534437090158462524e-02 -9.297589771449565887e-03 5.026328191161155701e-02 5.858403444290161133e-02 6.188780069351196289e-02 -4.760866053402423859e-03 2.678982913494110107e-02 5.013697594404220581e-02 -1.625536382198333740e-02 5.414864048361778259e-02 -1.801236718893051147e-02 2.261516638100147247e-02 2.977671660482883453e-02 3.033610619604587555e-02 5.302080139517784119e-02 7.747045159339904785e-02 3.733487799763679504e-02 7.511284202337265015e-03 1.325783599168062210e-02 4.447477310895919800e-02 1.791710592806339264e-02 5.760567635297775269e-02 5.155319720506668091e-02 5.092145130038261414e-02 3.108914010226726532e-02 3.256503492593765259e-02 5.169237032532691956e-02 5.992502719163894653e-02 6.004185602068901062e-02 2.356601692736148834e-02 3.139243647456169128e-02 6.460906565189361572e-02 -1.632487028837203979e-02 4.180363938212394714e-02 3.123494982719421387e-02
6.082550808787345886e-02 1.613198034465312958e-02 1.526477839797735214e-02 8.803535252809524536e-02 5.905182287096977234e-02 8.199417591094970703e-02 5.263034626841545105e-02 1.296192705631256104e-01 6.874126195907592773e-02 7.546936720609664917e-02 7.162693887948989868e-02 4.434863105416297913e-02 8.909842371940612793e-02 1.178178265690803528e-01 1.000000000000000000e+00 5.659331753849983215e-02 4.657749459147453308e-02 1.514726579189300537e-01 7.556799799203872681e-02 7.218449562788009644e-02 1.302611380815505981e-01 8.279135078191757202e-02 1.425243616104125977e-01 7.396312803030014038e-02 7.272280007600784302e-02 1.105157509446144104e-01 1.229621171951293945e-01 7.796343415975570679e-03 1.130523234605789185e-01 9.622837603092193604e-02 1.052054613828659058e-01 2.432133536785840988e-03 4.367445036768913269e-02 4.333883151412010193e-02 2.304535731673240662e-02 7.485601305961608887e-02 5.478979274630546570e-02 6.287166476249694824e-02 3.681867942214012146e-02 4.716192558407783508e-02 7.617874443531036377e-02 7.376084476709365845e-02 6.885490566492080688e-02 -4.963917657732963562e-03 5.322410911321640015e-02 5.615280568599700928e-02 1.654653437435626984e-02 6.915305554866790771e-02 5.430667102336883545e-02 5.965595692396163940e-02 1.035442855209112167e-02 9.373757056891918182e-03 8.425184339284896851e-02 8.895307779312133789e-02 1.044817566871643066e-01 4.951344430446624756e-02 8.220315724611282349e-02 1.012430042028427124e-01 3.241128847002983093e-02 9.639429301023483276e-02 2.846060134470462799e-02
4.136004298925399780e-02 4.082876816391944885e-02 5.518871173262596130e-02 5.438708886504173279e-02 3.342136740684509277e-02 3.563405200839042664e-02 2.207388170063495636e-02 3.142402693629264832e-02 3.154862672090530396e-02 5.687290057539939880e-02 8.844614028930664062e-03 5.038595199584960938e-02 7.548446208238601685e-02 8.879697322845458984e-02 5.659331753849983215e-02 1.000000000000000000e+00 4.183601588010787964e-02 3.805233910679817200e-02 7.522091269493103027e-03 2.246584556996822357e-02 5.645799636840820312e-02 4.054718185216188431e-03 6.355836987495422363e-02 9.086968377232551575e-03 6.566261872649192810e-03 2.883322536945343018e-02 6.747407466173171997e-02 -2.011027745902538300e-02 5.728067830204963684e-02 4.305759072303771973e-02 6.664014607667922974e-02 2.654136158525943756e-02 1.279208436608314514e-02 4.355049133300781250e-02 -1.381202228367328644e-02 5.022680386900901794e-02 4.701231420040130615e-02 9.775612503290176392e-03 7.367266714572906494e-02 4.223615303635597229e-02 1.944410055875778198e-02 5.076670646667480469e-02 2.452198788523674011e-02 -1.131212338805198669e-02 1.561729889363050461e-02 2.048744261264801025e-02 -3.007793799042701721e-02 2.478337660431861877e-02 2.573633752763271332e-02 5.077440664172172546e-02 1.053633540868759155e-01 -1.775639131665229797e-03 -4.206267185509204865e-03 3.547090664505958557e-02 1.192896813154220581e-01 4.163876548409461975e-02 1.158072426915168762e-02 7.420582324266433716e-02 -2.172267064452171326e-02 3.206795826554298401e-02 3.022849373519420624e-02
4.655379429459571838e-02 5.534656811505556107e-03 1.646972820162773132e-02 3.445468097925186157e-02 2.021780796349048615e-02 2.231707423925399780e-02 3.521481156349182129e-02 4.717870801687240601e-02 9.442297741770744324e-03 6.447270512580871582e-02 -3.208303824067115784e-04 1.488894317299127579e-02 5.021252855658531189e-02 5.023148283362388611e-02 4.657749459147453308e-02 4.183601588010787964e-02 1.000000000000000000e+00 6.025190651416778564e-02 -1.221403293311595917e-02 4.614176228642463684e-02 3.438470512628555298e-02 3.091152384877204895e-02 4.997749999165534973e-02 1.591218076646327972e-02 1.920300349593162537e-02 2.805670537054538727e-02 5.921371653676033020e-02 -5.997604876756668091e-02 1.530482899397611618e-02 2.774923108518123627e-02 2.005051262676715851e-02 3.087552823126316071e-02 1.797874271869659424e-02 9.159782901406288147e-03 -1.101580262184143066e-02 3.908762708306312561e-02 4.552036896347999573e-02 -7.097265217453241348e-03 2.386420778930187225e-02 3.096134960651397705e-02 2.856326987966895103e-03 3.264077007770538330e-02 2.056197635829448700e-02 -1.030361372977495193e-02 1.948999240994453430e-02 1.931497268378734589e-02 -9.995300322771072388e-03 3.037093766033649445e-02 2.365543134510517120e-02 3.364259377121925354e-02 8.756451308727264404e-03 8.361239917576313019e-03 -2.324932720512151718e-03 2.655025012791156769e-02 4.643325507640838623e-02 1.313313096761703491e-02 2.647064626216888428e-02 5.839128419756889343e-02 -8.670083247125148773e-03 2.655355632305145264e-02 3.503217548131942749e-02
1.114843878895044327e-02 1.126823723316192627e-01 4.596296232193708420e-03 1.111563965678215027e-01 5.773843079805374146e-02 9.167280048131942749e-02 3.149813786149024963e-02 6.042270734906196594e-02 9.611909836530685425e-02 1.275120973587036133e-01 7.528015226125717163e-02 2.228192053735256195e-02 7.814262062311172485e-02 7.304884493350982666e-02 1.514726579189300537e-01 3.805233910679817200e-02 6.025190651416778564e-02 1.000000000000000000e+00 1.035934165120124817e-01 1.118933632969856262e-01 1.255894601345062256e-01 1.015863567590713501e-01 8.028975129127502441e-02 1.487409025430679321e-01 3.504313528537750244e-02 1.669185459613800049e-01 9.792487323284149170e-02 6.857517361640930176e-02 1.585495769977569580e-01 9.780731052160263062e-02 6.888074427843093872e-02 6.783183664083480835e-02 6.177149713039398193e-02 3.650653734803199768e-02 4.852857813239097595e-02 1.003638356924057007e-01 6.857079267501831055e-02 1.048827320337295532e-01 5.775849893689155579e-02 1.019804738461971283e-02 6.452109664678573608e-02 7.721085101366043091e-02 5.406158417463302612e-02 1.204739673994481564e-03 3.841704130172729492e-02 3.421930968761444092e-02 2.792228385806083679e-02 9.825637936592102051e-02 6.093164160847663879e-02 6.388322263956069946e-02 6.474747788161039352e-03 2.604008093476295471e-02 9.411430358886718750e-02 2.648326568305492401e-02 8.641508966684341431e-02 7.078641653060913086e-02 5.451541766524314880e-02 1.022542640566825867e-01 4.165103659033775330e-02 1.640824973583221436e-01 3.392842784523963928e-02
-3.319947421550750732e-02 2.488808929920196533e-01 6.940599530935287476e-02 1.363756805658340454e-01 3.608833625912666321e-02 9.556642174720764160e-02 5.235888063907623291e-02 1.282093860208988190e-02 9.869834780693054199e-02 9.463854879140853882e-02 4.217842966318130493e-02 1.139283552765846252e-01 3.872009739279747009e-02 -1.031582057476043701e-02 7.556799799203872681e-02 7.522091269493103027e-03 -1.221403293311595917e-02 1.035934165120124817e-01 1.000000000000000000e+00 4.923912882804870605e-02 1.503632962703704834e-01 1.282859444618225098e-01 1.126655861735343933e-01 1.709871143102645874e-01 6.562315672636032104e-02 1.679661571979522705e-01 5.925241485238075256e-02 -1.024673432111740112e-01 1.229350864887237549e-01 7.792682945728302002e-02 8.901021629571914673e-02 1.948813349008560181e-01 1.210361570119857788e-01 -1.705783419311046600e-02 3.688686192035675049e-01 6.677775178104639053e-03 1.619258522987365723e-01 7.046540081501007080e-02 7.829452306032180786e-02 -2.316257916390895844e-02 1.247218530625104904e-02 3.376804525032639503e-03 9.620389901101589203e-03 -2.840158762410283089e-03 2.772873044013977051e-01 1.395817101001739502e-02 3.326147096231579781e-03 8.424188010394573212e-03 1.393999997526407242e-02 3.301997110247612000e-02 2.024840563535690308e-02 5.454160645604133606e-02 7.246498763561248779e-02 5.593262612819671631e-02 1.120742112398147583e-01 5.681981146335601807e-02 3.786142915487289429e-02 1.955866254866123199e-02 9.771128743886947632e-02 1.817312985658645630e-01 2.709072083234786987e-02
1.464138273149728775e-02 6.883286684751510620e-02 9.241232648491859436e-03 1.150898933410644531e-01 7.445261627435684204e-02 1.214419901371002197e-01 4.672487452626228333e-02 4.535233974456787109e-02 9.985543042421340942e-02 6.961554288864135742e-02 3.743188828229904175e-02 3.532444685697555542e-02 1.073348000645637512e-01 4.738874733448028564e-02 7.218449562788009644e-02 2.246584556996822357e-02 4.614176228642463684e-02 1.118933632969856262e-01 4.923912882804870605e-02 1.000000000000000000e+00 1.496297121047973633e-01 1.734652668237686157e-01 8.383791148662567139e-02 1.313124895095825195e-01 9.976170957088470459e-02 1.060507819056510925e-01 1.058563739061355591e-01 5.578159168362617493e-02 1.230299547314643860e-01 6.908805668354034424e-02 1.116161569952964783e-01 9.415147453546524048e-02 2.429988048970699310e-02 6.046487390995025635e-02 5.722037702798843384e-02 1.082003116607666016e-01 4.423417150974273682e-02 8.511603809893131256e-03 4.080367460846900940e-02 1.586068049073219299e-02 6.795120984315872192e-02 1.052450686693191528e-01 6.916361302137374878e-02 -6.156329996883869171e-03 6.575763970613479614e-02 4.849890246987342834e-02 4.813520237803459167e-03 8.483861386775970459e-02 5.740475282073020935e-02 4.441976547241210938e-02 1.518853753805160522e-02 4.449790716171264648e-02 7.498157769441604614e-02 4.102791100740432739e-02 8.720732480287551880e-02 2.873879857361316681e-02 4.373696446418762207e-02 7.385867834091186523e-02 2.604129537940025330e-02 1.066836193203926086e-01 3.920157253742218018e-02
2.871949225664138794e-02 7.003969699144363403e-02 -1.789132505655288696e-02 1.905399262905120850e-01 1.200399100780487061e-01 1.061971411108970642e-01 4.326239228248596191e-02 8.054038882255554199e-02 9.103479236364364624e-02 6.834641098976135254e-02 7.247906923294067383e-02 6.668560951948165894e-02 8.370839804410934448e-02 4.739632457494735718e-02 1.302611380815505981e-01 5.645799636840820312e-02 3.438470512628555298e-02 1.255894601345062256e-01 1.503632962703704834e-01 1.496297121047973633e-01 1.000000000000000000e+00 1.676576137542724609e-01 1.905198246240615845e-01 2.529192864894866943e-01 8.761934190988540649e-02 1.514236181974411011e-01 1.402559727430343628e-01 4.681330919265747070e-02 1.926762312650680542e-01 1.360555142164230347e-01 1.653718650341033936e-01 6.913586705923080444e-02 5.655841156840324402e-02 5.575451254844665527e-02 4.317747429013252258e-02 7.903361320495605469e-02 7.402274012565612793e-02 1.155438274145126343e-01 5.646043270826339722e-02 1.059105694293975830e-01 6.420023739337921143e-02 8.268901705741882324e-02 4.017546027898788452e-02 -2.060978300869464874e-02 1.062845140695571899e-01 2.284649200737476349e-02 -7.235422264784574509e-03 8.830045163631439209e-02 9.320537000894546509e-02 2.174140512943267822e-02 -3.319481015205383301e-02 3.310932591557502747e-02 1.361813992261886597e-01 5.069296807050704956e-02 1.524711996316909790e-01 4.768587276339530945e-02 3.640033304691314697e-02 1.027550920844078064e-01 4.175891727209091187e-02 1.022961214184761047e-01 1.206216514110565186e-01
1.020141094923019409e-01 2.237734049558639526e-01 -9.646186605095863342e-03 3.216048479080200195e-01 6.626091897487640381e-02 1.663750261068344116e-01 5.208390951156616211e-02 4.179805517196655273e-02 9.177818149328231812e-02 5.020416527986526489e-02 4.317867755889892578e-02 9.128119796514511108e-02 1.171545758843421936e-01 2.100052870810031891e-02 8.279135078191757202e-02 4.054718185216188431e-03 3.091152384877204895e-02 1.015863567590713501e-01 1.282859444618225098e-01 1.734652668237686157e-01 1.676576137542724609e-01 1.000000000000000000e+00 1.603018492460250854e-01 4.551684558391571045e-01 2.923567593097686768e-01 3.055497407913208008e-01 1.779285520315170288e-01 1.342560797929763794e-01 2.388052642345428467e-01 2.067279666662216187e-01 1.454275250434875488e-01 1.518379449844360352e-01 9.867532551288604736e-02 -1.820082403719425201e-02 1.012641265988349915e-01 5.577751621603965759e-02 1.627803146839141846e-01 2.689130976796150208e-02 5.370799079537391663e-02 2.829544944688677788e-03 9.175933897495269775e-02 8.930525928735733032e-02 5.819841846823692322e-02 -5.778855457901954651e-02 1.574299186468124390e-01 1.182400900870561600e-02 -4.301290214061737061e-02 4.619489982724189758e-02 4.728887975215911865e-02 2.064413391053676605e-02 -7.602396607398986816e-02 4.873091354966163635e-02 3.698843345046043396e-02 4.859182611107826233e-02 1.644460707902908325e-01 1.568141765892505646e-02 -1.181308762170374393e-03 7.686293870210647583e-02 1.476454585790634155e-01 8.737634867429733276e-02 7.779124379158020020e-02
3.518126159906387329e-02 1.414310187101364136e-02 1.875345408916473389e-02 1.010525375604629517e-01 9.339685738086700439e-02 1.435035467147827148e-01 4.496357962489128113e-02 7.086327672004699707e-02 5.953598767518997192e-02 5.723016709089279175e-02 1.878012437373399734e-03 4.383692517876625061e-02 1.001488342881202698e-01 7.140100747346878052e-02 1.425243616104125977e-01 6.355836987495422363e-02 4.997749999165534973e-02 8.028975129127502441e-02 1.126655861735343933e-01 8.383791148662567139e-02 1.905198246240615845e-01 1.603018492460250854e-01 1.000000000000000000e+00 1.351718306541442871e-01 1.344821751117706299e-01 9.479968249797821045e-02 1.039175018668174744e-01 -6.830874830484390259e-02 1.244881898164749146e-01 5.698741227388381958e-02 1.718885749578475952e-01 4.440274788066744804e-04 5.709595605731010437e-02 1.230251044034957886e-02 3.144952654838562012e-02 8.470229059457778931e-02 -2.354988362640142441e-03 5.526731163263320923e-02 7.867728918790817261e-02 9.245752543210983276e-02 5.635621398687362671e-02 7.305046916007995605e-02 7.618702203035354614e-02 -3.678835928440093994e-02 7.238534837961196899e-02 6.499402970075607300e-02 4.766333475708961487e-02 4.630292207002639771e-02 6.145521253347396851e-02 2.686441317200660706e-02 -4.269114881753921509e-02 3.407785296440124512e-02 1.006426215171813965e-01 5.233719572424888611e-02 9.947799891233444214e-02 4.369342327117919922e-02 1.349462103098630905e-02 9.063857793807983398e-02 -1.575030945241451263e-02 6.670668721199035645e-02 6.858150660991668701e-02
1.449131220579147339e-01 3.297527432441711426e-01 -1.250385493040084839e-02 2.974830865859985352e-01 3.321838006377220154e-02 2.030188888311386108e-01 9.053608402609825134e-03 2.195149846374988556e-02 1.031006202101707458e-01 7.398673146963119507e-02 7.664183527231216431e-02 1.444965451955795288e-01 1.124537885189056396e-01 2.288839221000671387e-02 7.396312803030014038e-02 9.086968377232551575e-03 1.591218076646327972e-02 1.487409025430679321e-01 1.709871143102645874e-01 1.313124895095825195e-01 2.529192864894866943e-01 4.551684558391571045e-01 1.351718306541442871e-01 1.000000000000000000e+00 3.193046748638153076e-01 3.504459857940673828e-01 1.182561144232749939e-01 2.151352018117904663e-01 2.642557621002197266e-01 1.159327030181884766e-01 1.519969701766967773e-01 3.019369207322597504e-02 1.677797138690948486e-01 -1.622440293431282043e-03 8.621357381343841553e-02 6.830254942178726196e-02 2.193629145622253418e-01 8.340618759393692017e-02 3.842231258749961853e-02 1.813495159149169922e-02 1.448271125555038452e-01 1.081555634737014771e-01 8.182205259799957275e-02 -6.825968623161315918e-02 1.954655498266220093e-01 2.139851916581392288e-03 -1.530799921602010727e-02 2.763711847364902496e-02 2.939209714531898499e-02 5.389622226357460022e-02 -1.050298139452934265e-01 5.557453259825706482e-02 1.315137296915054321e-01 3.504732623696327209e-02 1.511329263448715210e-01 1.289727445691823959e-02 -3.557904157787561417e-03 6.168215349316596985e-02 8.857955038547515869e-02 7.494721561670303345e-02 1.310540437698364258e-01
1.196462810039520264e-01 1.434774398803710938e-01 -1.040580123662948608e-02 1.192586496472358704e-01 8.001153916120529175e-02 1.934645771980285645e-01 2.677303366363048553e-02 2.980421669781208038e-02 7.019856572151184082e-02 5.807869508862495422e-02 7.457800209522247314e-02 1.162191629409790039e-01 1.014151871204376221e-01 2.743404731154441833e-02 7.272280007600784302e-02 6.566261872649192810e-03 1.920300349593162537e-02 3.504313528537750244e-02 6.562315672636032104e-02 9.976170957088470459e-02 8.761934190988540649e-02 2.923567593097686768e-01 1.344821751117706299e-01 3.193046748638153076e-01 1.000000000000000000e+00 2.080112993717193604e-01 1.026865169405937195e-01 -2.278234064579010010e-02 1.692515015602111816e-01 5.722762644290924072e-02 1.566381305456161499e-01 6.156886368989944458e-02 9.047084301710128784e-02 -2.833751961588859558e-03 6.393601000308990479e-02 5.126640573143959045e-02 1.119280755519866943e-01 2.752973139286041260e-02 4.749242961406707764e-02 3.258226905018091202e-03 4.317752644419670105e-02 1.152389049530029297e-01 6.521481275558471680e-02 -7.159125804901123047e-02 1.634932756423950195e-01 1.486591529101133347e-02 -1.266666594892740250e-02 1.734628714621067047e-02 1.294424012303352356e-02 3.189407661557197571e-02 -9.001053869724273682e-02 5.348430573940277100e-02 4.388141632080078125e-02 5.375412851572036743e-02 1.059759557247161865e-01 -2.504545263946056366e-03 -5.074697546660900116e-03 4.209652170538902283e-02 1.555832326412200928e-01 6.170672550797462463e-02 6.845742464065551758e-02
5.136474594473838806e-02 2.020543813705444336e-01 -1.819174550473690033e-02 2.150712460279464722e-01 8.718495815992355347e-02 1.284142434597015381e-01 6.834121793508529663e-02 8.699294179677963257e-02 1.063433885574340820e-01 8.866808563470840454e-02 6.488161534070968628e-02 7.393517345190048218e-02 1.066603735089302063e-01 6.077200546860694885e-02 1.105157509446144104e-01 2.883322536945343018e-02 2.805670537054538727e-02 1.669185459613800049e-01 1.679661571979522705e-01 1.060507819056510925e-01 1.514236181974411011e-01 3.055497407913208008e-01 9.479968249797821045e-02 3.504459857940673828e-01 2.080112993717193604e-01 1.000000000000000000e+00 1.194931641221046448e-01 1.301138252019882202e-01 2.426820546388626099e-01 1.134354993700981140e-01 1.189092323184013367e-01 1.548574399203062057e-02 1.535132378339767456e-01 5.979163572192192078e-02 1.037289425730705261e-01 5.779255926609039307e-02 1.798912286758422852e-01 1.107104420661926270e-01 7.483718544244766235e-02 3.931586816906929016e-02 5.153984948992729187e-02 1.002137884497642517e-01 4.121839627623558044e-02 -4.930289089679718018e-02 1.122679635882377625e-01 3.048720024526119232e-02 7.168228039517998695e-04 6.480596214532852173e-02 3.751200810074806213e-02 4.091510921716690063e-02 -2.939825132489204407e-02 -2.109505236148834229e-02 1.561220735311508179e-01 3.208315372467041016e-02 1.784110963344573975e-01 4.304619506001472473e-03 1.237545348703861237e-02 6.784188747406005859e-02 1.007502898573875427e-01 1.004739776253700256e-01 1.034093648195266724e-01
