1.000000000000000000e+00 3.004627823829650879e-01 -3.810176253318786621e-02 3.737625852227210999e-02 3.697569295763969421e-02 -4.801733419299125671e-02 2.633046917617321014e-02 2.212653905153274536e-01 -4.678400978446006775e-02 4.993312992155551910e-03 -9.491138160228729248e-02 -2.641100436449050903e-02 -4.840290918946266174e-02 -1.025411710143089294e-01 9.682263433933258057e-02 -1.361124869436025620e-02 -5.935605149716138840e-03 -8.403461426496505737e-02 -2.931859157979488373e-02 1.030306518077850342e-02 8.602746576070785522e-02 -1.526276767253875732e-02 -1.460356414318084717e-01 -3.132174536585807800e-02 -2.215085737407207489e-02 -4.271436110138893127e-02 -1.349978148937225342e-01 -6.837294250726699829e-02 3.636118769645690918e-02 5.762236937880516052e-02 4.700212553143501282e-02 -1.517362426966428757e-03 6.987938191741704941e-03 3.543550521135330200e-02 8.226684480905532837e-02 4.356807470321655273e-02 3.997516352683305740e-03 -4.961271211504936218e-02 1.588550209999084473e-01 4.642060399055480957e-02 3.416126966476440430e-02 1.051746308803558350e-01 -1.331004202365875244e-01 -6.925528496503829956e-02 -8.575972914695739746e-02 8.306869864463806152e-02 5.253499373793601990e-02 6.026656553149223328e-02 1.809645444154739380e-01 1.352722048759460449e-01 2.489122748374938965e-02 6.383525580167770386e-02 3.195025259628891945e-03 5.668218433856964111e-02 5.058032274246215820e-02 -1.056179031729698181e-02 -1.158024370670318604e-01 7.208599150180816650e-02 -1.592469960451126099e-02 1.562027186155319214e-01 1.634495258331298828e-01 -4.838646203279495239e-02 2.231467515230178833e-01 -1.504663676023483276e-01 -2.163847722113132477e-02 -4.369902238249778748e-02 -1.976277120411396027e-02 1.368576884269714355e-01 -1.957454383373260498e-01 8.984104543924331665e-02 -2.737208968028426170e-03 -5.787543579936027527e-02 7.906464859843254089e-03 -2.121072728186845779e-03 1.625174283981323242e-02 9.085091762244701385e-03 -3.798558609560132027e-03 6.014008820056915283e-02 -8.117603510618209839e-02 -3.450506832450628281e-03 2.086912691593170166e-01 5.511958897113800049e-02 -3.896760940551757812e-02 1.837734505534172058e-02 -1.162960007786750793e-02 3.117120591923594475e-03 2.344020903110504150e-01
3.004627823829650879e-01 1.000000000000000000e+00 1.849123090505599976e-02 1.151709035038948059e-01 -7.832383736968040466e-03 -1.076065450906753540e-01 -8.202361315488815308e-02 8.248989470303058624e-03 -1.216163262724876404e-01 5.962301790714263916e-02 2.836386114358901978e-02 3.525724634528160095e-02 1.508692651987075806e-01 -4.996766895055770874e-02 1.156109422445297241e-01 1.937256008386611938e-02 6.770791485905647278e-03 -8.806310594081878662e-02 -8.196323364973068237e-02 2.708466723561286926e-02 4.620416462421417236e-02 2.982776053249835968e-02 -4.034474492073059082e-02 -6.264039780944585800e-03 6.266984343528747559e-02 6.377592799253761768e-04 -5.724790319800376892e-02 1.952397264540195465e-02 3.108889237046241760e-02 -2.922346582636237144e-03 4.067862033843994141e-02 1.848984137177467346e-02 3.870856016874313354e-02 2.127377130091190338e-02 5.089348927140235901e-02 4.862932488322257996e-02 3.871495649218559265e-02 4.181144014000892639e-02 1.024467274546623230e-01 3.922875598073005676e-02 5.086619779467582703e-02 8.206404000520706177e-02 5.995973944664001465e-02 2.456734701991081238e-02 -3.542462363839149475e-02 1.504120677709579468e-01 -3.880192339420318604e-02 1.952304132282733917e-02 8.899978548288345337e-02 4.125381261110305786e-02 7.080230116844177246e-02 6.558831036090850830e-02 3.734971163794398308e-03 5.066201835870742798e-02 6.326494365930557251e-02 1.181593164801597595e-02 -3.450342267751693726e-02 5.002753064036369324e-02 3.657648048829287291e-04 1.739216297864913940e-01 4.407380148768424988e-02 1.285760011523962021e-02 5.626454204320907593e-02 2.219937555491924286e-02 2.718910016119480133e-02 -1.727295294404029846e-02 3.429061174392700195e-02 7.765855640172958374e-02 -2.097577974200248718e-02 3.640236333012580872e-02 3.209017589688301086e-02 5.695287138223648071e-02 3.994742408394813538e-02 3.350878134369850159e-02 5.887308716773986816e-02 4.113678261637687683e-02 6.267286837100982666e-02 9.314671158790588379e-02 5.229691788554191589e-02 -5.136085208505392075e-03 1.312097907066345215e-01 1.633439958095550537e-02 5.046270322054624557e-03 4.312961921095848083e-02 -1.170501671731472015e-02 3.721692832186818123e-03 7.397116720676422119e-02
-3.810176253318786621e-02 1.849123090505599976e-02 1.000000000000000000e+00 1.054902970790863037e-01 1.384340077638626099e-01 1.407496780157089233e-01 1.395567655563354492e-01 1.086283773183822632e-01 1.841820627450942993e-01 7.761647552251815796e-02 3.784096240997314453e-02 3.913078084588050842e-02 7.748470455408096313e-02 1.464802324771881104e-01 6.573141366243362427e-02 7.161261141300201416e-02 4.339602962136268616e-02 1.977326124906539917e-01 1.351475864648818970e-01 6.412082910537719727e-02 5.064554139971733093e-02 2.691643126308917999e-02 4.838908091187477112e-02 3.201920911669731140e-02 3.764159604907035828e-02 2.896592952311038971e-02 7.022610306739807129e-02 2.354897186160087585e-02 5.187735334038734436e-02 4.600117355585098267e-02 2.864637970924377441e-02 2.733290567994117737e-02 4.945337772369384766e-02 2.608308009803295135e-02 1.385560259222984314e-02 1.493080705404281616e-02 1.771222800016403198e-02 1.872841455042362213e-02 2.782334387302398682e-02 1.485305093228816986e-02 2.509956061840057373e-02 4.224082455039024353e-02 -4.530220292508602142e-03 3.965262696146965027e-02 4.229299724102020264e-02 2.287890575826168060e-02 2.148648910224437714e-02 -6.661850959062576294e-03 -9.299273602664470673e-03 -5.347758065909147263e-03 2.274112030863761902e-02 2.476290240883827209e-02 9.866586886346340179e-03 2.142262831330299377e-02 1.142455823719501495e-02 1.515031419694423676e-02 8.409886807203292847e-02 1.825931109488010406e-02 2.479941956698894501e-02 1.284785941243171692e-02 4.529240354895591736e-02 2.362732030451297760e-02 -2.197034657001495361e-02 6.748652085661888123e-03 1.907407306134700775e-02 -7.772671524435281754e-03 1.327139884233474731e-02 3.801976889371871948e-02 4.280955344438552856e-02 1.350880414247512817e-02 1.875848136842250824e-02 2.311178110539913177e-02 1.485270727425813675e-02 1.658947020769119263e-02 3.860139101743698120e-02 1.814520731568336487e-02 2.077297121286392212e-02 2.019408904016017914e-02 -6.610494107007980347e-03 3.779241815209388733e-02 4.165961593389511108e-02 2.859757281839847565e-02 3.697551321238279343e-03 4.843280464410781860e-02 -2.340473729418590665e-04 9.235574863851070404e-03 -2.226179279386997223e-02
3.737625852227210999e-02 1.151709035038948059e-01 1.054902970790863037e-01 1.000000000000000000e+00 1.190925762057304382e-01 7.215806096792221069e-02 5.556099116802215576e-02 6.850346922874450684e-02 5.572247877717018127e-02 1.100389435887336731e-01 1.428330242633819580e-01 6.301158666610717773e-02 1.309649944305419922e-01 6.200156360864639282e-02 1.266294121742248535e-01 6.013164669275283813e-02 6.033128872513771057e-02 3.614311292767524719e-02 2.243370003998279572e-02 7.597133517265319824e-02 7.569882273674011230e-02 5.863179638981819153e-02 4.479272291064262390e-02 3.502981737256050110e-02 7.252831757068634033e-02 7.311681658029556274e-02 3.885395452380180359e-02 4.321525990962982178e-02 5.691653117537498474e-02 6.377970427274703979e-02 6.180916726589202881e-02 5.695683881640434265e-02 5.274574831128120422e-02 4.343970492482185364e-02 5.046718195080757141e-02 7.839420437812805176e-02 8.627142757177352905e-02 8.738946914672851562e-02 9.973987936973571777e-02 5.449512600898742676e-02 6.171692535281181335e-02 6.997369229793548584e-02 1.249306425452232361e-01 3.555489331483840942e-02 1.856498420238494873e-02 1.123281791806221008e-01 -3.036242211237549782e-03 8.093383163213729858e-03 3.212031349539756775e-02 4.950828850269317627e-02 7.638010382652282715e-02 7.587911933660507202e-02 2.436439972370862961e-03 4.539602994918823242e-02 6.512711197137832642e-02 1.477564033120870590e-02 1.244288962334394455e-02 5.750580877065658569e-02 2.199041657149791718e-02 7.821375131607055664e-02 2.433866262435913086e-02 5.266944691538810730e-02 2.055122144520282745e-02 7.087478041648864746e-02 5.766816064715385437e-02 1.942878589034080505e-02 6.922388821840286255e-02 5.613566562533378601e-02 3.491297736763954163e-02 4.949906468391418457e-02 4.392517358064651489e-02 9.169340133666992188e-02 7.421321421861648560e-02 4.603821039199829102e-02 6.288538128137588501e-02 8.225581794977188110e-02 7.234890758991241455e-02 6.042803823947906494e-02 6.739888340234756470e-02 9.395755827426910400e-03 6.446409225463867188e-02 4.286771640181541443e-02 3.715412691235542297e-02 3.608921170234680176e-02 3.516210988163948059e-02 2.072742395102977753e-02 1.903355680406093597e-02
3.697569295763969421e-02 -7.832383736968040466e-03 1.384340077638626099e-01 1.190925762057304382e-01 1.000000000000000000e+00 1.899186968803405762e-01 2.053923010826110840e-01 2.862301170825958252e-01 2.252842634916305542e-01 1.244814768433570862e-01 5.429517477750778198e-02 9.084118902683258057e-02 9.342151135206222534e-02 2.105555981397628784e-01 1.639386564493179321e-01 9.048381447792053223e-02 7.440040260553359985e-02 1.949839740991592407e-01 1.175801903009414673e-01 1.198722347617149353e-01 8.042921125888824463e-02 3.090916760265827179e-02 -8.132364600896835327e-03 7.535598427057266235e-02 5.588873103260993958e-02 6.879532337188720703e-02 3.283913806080818176e-02 3.058525174856185913e-02 7.638125866651535034e-02 1.359662860631942749e-01 1.337236613035202026e-01 1.018278524279594421e-01 6.496053934097290039e-02 2.202287688851356506e-02 3.252135962247848511e-02 5.090532824397087097e-02 2.152018249034881592e-02 9.792435914278030396e-02 2.383914291858673096e-01 9.029697626829147339e-02 3.677640110254287720e-02 2.485503852367401123e-01 1.472311839461326599e-02 5.925888195633888245e-03 1.401567086577415466e-02 1.319369226694107056e-01 1.353510376065969467e-02 -2.571250498294830322e-02 7.964539527893066406e-02 6.566471606492996216e-02 6.185397505760192871e-02 1.199743375182151794e-01 -1.675140112638473511e-03 4.986088350415229797e-02 5.865020304918289185e-02 1.640534144826233387e-03 9.394001215696334839e-02 1.072312965989112854e-01 2.779573947191238403e-02 1.057946011424064636e-01 2.214997410774230957e-01 4.118563979864120483e-02 1.017937734723091125e-01 -5.236697196960449219e-02 1.054807472974061966e-02 -4.455281049013137817e-02 3.659813478589057922e-02 8.808077871799468994e-02 2.834095619618892670e-02 4.086495935916900635e-02 1.665271818637847900e-02 2.621312998235225677e-02 3.346166387200355530e-02 1.792108081281185150e-02 5.143271386623382568e-02 6.884591281414031982e-02 8.418215811252593994e-02 4.990171268582344055e-02 -5.753260571509599686e-03 1.508674863725900650e-02 1.631678640842437744e-01 5.150476098060607910e-02 5.403484217822551727e-03 2.080477401614189148e-02 1.156654115766286850e-02 2.105400525033473969e-02 1.161553785204887390e-01
-4.801733419299125671e-02 -1.076065450906753540e-01 1.407496780157089233e-01 7.215806096792221069e-02 1.899186968803405762e-01 1.000000000000000000e+00 2.837538719177246094e-01 2.853777110576629639e-01 6.419356465339660645e-01 5.613686144351959229e-02 1.065419763326644897e-01 4.162984713912010193e-02 1.343028247356414795e-01 2.723553478717803955e-01 4.974529892206192017e-02 8.677737414836883545e-02 7.155685126781463623e-02 2.750729322433471680e-01 2.566608786582946777e-01 1.125020626932382584e-02 1.045782268047332764e-01 1.081166639924049377e-01 1.723055988550186157e-01 9.214941412210464478e-02 1.159511953592300415e-01 1.078002974390983582e-01 2.903343439102172852e-01 8.259700238704681396e-02 2.492248825728893280e-02 6.679441034793853760e-02 -3.972506895661354065e-02 3.109651058912277222e-02 7.928048819303512573e-02 5.469295755028724670e-02 5.187696218490600586e-02 6.042531132698059082e-02 1.126787662506103516e-01 6.064151600003242493e-02 1.070852577686309814e-01 -1.791912317276000977e-02 2.019603177905082703e-02 2.818948961794376373e-02 1.422230452299118042e-01 4.118452593684196472e-02 1.664216518402099609e-01 4.616025835275650024e-02 2.178753614425659180e-01 2.818987071514129639e-01 -2.521651238203048706e-02 5.483045056462287903e-02 9.486204013228416443e-03 3.209681436419487000e-02 -1.322699990123510361e-02 -2.846955507993698120e-02 1.304667908698320389e-02 -3.348387405276298523e-02 -2.052595093846321106e-02 2.568143047392368317e-02 6.172141805291175842e-02 2.082839421927928925e-02 2.439729496836662292e-02 8.134888112545013428e-02 -3.310409933328628540e-02 7.176565378904342651e-02 3.794206678867340088e-02 1.462649554014205933e-01 7.833689451217651367e-02 3.375367959961295128e-03 2.284741029143333435e-02 1.635774853639304638e-03 3.657919354736804962e-03 2.041446976363658905e-02 1.071224659681320190e-01 4.991785623133182526e-03 2.049075998365879059e-02 5.296028684824705124e-03 1.213436108082532883e-02 2.862261375412344933e-03 -1.565621048212051392e-02 2.435883730649948120e-01 1.971140876412391663e-02 3.679526969790458679e-03 3.968498483300209045e-02 2.431284263730049133e-02 1.082622483372688293e-01 4.588796570897102356e-02 -8.061049878597259521e-02
2.633046917617321014e-02 -8.202361315488815308e-02 1.395567655563354492e-01 5.556099116802215576e-02 2.053923010826110840e-01 2.837538719177246094e-01 1.000000000000000000e+00 3.313275575637817383e-01 3.682307004928588867e-01 8.493554592132568359e-02 5.228406935930252075e-02 6.581219285726547241e-02 5.684879422187805176e-02 9.968850016593933105e-02 7.738262414932250977e-02 4.849369078874588013e-02 6.746759265661239624e-02 1.408683806657791138e-01 2.122453600168228149e-01 7.425255328416824341e-02 6.829062104225158691e-02 3.866960108280181885e-02 1.609739363193511963e-01 6.935562193393707275e-02 7.917051017284393311e-02 7.916975766420364380e-02 1.297436654567718506e-01 6.008375063538551331e-02 7.115289568901062012e-02 1.076465025544166565e-01 4.840838909149169922e-02 3.202956542372703552e-02 1.663667708635330200e-02 3.438636660575866699e-02 3.143320232629776001e-02 4.465212672948837280e-02 4.375988990068435669e-02 -1.369038783013820648e-02 5.768715869635343552e-03 9.288510307669639587e-03 6.749536842107772827e-03 1.943479664623737335e-02 3.332236781716346741e-02 -1.863176375627517700e-02 2.247618976980447769e-03 8.291404694318771362e-03 2.244662679731845856e-02 -3.616715967655181885e-02 1.920664310455322266e-02 4.238930344581604004e-02 2.574943238869309425e-03 4.310073330998420715e-02 1.299806591123342514e-02 5.876996368169784546e-02 5.126772075891494751e-02 -5.672938749194145203e-02 -1.190091576427221298e-02 3.033216856420040131e-02 2.199535258114337921e-02 1.756372302770614624e-02 8.135804533958435059e-02 5.146929621696472168e-02 1.314172744750976562e-01 -2.756298147141933441e-02 3.745302930474281311e-02 8.429775387048721313e-02 1.712655834853649139e-02 4.467329382896423340e-02 -8.741123601794242859e-04 2.921608462929725647e-02 8.260754868388175964e-03 -1.367515797028318048e-04 4.826372489333152771e-02 -1.696433499455451965e-02 7.113919127732515335e-03 3.428549692034721375e-02 1.603758707642555237e-02 5.741611588746309280e-03 1.323542557656764984e-02 2.547500655055046082e-02 3.865218162536621094e-02 1.779749430716037750e-02 -1.293350290507078171e-02 -4.244648292660713196e-02 9.468948841094970703e-02 -7.250257767736911774e-03 1.393629461526870728e-01
2.212653905153274536e-01 8.248989470303058624e-03 1.086283773183822632e-01 6.850346922874450684e-02 2.862301170825958252e-01 2.853777110576629639e-01 3.313275575637817383e-01 1.000000000000000000e+00 3.417274653911590576e-01 9.015725553035736084e-02 -4.301096778362989426e-03 2.588513679802417755e-02 4.524822905659675598e-02 9.567208588123321533e-02 2.203135043382644653e-01 6.076755747199058533e-02 1.118029132485389709e-01 1.899595111608505249e-01 2.156619727611541748e-01 1.038771197199821472e-01 7.958747446537017822e-02 1.652502641081809998e-02 -5.500650405883789062e-02 1.721065677702426910e-02 7.662280648946762085e-02 9.094223380088806152e-02 -2.158993296325206757e-02 -4.790530540049076080e-03 8.734894543886184692e-02 2.554729580879211426e-01 9.392017126083374023e-02 9.031103551387786865e-02 4.443373531103134155e-02 4.869299009442329407e-02 7.786858081817626953e-02 9.812720865011215210e-02 3.391796350479125977e-02 -4.015327431261539459e-03 1.462219506502151489e-01 6.780900061130523682e-03 1.146965473890304565e-02 5.917574837803840637e-02 -9.007801115512847900e-02 -8.636295050382614136e-02 3.458066657185554504e-02 1.056962758302688599e-01 1.241407468914985657e-01 1.285941898822784424e-01 8.680012822151184082e-02 2.184577584266662598e-01 4.569729417562484741e-02 7.283893227577209473e-02 3.431160375475883484e-02 3.914636000990867615e-02 8.367093652486801147e-02 -7.286628335714340210e-02 -6.517966091632843018e-02 1.564010977745056152e-01 -3.468589857220649719e-02 1.757290363311767578e-01 3.075493276119232178e-01 5.421752482652664185e-02 3.506003320217132568e-01 -1.303686201572418213e-01 3.208861500024795532e-02 2.226024121046066284e-02 2.410308644175529480e-02 1.519942432641983032e-01 -1.363336890935897827e-01 5.704542994499206543e-02 5.964650213718414307e-02 -2.206989377737045288e-02 8.471830189228057861e-02 -2.298863045871257782e-02 2.915752492845058441e-02 8.000972867012023926e-02 4.640902578830718994e-02 5.467487499117851257e-02 -4.890267550945281982e-02 8.205372840166091919e-02 2.191566973924636841e-01 4.177086800336837769e-02 4.334620200097560883e-03 1.676263660192489624e-02 7.475081831216812134e-02 2.396948635578155518e-02 3.280874788761138916e-01
-4.678400978446006775e-02 -1.216163262724876404e-01 1.841820627450942993e-01 5.572247877717018127e-02 2.252842634916305542e-01 6.419356465339660645e-01 3.682307004928588867e-01 3.417274653911590576e-01 1.000000000000000000e+00 8.313792943954467773e-02 1.001076027750968933e-01 1.037678122520446777e-01 1.513409763574600220e-01 2.655442953109741211e-01 7.384186238050460815e-02 1.188979744911193848e-01 8.732794225215911865e-02 3.668015003204345703e-01 3.532546460628509521e-01 5.830795317888259888e-02 1.279281526803970337e-01 1.250222176313400269e-01 1.782529503107070923e-01 1.080506742000579834e-01 1.333421617746353149e-01 1.194513589143753052e-01 2.588500678539276123e-01 8.187892287969589233e-02 3.414726629853248596e-02 1.087923347949981689e-01 -1.409951597452163696e-02 3.317245095968246460e-02 7.876814901828765869e-02 4.068892076611518860e-02 2.484001033008098602e-02 4.242936149239540100e-02 7.989970594644546509e-02 7.182750105857849121e-02 5.580108612775802612e-02 -2.589985541999340057e-02 1.841305568814277649e-02 -5.428190343081951141e-03 6.546617299318313599e-02 3.684517741203308105e-02 1.495383083820343018e-01 3.270139917731285095e-02 1.880964636802673340e-01 2.396420240402221680e-01 -1.298125460743904114e-02 3.375913202762603760e-02 5.848217755556106567e-03 2.464764937758445740e-02 -3.221523016691207886e-02 -1.840335875749588013e-02 2.208624221384525299e-02 -6.319481879472732544e-02 1.644886471331119537e-02 6.576629821211099625e-03 3.748858347535133362e-02 -3.349936008453369141e-02 6.044849008321762085e-02 8.190593123435974121e-02 -7.113226503133773804e-02 2.737648971378803253e-02 3.636079281568527222e-02 9.097113460302352905e-02 3.395347297191619873e-02 2.028661780059337616e-03 5.087817460298538208e-02 7.970762439072132111e-03 3.261031350120902061e-03 7.980825379490852356e-03 5.724992603063583374e-02 1.061079185456037521e-02 2.348022162914276123e-02 5.906347185373306274e-03 -2.335494570434093475e-02 6.186740210978314281e-05 -1.098166406154632568e-02 2.313662916421890259e-01 1.214560493826866150e-02 -8.883392438292503357e-03 2.019003219902515411e-02 7.004713639616966248e-03 8.282220363616943359e-02 2.339069731533527374e-02 -5.463112145662307739e-02
4.993312992155551910e-03 5.962301790714263916e-02 7.761647552251815796e-02 1.100389435887336731e-01 1.244814768433570862e-01 5.613686144351959229e-02 8.493554592132568359e-02 9.015725553035736084e-02 8.313792943954467773e-02 1.000000000000000000e+00 1.106614693999290466e-01 1.170231401920318604e-01 1.155265718698501587e-01 6.022299826145172119e-02 1.294483989477157593e-01 1.167501136660575867e-01 8.051504194736480713e-02 4.421888291835784912e-02 2.136530354619026184e-02 8.535967022180557251e-02 6.684286147356033325e-02 7.688272744417190552e-02 4.519624263048171997e-02 5.864546075463294983e-02 7.290582358837127686e-02 7.950878888368606567e-02 3.027432970702648163e-02 7.153364270925521851e-02 1.000507175922393799e-01 7.528378069400787354e-02 5.869207158684730530e-02 6.929285079240798950e-02 8.800022304058074951e-02 5.528512969613075256e-02 5.919560790061950684e-02 7.879855483770370483e-02 6.877379119396209717e-02 6.721307337284088135e-02 5.128409340977668762e-02 8.179910480976104736e-02 8.522857725620269775e-02 7.994145154953002930e-02 7.864936441183090210e-02 5.444360896944999695e-02 7.466253358870744705e-03 6.470341980457305908e-02 -2.784548513591289520e-02 -3.157045692205429077e-02 6.726065278053283691e-02 9.514440596103668213e-02 1.307990700006484985e-01 9.369886666536331177e-02 7.403374183923006058e-05 6.709936261177062988e-02 7.191171497106552124e-02 1.401388552039861679e-02 1.545703131705522537e-02 6.636893004179000854e-02 3.089691884815692902e-02 5.232390761375427246e-02 7.328752428293228149e-02 5.427083373069763184e-02 6.391132622957229614e-02 3.675412759184837341e-02 5.924162641167640686e-02 1.069930475205183029e-02 7.559975981712341309e-02 8.083543926477432251e-02 1.913160085678100586e-02 5.179696530103683472e-02 6.179659068584442139e-02 8.043513447046279907e-02 6.928306818008422852e-02 4.731950163841247559e-02 1.044071838259696960e-01 7.268950343132019043e-02 6.052643433213233948e-02 7.182427495718002319e-02 5.638699978590011597e-02 -1.224080752581357956e-02 5.927725881338119507e-02 4.592893272638320923e-02 2.262247353792190552e-02 4.142136499285697937e-02 4.792842641472816467e-02 3.050231002271175385e-02 6.874770671129226685e-02
-9.491138160228729248e-02 2.836386114358901978e-02 3.784096240997314453e-02 1.428330242633819580e-01 5.429517477750778198e-02 1.065419763326644897e-01 5.228406935930252075e-02 -4.301096778362989426e-03 1.001076027750968933e-01 1.106614693999290466e-01 1.000000000000000000e+00 7.973904907703399658e-02 1.628200858831405640e-01 6.676700711250305176e-02 9.009387344121932983e-02 6.780140101909637451e-02 4.861629754304885864e-02 5.065598711371421814e-02 6.448367238044738770e-02 5.961611494421958923e-02 3.596998006105422974e-02 1.107035726308822632e-01 2.038689553737640381e-01 6.058428063988685608e-02 1.632788926362991333e-01 9.812341630458831787e-02 1.016290709376335144e-01 1.145798414945602417e-01 7.039660960435867310e-02 6.033561378717422485e-02 3.050679340958595276e-02 5.553292110562324524e-02 8.870687335729598999e-02 5.930677428841590881e-02 5.227757990360260010e-02 9.255814552307128906e-02 1.478076279163360596e-01 1.816573888063430786e-01 4.818862304091453552e-02 4.083953425288200378e-02 7.476843148469924927e-02 2.155091613531112671e-02 3.156540989875793457e-01 5.545907467603683472e-02 6.587049365043640137e-02 1.652663797140121460e-01 7.024629041552543640e-03 -1.541602774523198605e-03 -8.699577301740646362e-03 5.355004221200942993e-02 7.017197459936141968e-02 8.360371738672256470e-02 1.479861326515674591e-02 3.371594473719596863e-02 4.243424162268638611e-02 2.941362187266349792e-02 2.143662236630916595e-02 -3.371749538928270340e-03 4.865160584449768066e-02 1.375204622745513916e-01 -4.428860545158386230e-02 1.125611662864685059e-01 -4.311443865299224854e-02 1.031059473752975464e-01 7.922787219285964966e-02 4.047816619277000427e-02 1.582238376140594482e-01 4.445568099617958069e-02 7.932499051094055176e-02 3.204785287380218506e-02 3.143702819943428040e-02 1.566018760204315186e-01 1.511533111333847046e-01 7.419065386056900024e-02 8.199965953826904297e-02 6.455038487911224365e-02 1.220049783587455750e-01 3.171788528561592102e-02 1.217086091637611389e-01 6.485805846750736237e-03 3.736648336052894592e-02 2.285566180944442749e-02 4.931736737489700317e-02 2.520698122680187225e-02 1.082665249705314636e-01 1.299627590924501419e-02 -5.895743891596794128e-02
-2.641100436449050903e-02 3.525724634528160095e-02 3.913078084588050842e-02 6.301158666610717773e-02 9.084118902683258057e-02 4.162984713912010193e-02 6.581219285726547241e-02 2.588513679802417755e-02 1.037678122520446777e-01 1.170231401920318604e-01 7.973904907703399658e-02 1.000000000000000000e+00 9.127138555049896240e-02 1.545004248619079590e-01 1.120575368404388428e-01 8.663430064916610718e-02 4.473869130015373230e-02 7.395090907812118530e-02 7.937804609537124634e-02 6.955019384622573853e-02 4.915416985750198364e-02 7.271053642034530640e-02 2.843104768544435501e-03 8.166938275098800659e-02 7.322306185960769653e-02 1.186974570155143738e-01 8.538525551557540894e-03 3.979296609759330750e-02 4.791476950049400330e-02 7.132419850677251816e-04 7.007502019405364990e-02 6.740819662809371948e-02 1.017164960503578186e-01 2.759410254657268524e-02 1.907728798687458038e-02 4.095995053648948669e-02 1.237357500940561295e-02 -1.967252137546893209e-05 2.948270738124847412e-02 7.927076518535614014e-02 6.432472169399261475e-02 4.049846902489662170e-02 1.105744019150733948e-02 2.504765987396240234e-02 3.394477069377899170e-02 2.139976248145103455e-02 -5.495349317789077759e-02 -1.522794831544160843e-02 9.754811972379684448e-02 5.839138105511665344e-02 7.913517206907272339e-02 5.018384382128715515e-02 1.569985225796699524e-02 7.266917824745178223e-02 5.662860348820686340e-02 4.650608077645301819e-02 6.520296446979045868e-03 -3.391422703862190247e-02 1.528219413012266159e-02 4.820815473794937134e-02 -2.431150712072849274e-02 2.675776742398738861e-02 -7.585066556930541992e-02 -2.806498482823371887e-02 -1.208829693496227264e-02 -3.608915582299232483e-02 3.163086622953414917e-02 5.353845655918121338e-02 2.603206224739551544e-02 1.967344246804714203e-02 6.571992300450801849e-03 1.012126654386520386e-01 2.893461473286151886e-02 7.053681463003158569e-02 5.851545929908752441e-02 4.191743582487106323e-02 1.805649884045124054e-02 4.585031419992446899e-02 2.387918159365653992e-02 -2.090558409690856934e-02 4.545217752456665039e-02 -5.536288954317569733e-03 5.110765248537063599e-02 1.267523616552352905e-01 1.918764319270849228e-03 2.288685739040374756e-02 -5.518193170428276062e-02
-4.840290918946266174e-02 1.508692651987075806e-01 7.748470455408096313e-02 1.309649944305419922e-01 9.342151135206222534e-02 1.343028247356414795e-01 5.684879422187805176e-02 4.524822905659675598e-02 1.513409763574600220e-01 1.155265718698501587e-01 1.628200858831405640e-01 9.127138555049896240e-02 1.000000000000000000e+00 1.117612943053245544e-01 1.102795675396919250e-01 1.168881058692932129e-01 8.677328377962112427e-02 1.401774883270263672e-01 9.912475943565368652e-02 7.739296555519104004e-02 7.629381865262985229e-02 1.170554310083389282e-01 1.400554031133651733e-01 7.246372848749160767e-02 1.857052445411682129e-01 1.303203850984573364e-01 1.306868493556976318e-01 1.416941434144973755e-01 7.422850281000137329e-02 8.026915788650512695e-02 1.243238523602485657e-01 9.400399029254913330e-02 1.533885300159454346e-01 5.698601156473159790e-02 5.842275545001029968e-02 9.211400151252746582e-02 1.258753985166549683e-01 1.435797661542892456e-01 9.491742402315139771e-02 2.892172336578369141e-02 7.628332823514938354e-02 9.569970518350601196e-02 2.586155831813812256e-01 9.964847564697265625e-02 1.347847878932952881e-01 1.813913881778717041e-01 4.977047070860862732e-02 5.866585671901702881e-02 7.253850251436233521e-02 8.763504773378372192e-02 9.189540892839431763e-02 1.049793213605880737e-01 5.270717199891805649e-03 7.067152857780456543e-02 8.295501023530960083e-02 5.361212417483329773e-03 7.841672748327255249e-02 4.190446808934211731e-02 4.875734075903892517e-02 1.706851720809936523e-01 3.308108821511268616e-02 1.133123412728309631e-01 -4.339019954204559326e-02 9.559942036867141724e-02 9.498745203018188477e-02 1.059306487441062927e-01 1.259432882070541382e-01 5.727327242493629456e-02 1.166882514953613281e-01 4.849090799689292908e-02 7.524309307336807251e-02 1.611722111701965332e-01 1.078565865755081177e-01 5.513590201735496521e-02 8.966866880655288696e-02 7.624646276235580444e-02 1.642753034830093384e-01 6.065853312611579895e-02 8.039864152669906616e-02 4.251474514603614807e-02 1.045565903186798096e-01 2.734442986547946930e-02 7.300791889429092407e-02 3.588694334030151367e-02 8.395271748304367065e-02 3.928285837173461914e-02 -4.814479127526283264e-02
-1.025411710143089294e-01 -4.996766895055770874e-02 1.464802324771881104e-01 6.200156360864639282e-02 2.105555981397628784e-01 2.723553478717803955e-01 9.968850016593933105e-02 9.567208588123321533e-02 2.655442953109741211e-01 6.022299826145172119e-02 6.676700711250305176e-02 1.545004248619079590e-01 1.117612943053245544e-01 1.000000000000000000e+00 1.716691702604293823e-01 1.638114154338836670e-01 7.378406077623367310e-02 5.325253009796142578e-01 3.173317611217498779e-01 7.444588094949722290e-02 6.960351765155792236e-02 2.702470868825912476e-02 2.301734499633312225e-02 1.306092143058776855e-01 6.007774174213409424e-02 9.673582017421722412e-02 6.447049230337142944e-02 1.785675808787345886e-02 2.000949531793594360e-02 8.686215616762638092e-03 3.833124041557312012e-02 6.664583086967468262e-02 1.455978602170944214e-01 5.176085606217384338e-02 1.587387919425964355e-02 3.958474844694137573e-02 -6.274114362895488739e-03 3.597801551222801208e-02 1.880419850349426270e-01 1.593916304409503937e-02 1.901143044233322144e-02 1.334174722433090210e-01 -4.090710729360580444e-02 7.738005835562944412e-03 1.378420740365982056e-01 4.301277548074722290e-02 1.286183893680572510e-01 7.728915661573410034e-02 2.903487160801887512e-02 1.361818518489599228e-02 3.199058771133422852e-02 5.286937952041625977e-02 3.783529996871948242e-02 2.200241386890411377e-02 3.789114207029342651e-02 -6.161771714687347412e-03 3.133534789085388184e-01 1.089715212583541870e-01 6.087946519255638123e-02 5.454105138778686523e-02 2.430513948202133179e-01 4.566263779997825623e-02 -8.161775767803192139e-02 6.814116146415472031e-03 -1.910062693059444427e-02 2.312357351183891296e-02 -6.135710980743169785e-03 6.989498436450958252e-02 1.977431327104568481e-01 -6.207166239619255066e-03 2.339798398315906525e-02 7.603573799133300781e-02 1.415237598121166229e-02 5.786526203155517578e-02 5.890460312366485596e-02 4.685329645872116089e-02 -2.536252327263355255e-02 4.851007834076881409e-02 -2.326661488041281700e-03 1.954651027917861938e-01 1.141391471028327942e-01 3.108829632401466370e-02 1.091769784688949585e-01 1.731089055538177490e-01 -7.935896515846252441e-03 7.625959813594818115e-02 -9.862866252660751343e-02
9.682263433933258057e-02 1.156109422445297241e-01 6.573141366243362427e-02 1.266294121742248535e-01 1.639386564493179321e-01 4.974529892206192017e-02 7.738262414932250977e-02 2.203135043382644653e-01 7.384186238050460815e-02 1.294483989477157593e-01 9.009387344121932983e-02 1.120575368404388428e-01 1.102795675396919250e-01 1.716691702604293823e-01 1.000000000000000000e+00 1.198840960860252380e-01 8.574287593364715576e-02 1.025765538215637207e-01 1.000258475542068481e-01 1.374411582946777344e-01 1.109517663717269897e-01 9.286863356828689575e-02 -2.048124559223651886e-02 7.054072618484497070e-02 1.012807488441467285e-01 9.722900390625000000e-02 -8.322017267346382141e-03 4.716332256793975830e-02 9.821294248104095459e-02 1.202528029680252075e-01 1.216019913554191589e-01 9.570052474737167358e-02 9.830420464277267456e-02 7.191527634859085083e-02 6.892567127943038940e-02 8.827456086874008179e-02 7.376353442668914795e-02 6.942375004291534424e-02 1.713954657316207886e-01 6.012269854545593262e-02 6.521161645650863647e-02 1.327429264783859253e-01 2.820685878396034241e-02 4.339432809501886368e-03 2.885139919817447662e-02 1.848817020654678345e-01 4.081173986196517944e-02 1.609306223690509796e-02 1.183782443404197693e-01 8.736082911491394043e-02 1.209641322493553162e-01 1.358220130205154419e-01 9.524180553853511810e-03 8.769591152667999268e-02 8.915605396032333374e-02 7.641084492206573486e-03 5.038882791996002197e-02 1.033536195755004883e-01 1.948866620659828186e-02 1.964222192764282227e-01 1.706396788358688354e-01 9.022409468889236450e-02 9.355556964874267578e-02 8.599912980571389198e-04 3.568268939852714539e-02 -2.127998694777488708e-02 9.902583807706832886e-02 1.124507486820220947e-01 -3.523697843775153160e-03 6.693133711814880371e-02 6.279493868350982666e-02 6.517938524484634399e-02 8.180973678827285767e-02 7.755617052316665649e-02 1.183677166700363159e-01 1.299540549516677856e-01 9.615945070981979370e-02 1.552248597145080566e-01 1.539263501763343811e-02 3.573362156748771667e-02 2.322838157415390015e-01 4.929925128817558289e-02 3.428075462579727173e-02 1.266923695802688599e-01 3.354112058877944946e-02 4.048631340265274048e-02 1.014498248696327209e-01
-1.361124869436025620e-02 1.937256008386611938e-02 7.161261141300201416e-02 6.013164669275283813e-02 9.048381447792053223e-02 8.677737414836883545e-02 4.849369078874588013e-02 6.076755747199058533e-02 1.188979744911193848e-01 1.167501136660575867e-01 6.780140101909637451e-02 8.663430064916610718e-02 1.168881058692932129e-01 1.638114154338836670e-01 1.198840960860252380e-01 1.000000000000000000e+00 7.223330438137054443e-02 1.405917406082153320e-01 1.098581999540328979e-01 7.978852838277816772e-02 8.264169096946716309e-02 9.967575222253799438e-02 4.986472427845001221e-02 1.262063682079315186e-01 5.465009063482284546e-02 8.948197960853576660e-02 4.236467927694320679e-02 5.143419653177261353e-02 8.622504025697708130e-02 9.221401810646057129e-02 9.284415841102600098e-02 6.098136305809020996e-02 1.243792325258255005e-01 7.970865070819854736e-02 7.252193987369537354e-02 9.007031470537185669e-02 5.739815160632133484e-02 5.370456352829933167e-02 9.362583607435226440e-02 9.787411987781524658e-02 7.710730284452438354e-02 6.837946176528930664e-02 2.442489191889762878e-02 4.792392626404762268e-02 6.017578020691871643e-02 4.703304544091224670e-02 3.961315378546714783e-02 1.490217912942171097e-02 6.710032373666763306e-02 1.034797951579093933e-01 6.613852828741073608e-02 7.065715640783309937e-02 1.351664890535175800e-03 5.466616526246070862e-02 7.648071646690368652e-02 1.461716182529926300e-02 8.003941923379898071e-02 8.873972296714782715e-02 4.330550506711006165e-02 3.011682629585266113e-02 9.291130304336547852e-02 6.209468841552734375e-02 -1.251031365245580673e-02 -2.069281227886676788e-02 6.541552394628524780e-02 3.889776393771171570e-02 4.726051911711692810e-02 5.538476258516311646e-02 4.875461384654045105e-02 4.105168581008911133e-02 6.336715072393417358e-02 6.303586810827255249e-02 4.688344150781631470e-02 6.515414267778396606e-02 9.313486516475677490e-02 7.119883596897125244e-02 7.315234281122684479e-03 4.903885349631309509e-02 4.234336316585540771e-02 4.734469950199127197e-02 6.692960858345031738e-02 4.321814700961112976e-02 3.457074984908103943e-02 8.174838870763778687e-02 8.752298355102539062e-02 7.440592348575592041e-02 1.403689570724964142e-02
-5.935605149716138840e-03 6.770791485905647278e-03 4.339602962136268616e-02 6.033128872513771057e-02 7.440040260553359985e-02 7.155685126781463623e-02 6.746759265661239624e-02 1.118029132485389709e-01 8.732794225215911865e-02 8.051504194736480713e-02 4.861629754304885864e-02 4.473869130015373230e-02 8.677328377962112427e-02 7.378406077623367310e-02 8.574287593364715576e-02 7.223330438137054443e-02 1.000000000000000000e+00 1.017746254801750183e-01 6.184631958603858948e-02 6.588774174451828003e-02 5.762697011232376099e-02 6.518239527940750122e-02 5.471838265657424927e-02 5.999954044818878174e-02 5.213090777397155762e-02 6.387622654438018799e-02 7.008147239685058594e-02 6.224313005805015564e-02 5.596898123621940613e-02 6.865349411964416504e-02 8.003795892000198364e-02 6.763553619384765625e-02 5.402976274490356445e-02 5.208456143736839294e-02 4.297992214560508728e-02 4.450372606515884399e-02 3.725087642669677734e-02 2.027429640293121338e-02 4.249227792024612427e-02 2.918939478695392609e-02 4.643969237804412842e-02 3.497602045536041260e-02 5.060073733329772949e-02 4.465792328119277954e-03 3.548430278897285461e-02 3.897212445735931396e-02 1.658464316278696060e-03 -9.078306145966053009e-03 2.787439152598381042e-02 4.817700758576393127e-02 5.299163237214088440e-02 5.435596778988838196e-02 2.497087698429822922e-03 4.306896775960922241e-02 6.046144664287567139e-02 -6.299209780991077423e-05 1.774674095213413239e-02 4.136482253670692444e-02 9.592182002961635590e-03 4.607641696929931641e-02 4.023692384362220764e-02 4.475512728095054626e-02 7.221771031618118286e-02 -1.730669406242668629e-03 4.647577553987503052e-02 2.399332262575626373e-02 3.892219066619873047e-02 4.823964089155197144e-02 1.903954148292541504e-02 3.873429074883460999e-02 4.560488089919090271e-02 3.855254128575325012e-02 4.074208065867424011e-02 3.920825198292732239e-02 5.843267217278480530e-02 5.204114690423011780e-02 2.683755010366439819e-02 4.691712558269500732e-02 2.796768024563789368e-02 -1.223437022417783737e-02 3.858428448438644409e-02 2.115439251065254211e-02 4.425619263201951981e-03 1.180416438728570938e-02 3.815903887152671814e-02 2.838430739939212799e-02 5.509068444371223450e-02
-8.403461426496505737e-02 -8.806310594081878662e-02 1.977326124906539917e-01 3.614311292767524719e-02 1.949839740991592407e-01 2.750729322433471680e-01 1.408683806657791138e-01 1.899595111608505249e-01 3.668015003204345703e-01 4.421888291835784912e-02 5.065598711371421814e-02 7.395090907812118530e-02 1.401774883270263672e-01 5.325253009796142578e-01 1.025765538215637207e-01 1.405917406082153320e-01 1.017746254801750183e-01 1.000000000000000000e+00 4.203284978866577148e-01 5.845629051327705383e-02 8.529658615589141846e-02 7.040984183549880981e-02 1.361853480339050293e-01 1.065007597208023071e-01 1.128659322857856750e-01 6.728648394346237183e-02 1.261452585458755493e-01 2.062065713107585907e-02 9.880769997835159302e-03 7.624641060829162598e-02 1.583041995763778687e-02 3.842995688319206238e-02 8.821691572666168213e-02 8.524673059582710266e-03 -3.230728907510638237e-03 5.518891848623752594e-04 1.055441237986087799e-02 6.001351773738861084e-02 1.137007400393486023e-01 -5.313007626682519913e-03 7.672553882002830505e-03 6.114775687456130981e-02 -1.898993737995624542e-02 2.944976836442947388e-02 2.482338100671768188e-01 3.785670176148414612e-02 2.011830359697341919e-01 1.401082575321197510e-01 2.308325655758380890e-02 4.843930155038833618e-02 1.697072386741638184e-02 3.125805035233497620e-02 3.544422239065170288e-02 2.095559798181056976e-02 3.070200607180595398e-02 2.362486533820629120e-02 3.428710997104644775e-01 1.576880961656570435e-01 4.596571624279022217e-02 2.902520447969436646e-02 2.840576469898223877e-01 6.290473788976669312e-02 -7.698059827089309692e-02 2.368507348001003265e-02 6.433918327093124390e-02 1.192865818738937378e-01 8.040005341172218323e-03 8.496586978435516357e-02 1.032127439975738525e-01 9.835883043706417084e-03 2.858870662748813629e-02 5.709178745746612549e-02 1.853987202048301697e-02 2.763139083981513977e-02 4.218216240406036377e-02 3.382433950901031494e-02 -2.759732492268085480e-02 1.924412511289119720e-02 2.452982775866985321e-02 2.465707361698150635e-01 8.716440945863723755e-02 2.044198848307132721e-02 5.363610759377479553e-02 8.848580718040466309e-02 4.669756069779396057e-02 6.302631646394729614e-02 -6.851476430892944336e-02
