1.000000000000000000e+00 1.084982678294181824e-01 2.290788479149341583e-02 -1.564056845381855965e-03 -3.771503269672393799e-02 2.836762182414531708e-02 1.997964829206466675e-02 -4.187441617250442505e-02 1.236124411225318909e-01 -1.709406264126300812e-02 -5.351199768483638763e-03 6.761926412582397461e-02 -2.585017587989568710e-03 6.565462797880172729e-02 4.615156725049018860e-02 6.987589877098798752e-03 1.269173473119735718e-01 2.519278042018413544e-02 9.184098988771438599e-02 7.505168020725250244e-02 2.517875656485557556e-02 1.074652746319770813e-01 9.429515153169631958e-02 5.783342942595481873e-02 9.984962642192840576e-02 5.935721471905708313e-02 8.643023669719696045e-02 2.181324362754821777e-02 -1.908231526613235474e-02 6.357865035533905029e-02 1.091660037636756897e-01 4.672771319746971130e-03 7.041857391595840454e-02 7.768936455249786377e-03 2.195938862860202789e-02 9.843744337558746338e-02 3.362067043781280518e-02 -3.480600193142890930e-02 2.158803865313529968e-02 2.785883471369743347e-02 -3.480599448084831238e-02 1.387759894132614136e-01 -9.710097219794988632e-04 3.974730893969535828e-02 1.098823621869087219e-01 2.361530438065528870e-02 6.977526843547821045e-02 3.917441144585609436e-02 7.662845402956008911e-02 4.041291028261184692e-02 3.734443336725234985e-02 7.131965458393096924e-02 4.412676766514778137e-02
1.084982678294181824e-01 1.000000000000000000e+00 1.260129809379577637e-01 5.967903509736061096e-02 1.300410274416208267e-02 5.922280624508857727e-02 1.074833199381828308e-01 5.695873405784368515e-03 6.102839484810829163e-02 6.160860508680343628e-02 6.032427772879600525e-02 -1.545999664813280106e-02 9.511698037385940552e-02 8.002510666847229004e-02 3.930461779236793518e-02 3.645674884319305420e-02 3.964257985353469849e-02 1.231338083744049072e-01 7.196648418903350830e-02 1.501027345657348633e-01 7.118288427591323853e-02 1.134415194392204285e-01 4.906337335705757141e-02 3.695992380380630493e-02 5.151552334427833557e-02 2.467888966202735901e-02 6.304294802248477936e-03 4.635757952928543091e-02 2.947668917477130890e-02 1.353116929531097412e-01 7.916086167097091675e-02 2.590611390769481659e-02 4.196090251207351685e-02 5.541797354817390442e-02 1.247390210628509521e-01 4.023337364196777344e-02 1.661687493324279785e-01 1.055371668189764023e-02 3.684275597333908081e-02 4.175789281725883484e-02 4.363485611975193024e-03 1.381809413433074951e-01 4.571962729096412659e-02 7.503027468919754028e-02 4.753587394952774048e-02 9.325834363698959351e-02 -2.770976607280317694e-05 2.882869914174079895e-02 6.948580592870712280e-02 5.996265262365341187e-02 4.154678317718207836e-04 2.183263376355171204e-02 -4.998370260000228882e-02
2.290788479149341583e-02 1.260129809379577637e-01 1.000000000000000000e+00 4.782482981681823730e-02 8.424062281847000122e-02 3.738437965512275696e-02 3.592161461710929871e-02 6.483243405818939209e-02 1.048844233155250549e-01 1.322849243879318237e-01 1.959826424717903137e-02 2.735937945544719696e-03 7.938218116760253906e-02 6.296941637992858887e-02 2.168295159935951233e-02 1.812113635241985321e-02 2.831967920064926147e-02 1.327772140502929688e-01 5.558192729949951172e-02 1.165842264890670776e-01 8.076871931552886963e-02 1.022782698273658752e-01 6.301925331354141235e-02 1.136510446667671204e-02 2.904996089637279510e-02 5.430240184068679810e-02 2.499723248183727264e-02 3.073194995522499084e-02 8.482550084590911865e-02 1.436690241098403931e-01 8.504234999418258667e-02 5.039547011256217957e-02 2.085530757904052734e-02 2.915542013943195343e-02 1.211556717753410339e-01 1.176619529724121094e-01 1.071285456418991089e-01 5.455776676535606384e-02 8.800192736089229584e-03 4.231794923543930054e-02 4.833114147186279297e-02 1.489109694957733154e-01 5.672142282128334045e-02 2.564988471567630768e-02 7.267995178699493408e-02 5.120633542537689209e-02 3.502171114087104797e-02 -1.067943591624498367e-02 5.622354149818420410e-02 6.404659152030944824e-02 1.975304447114467621e-02 3.105985932052135468e-02 -1.085678581148386002e-02
-1.564056845381855965e-03 5.967903509736061096e-02 4.782482981681823730e-02 1.000000000000000000e+00 5.858712643384933472e-02 6.767898052930831909e-02 4.701817408204078674e-02 4.901517182588577271e-02 6.117625907063484192e-02 6.549391150474548340e-02 3.023588098585605621e-02 1.692218706011772156e-02 9.938840754330158234e-03 5.424453690648078918e-02 2.544014528393745422e-02 3.272298350930213928e-02 1.801941730082035065e-02 6.880231946706771851e-02 1.754432916641235352e-02 8.689575642347335815e-02 7.005514949560165405e-02 2.072181180119514465e-02 2.310542576014995575e-02 3.107096254825592041e-02 4.721861332654953003e-03 1.303189247846603394e-02 8.872055448591709137e-03 3.049652650952339172e-02 8.253873139619827271e-02 3.600853681564331055e-02 1.121422555297613144e-02 5.235242843627929688e-02 8.721098303794860840e-03 1.722314581274986267e-02 5.409595742821693420e-02 2.046538982540369034e-03 9.424453973770141602e-02 3.837820142507553101e-02 1.002977974712848663e-02 5.811662971973419189e-02 4.104017838835716248e-02 8.832702296786010265e-04 4.081131145358085632e-02 6.273890286684036255e-02 -1.594524830579757690e-03 6.549777090549468994e-02 3.346223011612892151e-02 6.697522010654211044e-03 1.742847822606563568e-02 5.867192149162292480e-02 6.029919534921646118e-02 2.267476357519626617e-02 1.367443334311246872e-02
-3.771503269672393799e-02 1.300410274416208267e-02 8.424062281847000122e-02 5.858712643384933472e-02 1.000000000000000000e+00 4.247248172760009766e-02 6.703387200832366943e-02 7.272056937217712402e-01 -4.951098468154668808e-03 1.896908506751060486e-02 4.647793248295783997e-02 1.541942916810512543e-02 5.783535074442625046e-03 -9.498740546405315399e-03 -8.856090717017650604e-03 -2.469169907271862030e-03 -3.342069312930107117e-02 8.219324983656406403e-03 -4.948438704013824463e-02 1.981125213205814362e-02 7.470485754311084747e-03 -5.109079182147979736e-02 -5.005342140793800354e-02 3.205762768629938364e-04 -3.563391789793968201e-02 -6.929124239832162857e-03 -4.284437000751495361e-02 -9.851313196122646332e-03 -2.599822357296943665e-03 1.461553480476140976e-02 1.036735624074935913e-02 -7.438275497406721115e-03 -4.618728533387184143e-03 -1.260267384350299835e-02 3.884161636233329773e-02 -3.499561920762062073e-02 -1.112562883645296097e-02 5.747346282005310059e-01 -1.141093950718641281e-02 -7.203754037618637085e-03 5.747346282005310059e-01 -4.924724996089935303e-02 2.038692310452461243e-02 2.862179651856422424e-02 -3.821329399943351746e-02 -1.292673312127590179e-02 -1.602816511876881123e-03 2.851705439388751984e-02 1.285218074917793274e-02 2.316891681402921677e-03 2.412668196484446526e-03 7.535085547715425491e-03 -3.132256492972373962e-02
2.836762182414531708e-02 5.922280624508857727e-02 3.738437965512275696e-02 6.767898052930831909e-02 4.247248172760009766e-02 1.000000000000000000e+00 1.046392247080802917e-01 3.312445431947708130e-02 1.183866336941719055e-02 5.983794108033180237e-02 2.949682623147964478e-02 -1.034932397305965424e-02 3.008985891938209534e-03 6.751464307308197021e-02 1.911836303770542145e-02 2.427610196173191071e-02 -5.287514068186283112e-03 5.841510742902755737e-02 2.376832813024520874e-02 5.703570321202278137e-02 8.817673474550247192e-02 3.343034535646438599e-02 2.388086356222629547e-02 2.990972995758056641e-02 9.667865931987762451e-03 -1.053658500313758850e-02 -9.117385372519493103e-03 6.059927493333816528e-02 4.708345234394073486e-02 1.974781975150108337e-02 2.202269621193408966e-02 4.063737764954566956e-02 -1.121910847723484039e-02 1.742492616176605225e-02 1.488132867962121964e-02 -1.929336140165105462e-04 7.981649786233901978e-02 2.510423399507999420e-02 8.245696313679218292e-03 8.064092695713043213e-02 2.619388885796070099e-02 1.549311820417642593e-02 3.837742283940315247e-02 6.260252743959426880e-02 9.097268804907798767e-03 5.986452102661132812e-02 6.121725216507911682e-02 1.434551645070314407e-02 1.149012595415115356e-01 6.922309100627899170e-02 4.093518480658531189e-02 5.223149061203002930e-02 9.396898560225963593e-03
1.997964829206466675e-02 1.074833199381828308e-01 3.592161461710929871e-02 4.701817408204078674e-02 6.703387200832366943e-02 1.046392247080802917e-01 1.000000000000000000e+00 5.930138751864433289e-02 -6.540225446224212646e-02 -2.309857122600078583e-02 5.424517765641212463e-02 -5.965613946318626404e-02 4.424052312970161438e-02 2.178738452494144440e-02 4.446166381239891052e-02 4.126493632793426514e-02 2.545007877051830292e-02 -8.788323029875755310e-03 1.018594428896903992e-01 6.248074024915695190e-02 5.144190415740013123e-02 5.396719649434089661e-02 3.471932373940944672e-03 3.065968118607997894e-02 3.087491169571876526e-02 1.600854471325874329e-02 -2.191651053726673126e-02 1.827399246394634247e-02 -4.650182649493217468e-02 1.622427813708782196e-02 2.633302472531795502e-02 -1.190522126853466034e-02 1.298781111836433411e-02 4.333452135324478149e-02 2.562138997018337250e-02 -2.582297287881374359e-02 6.468542665243148804e-02 3.990089520812034607e-02 3.845244646072387695e-02 4.495048895478248596e-02 4.705821350216865540e-02 4.156618192791938782e-02 7.729575037956237793e-02 1.077933311462402344e-01 -6.579459179192781448e-03 8.651540428400039673e-02 4.535546153783798218e-02 5.507418885827064514e-02 1.148502305150032043e-01 4.589197784662246704e-02 1.574144139885902405e-02 1.565476320683956146e-02 -2.331327088177204132e-02
-4.187441617250442505e-02 5.695873405784368515e-03 6.483243405818939209e-02 4.901517182588577271e-02 7.272056937217712402e-01 3.312445431947708130e-02 5.930138751864433289e-02 1.000000000000000000e+00 1.510870363563299179e-02 8.867273107171058655e-03 5.008430778980255127e-02 2.572144940495491028e-02 1.026478782296180725e-02 -1.367571204900741577e-02 -1.408170908689498901e-02 -7.837193086743354797e-03 5.165644106455147266e-04 -3.323524026200175285e-03 -4.928883910179138184e-02 2.083954215049743652e-02 3.160961903631687164e-03 -5.002019926905632019e-02 -2.699000947177410126e-02 1.632039900869131088e-03 -2.145461179316043854e-02 -3.301056474447250366e-02 -1.274081785231828690e-02 -1.371998898684978485e-02 4.802279639989137650e-03 3.748215362429618835e-02 4.235278442502021790e-02 -1.138939429074525833e-02 -2.388446033000946045e-02 -2.827212959527969360e-02 4.994263499975204468e-02 -3.995773196220397949e-02 -2.355555444955825806e-02 7.106123566627502441e-01 -9.268155321478843689e-03 -1.814400404691696167e-02 8.324964642524719238e-01 -5.020720511674880981e-02 3.136162832379341125e-02 2.585707046091556549e-02 -3.063371032476425171e-02 -8.133582770824432373e-03 9.291726164519786835e-03 4.129591211676597595e-02 1.396399084478616714e-02 -9.262921594199724495e-06 8.765457198023796082e-03 6.875158287584781647e-03 -6.832848885096609592e-04
1.236124411225318909e-01 6.102839484810829163e-02 1.048844233155250549e-01 6.117625907063484192e-02 -4.951098468154668808e-03 1.183866336941719055e-02 -6.540225446224212646e-02 1.510870363563299179e-02 1.000000000000000000e+00 1.657893508672714233e-01 2.029793709516525269e-02 -2.276835590600967407e-02 -1.377995014190673828e-01 -6.477624177932739258e-02 -1.107362937182188034e-02 2.623731456696987152e-02 -1.045289039611816406e-01 4.828908946365118027e-03 -1.918285340070724487e-02 1.439677625894546509e-01 5.936253443360328674e-02 5.189283937215805054e-02 7.033109664916992188e-02 1.863411441445350647e-02 -6.901655346155166626e-02 -6.656217575073242188e-02 -6.618922203779220581e-02 -2.428218163549900055e-02 4.600657150149345398e-03 1.497984379529953003e-01 8.467329293489456177e-02 5.957891698926687241e-03 -4.741688817739486694e-02 -3.263523429632186890e-02 6.471308320760726929e-02 2.085304819047451019e-02 9.057272225618362427e-02 -3.647909313440322876e-02 1.186265796422958374e-01 4.415531083941459656e-02 -3.647919371724128723e-02 1.603483408689498901e-01 7.538492232561111450e-02 -3.015292808413505554e-03 -1.017876807600259781e-02 3.159384429454803467e-02 6.743339449167251587e-02 4.113972187042236328e-02 8.292929083108901978e-02 1.636707410216331482e-02 3.152286633849143982e-02 3.059463948011398315e-02 1.221694499254226685e-01
-1.709406264126300812e-02 6.160860508680343628e-02 1.322849243879318237e-01 6.549391150474548340e-02 1.896908506751060486e-02 5.983794108033180237e-02 -2.309857122600078583e-02 8.867273107171058655e-03 1.657893508672714233e-01 1.000000000000000000e+00 2.140003070235252380e-02 -5.869072303175926208e-02 -7.362228631973266602e-02 7.320416718721389771e-02 -5.013200640678405762e-02 1.839579641819000244e-02 -8.683772385120391846e-02 2.403717637062072754e-01 -7.342664897441864014e-02 4.861837252974510193e-02 1.187809780240058899e-01 -5.018093809485435486e-02 -6.265051662921905518e-02 -2.839683182537555695e-02 -8.475515991449356079e-02 -1.003059968352317810e-01 -9.839998185634613037e-02 3.534491360187530518e-02 1.731757074594497681e-01 4.953223466873168945e-02 -6.915410608053207397e-02 1.569572389125823975e-01 -7.359066605567932129e-02 1.421861257404088974e-02 2.719535864889621735e-02 -1.185682602226734161e-02 1.430262774229049683e-01 -2.720623277127742767e-02 8.247743546962738037e-02 1.139524504542350769e-01 -2.174843288958072662e-02 3.485672175884246826e-02 2.452935790643095970e-03 2.435865439474582672e-02 -7.156048715114593506e-02 4.492736980319023132e-02 -3.536856546998023987e-02 6.945682317018508911e-02 1.798061653971672058e-03 8.765339106321334839e-02 9.809816256165504456e-03 6.464000046253204346e-02 1.627905294299125671e-02
-5.351199768483638763e-03 6.032427772879600525e-02 1.959826424717903137e-02 3.023588098585605621e-02 4.647793248295783997e-02 2.949682623147964478e-02 5.424517765641212463e-02 5.008430778980255127e-02 2.029793709516525269e-02 2.140003070235252380e-02 1.000000000000000000e+00 7.536390796303749084e-03 5.025383830070495605e-02 2.515593543648719788e-02 -1.321495859883725643e-03 1.113328337669372559e-02 -1.409329753369092941e-02 1.985934795811772346e-03 2.536069229245185852e-02 4.727517068386077881e-02 2.015681751072406769e-02 3.471475094556808472e-02 -1.273603737354278564e-02 2.170263417065143585e-02 -1.392902992665767670e-02 -2.282371371984481812e-02 6.809794344007968903e-03 2.212931215763092041e-02 1.450625434517860413e-02 3.055726550519466400e-02 3.118304908275604248e-02 -2.884390414692461491e-04 5.297454074025154114e-03 -2.251897705718874931e-03 -4.446193575859069824e-03 -2.733728848397731781e-02 2.879315800964832306e-02 3.872894495725631714e-02 9.733659215271472931e-03 3.009105846285820007e-02 4.631177708506584167e-02 6.204552948474884033e-03 1.809050142765045166e-02 4.740307480096817017e-02 -3.122927737422287464e-04 1.713593304157257080e-02 1.542327180504798889e-02 1.603487506508827209e-02 2.876533195376396179e-02 3.412188962101936340e-02 1.348956953734159470e-02 4.680294543504714966e-03 -2.647543326020240784e-02
6.761926412582397461e-02 -1.545999664813280106e-02 2.735937945544719696e-03 1.692218706011772156e-02 1.541942916810512543e-02 -1.034932397305965424e-02 -5.965613946318626404e-02 2.572144940495491028e-02 -2.276835590600967407e-02 -5.869072303175926208e-02 7.536390796303749084e-03 1.000000000000000000e+00 2.159896939992904663e-01 1.498130261898040771e-01 7.460045814514160156e-02 1.782761537469923496e-03 1.519421041011810303e-01 5.595183372497558594e-02 1.557956635951995850e-01 5.735405907034873962e-02 -7.200319785624742508e-03 1.011892557144165039e-01 1.239111348986625671e-01 3.168351203203201294e-02 1.236532852053642273e-01 2.509833574295043945e-01 2.760893702507019043e-01 5.637077242136001587e-02 1.621519625186920166e-01 1.042911559343338013e-01 1.244663447141647339e-01 1.195873413234949112e-02 9.157827496528625488e-02 2.238519862294197083e-02 4.322572797536849976e-02 1.964439898729324341e-01 4.255437478423118591e-02 3.968906402587890625e-02 -2.126810699701309204e-02 -2.083208411931991577e-03 -1.337244454771280289e-02 3.227812796831130981e-02 9.007417596876621246e-03 1.130273845046758652e-02 2.478099018335342407e-01 -4.603383596986532211e-03 4.149214923381805420e-02 1.686188019812107086e-02 -1.761630363762378693e-02 1.694938167929649353e-02 -1.151947211474180222e-02 1.255368255078792572e-02 8.899064362049102783e-02
-2.585017587989568710e-03 9.511698037385940552e-02 7.938218116760253906e-02 9.938840754330158234e-03 5.783535074442625046e-03 3.008985891938209534e-03 4.424052312970161438e-02 1.026478782296180725e-02 -1.377995014190673828e-01 -7.362228631973266602e-02 5.025383830070495605e-02 2.159896939992904663e-01 1.000000000000000000e+00 2.342746257781982422e-01 1.896606832742691040e-01 3.486422821879386902e-02 2.917206883430480957e-01 1.360124051570892334e-01 2.731929719448089600e-01 1.226854920387268066e-01 3.320061787962913513e-02 2.402930557727813721e-01 1.759914904832839966e-01 8.409283310174942017e-02 2.307554185390472412e-01 3.935635983943939209e-01 2.742646634578704834e-01 8.993235230445861816e-02 1.431718319654464722e-01 1.535935550928115845e-01 1.800173074007034302e-01 2.598995342850685120e-02 8.173251897096633911e-02 6.873226910829544067e-02 1.059076860547065735e-01 2.736108601093292236e-01 6.631793081760406494e-02 6.702652201056480408e-03 2.788083255290985107e-02 1.372205372899770737e-02 6.702652201056480408e-03 1.311138272285461426e-01 2.610697597265243530e-02 3.042660467326641083e-02 2.350151687860488892e-01 6.687066704034805298e-02 2.831192873418331146e-02 -2.152503281831741333e-02 6.044898554682731628e-02 2.399914152920246124e-02 -2.721490163821727037e-04 1.218477636575698853e-02 -1.750935800373554230e-02
6.565462797880172729e-02 8.002510666847229004e-02 6.296941637992858887e-02 5.424453690648078918e-02 -9.498740546405315399e-03 6.751464307308197021e-02 2.178738452494144440e-02 -1.367571204900741577e-02 -6.477624177932739258e-02 7.320416718721389771e-02 2.515593543648719788e-02 1.498130261898040771e-01 2.342746257781982422e-01 1.000000000000000000e+00 1.243562549352645874e-01 5.557769164443016052e-02 2.352267503738403320e-01 2.810494303703308105e-01 1.380343139171600342e-01 1.266816705465316772e-01 1.754479110240936279e-01 1.171736866235733032e-01 1.919661015272140503e-01 7.524746656417846680e-02 1.814887374639511108e-01 2.519429624080657959e-01 2.265300005674362183e-01 2.098378241062164307e-01 3.430219590663909912e-01 8.708728849887847900e-02 9.114054590463638306e-02 1.273100823163986206e-01 3.188610076904296875e-02 2.077339217066764832e-02 1.296046562492847443e-02 2.033160328865051270e-01 1.187918707728385925e-01 -2.151030860841274261e-02 3.177843615412712097e-02 9.487584978342056274e-02 -2.151031047105789185e-02 6.157470121979713440e-02 1.938586495816707611e-02 3.746475651860237122e-02 1.027020737528800964e-01 6.977262347936630249e-02 1.030208691954612732e-01 1.520586758852005005e-02 1.557243801653385162e-02 1.286690831184387207e-01 2.830047160387039185e-02 5.216935276985168457e-02 3.671556478366255760e-04
4.615156725049018860e-02 3.930461779236793518e-02 2.168295159935951233e-02 2.544014528393745422e-02 -8.856090717017650604e-03 1.911836303770542145e-02 4.446166381239891052e-02 -1.408170908689498901e-02 -1.107362937182188034e-02 -5.013200640678405762e-02 -1.321495859883725643e-03 7.460045814514160156e-02 1.896606832742691040e-01 1.243562549352645874e-01 1.000000000000000000e+00 5.994521081447601318e-02 1.513140052556991577e-01 1.084483880549669266e-02 1.440394073724746704e-01 9.488204866647720337e-02 6.581167131662368774e-02 1.700727939605712891e-01 1.074272468686103821e-01 1.095231026411056519e-01 1.410251408815383911e-01 2.112945467233657837e-01 1.444409936666488647e-01 6.158917024731636047e-02 5.550926551222801208e-02 4.895322769880294800e-02 1.138084679841995239e-01 1.083608716726303101e-02 8.093008399009704590e-02 1.482377573847770691e-02 4.589888826012611389e-02 1.599175631999969482e-01 4.018069431185722351e-02 -6.155701121315360069e-04 4.982895404100418091e-02 4.280154779553413391e-02 -6.232335581444203854e-04 8.225055038928985596e-02 4.109382629394531250e-02 3.570890799164772034e-02 1.110851243138313293e-01 5.666150525212287903e-02 9.585577994585037231e-02 2.465121820569038391e-02 6.086090952157974243e-02 2.826970070600509644e-02 3.142395615577697754e-02 1.922654174268245697e-02 2.644225023686885834e-02
6.987589877098798752e-03 3.645674884319305420e-02 1.812113635241985321e-02 3.272298350930213928e-02 -2.469169907271862030e-03 2.427610196173191071e-02 4.126493632793426514e-02 -7.837193086743354797e-03 2.623731456696987152e-02 1.839579641819000244e-02 1.113328337669372559e-02 1.782761537469923496e-03 3.486422821879386902e-02 5.557769164443016052e-02 5.994521081447601318e-02 1.000000000000000000e+00 1.086371392011642456e-01 5.691669881343841553e-02 4.681380465626716614e-02 5.818768590688705444e-02 5.644712969660758972e-02 4.583552852272987366e-02 5.270579084753990173e-02 3.658478707075119019e-02 2.039764635264873505e-02 4.035122320055961609e-02 1.062437240034341812e-02 3.281079605221748352e-02 2.822316996753215790e-02 1.363730616867542267e-02 2.169585414230823517e-02 3.199229389429092407e-02 -2.264061942696571350e-02 8.597037754952907562e-03 2.827546373009681702e-02 4.239837080240249634e-02 3.294610604643821716e-02 -6.834102794528007507e-03 3.168262541294097900e-02 2.800491824746131897e-02 -8.202854078263044357e-04 6.506368517875671387e-03 2.231373637914657593e-02 2.777813561260700226e-02 -1.970007829368114471e-02 2.719634957611560822e-02 2.741005644202232361e-02 2.401856938377022743e-03 2.728353068232536316e-02 2.314627729356288910e-02 2.078194543719291687e-02 1.017459854483604431e-02 -9.219138883054256439e-03
1.269173473119735718e-01 3.964257985353469849e-02 2.831967920064926147e-02 1.801941730082035065e-02 -3.342069312930107117e-02 -5.287514068186283112e-03 2.545007877051830292e-02 5.165644106455147266e-04 -1.045289039611816406e-01 -8.683772385120391846e-02 -1.409329753369092941e-02 1.519421041011810303e-01 2.917206883430480957e-01 2.352267503738403320e-01 1.513140052556991577e-01 1.086371392011642456e-01 1.000000000000000000e+00 3.103468716144561768e-01 3.663339316844940186e-01 1.658379286527633667e-01 7.755922526121139526e-02 3.083727657794952393e-01 3.302839994430541992e-01 1.657435297966003418e-01 3.567250669002532959e-01 4.687201976776123047e-01 4.319400191307067871e-01 4.072523117065429688e-02 5.298089236021041870e-02 9.460937976837158203e-02 2.108020037412643433e-01 3.846898302435874939e-02 2.333019226789474487e-01 4.651728272438049316e-02 9.236672520637512207e-02 3.876198828220367432e-01 5.929493159055709839e-02 -2.281274273991584778e-02 -1.641673222184181213e-02 2.056339755654335022e-02 1.019035931676626205e-02 1.464120149612426758e-01 2.524111606180667877e-02 3.018472902476787567e-02 1.580735743045806885e-01 3.387572243809700012e-02 1.036767512559890747e-01 -3.689593449234962463e-02 4.977593198418617249e-02 7.543112151324748993e-03 4.708174616098403931e-02 4.855421558022499084e-02 1.652632653713226318e-02
2.519278042018413544e-02 1.231338083744049072e-01 1.327772140502929688e-01 6.880231946706771851e-02 8.219324983656406403e-03 5.841510742902755737e-02 -8.788323029875755310e-03 -3.323524026200175285e-03 4.828908946365118027e-03 2.403717637062072754e-01 1.985934795811772346e-03 5.595183372497558594e-02 1.360124051570892334e-01 2.810494303703308105e-01 1.084483880549669266e-02 5.691669881343841553e-02 3.103468716144561768e-01 1.000000000000000000e+00 6.929154694080352783e-02 2.118209302425384521e-01 2.209653258323669434e-01 5.692813172936439514e-02 1.188225895166397095e-01 4.067450016736984253e-02 1.309928148984909058e-01 1.427958756685256958e-01 5.661359801888465881e-02 6.191997602581977844e-02 3.600395917892456055e-01 1.274244040250778198e-01 4.326076246798038483e-03 1.908061057329177856e-01 7.928722351789474487e-02 6.378078460693359375e-02 1.482035517692565918e-01 3.041175603866577148e-01 1.955280601978302002e-01 -2.944198064506053925e-02 -4.257364943623542786e-02 6.194639950990676880e-02 -3.137028589844703674e-02 1.417120248079299927e-01 3.676917776465415955e-02 7.381444796919822693e-03 3.113497793674468994e-02 6.088684499263763428e-02 -2.786176837980747223e-02 1.400373503565788269e-02 -1.450196374207735062e-02 9.227310121059417725e-02 -2.969051245599985123e-03 1.178078632801771164e-02 -9.280149638652801514e-02
9.184098988771438599e-02 7.196648418903350830e-02 5.558192729949951172e-02 1.754432916641235352e-02 -4.948438704013824463e-02 2.376832813024520874e-02 1.018594428896903992e-01 -4.928883910179138184e-02 -1.918285340070724487e-02 -7.342664897441864014e-02 2.536069229245185852e-02 1.557956635951995850e-01 2.731929719448089600e-01 1.380343139171600342e-01 1.440394073724746704e-01 4.681380465626716614e-02 3.663339316844940186e-01 6.929154694080352783e-02 1.000000000000000000e+00 3.014688789844512939e-01 1.669801473617553711e-01 4.331853389739990234e-01 2.440924495458602905e-01 2.370755672454833984e-01 3.272093534469604492e-01 3.217981159687042236e-01 3.147397041320800781e-01 5.993121489882469177e-02 2.794920094311237335e-02 1.350666433572769165e-01 2.262677401304244995e-01 9.027743712067604065e-03 1.775361597537994385e-01 7.427254319190979004e-02 1.106701269745826721e-01 2.382948845624923706e-01 1.006098240613937378e-01 -4.137424379587173462e-02 3.257566690444946289e-02 5.327770486474037170e-02 -4.137424379587173462e-02 2.016984671354293823e-01 6.321229785680770874e-02 1.161752343177795410e-01 2.370542585849761963e-01 8.051011711359024048e-02 1.506489366292953491e-01 1.122858077287673950e-01 1.559083908796310425e-01 5.711789429187774658e-02 3.004346042871475220e-02 3.771694749593734741e-02 5.264721065759658813e-02
7.505168020725250244e-02 1.501027345657348633e-01 1.165842264890670776e-01 8.689575642347335815e-02 1.981125213205814362e-02 5.703570321202278137e-02 6.248074024915695190e-02 2.083954215049743652e-02 1.439677625894546509e-01 4.861837252974510193e-02 4.727517068386077881e-02 5.735405907034873962e-02 1.226854920387268066e-01 1.266816705465316772e-01 9.488204866647720337e-02 5.818768590688705444e-02 1.658379286527633667e-01 2.118209302425384521e-01 3.014688789844512939e-01 1.000000000000000000e+00 2.674493491649627686e-01 3.162667155265808105e-01 2.295462936162948608e-01 1.865208297967910767e-01 1.724932342767715454e-01 1.719750761985778809e-01 1.592787206172943115e-01 7.137812674045562744e-02 1.100135818123817444e-01 1.362325102090835571e-01 1.599649935960769653e-01 4.003084450960159302e-02 5.181569978594779968e-02 2.886071242392063141e-02 1.376225799322128296e-01 1.964969038963317871e-01 1.755776852369308472e-01 2.132606878876686096e-02 2.561064064502716064e-02 8.288815617561340332e-02 2.132606320083141327e-02 1.940074265003204346e-01 7.860528677701950073e-02 6.858074665069580078e-02 1.258357018232345581e-01 8.339513093233108521e-02 9.112385660409927368e-02 3.700740262866020203e-02 1.077078580856323242e-01 8.018603920936584473e-02 3.486060351133346558e-02 2.289348095655441284e-02 -7.321430835872888565e-03
2.517875656485557556e-02 7.118288427591323853e-02 8.076871931552886963e-02 7.005514949560165405e-02 7.470485754311084747e-03 8.817673474550247192e-02 5.144190415740013123e-02 3.160961903631687164e-03 5.936253443360328674e-02 1.187809780240058899e-01 2.015681751072406769e-02 -7.200319785624742508e-03 3.320061787962913513e-02 1.754479110240936279e-01 6.581167131662368774e-02 5.644712969660758972e-02 7.755922526121139526e-02 2.209653258323669434e-01 1.669801473617553711e-01 2.674493491649627686e-01 1.000000000000000000e+00 2.164274454116821289e-01 1.642608344554901123e-01 1.377006620168685913e-01 9.966447204351425171e-02 9.541520476341247559e-02 6.574833393096923828e-02 9.967177361249923706e-02 1.383102536201477051e-01 6.271106004714965820e-02 5.923420563340187073e-02 9.438181668519973755e-02 5.882234312593936920e-03 2.341307699680328369e-02 4.109309613704681396e-02 1.138182878494262695e-01 1.150400638580322266e-01 3.336072433739900589e-03 5.346938967704772949e-03 1.148594766855239868e-01 1.391241210512816906e-03 5.929998680949211121e-02 5.648444220423698425e-02 9.196805208921432495e-02 4.786638543009757996e-02 6.276247650384902954e-02 1.458330601453781128e-01 3.317659348249435425e-02 5.737903714179992676e-02 1.067263036966323853e-01 5.408681556582450867e-02 3.578241169452667236e-02 1.849243789911270142e-02
1.074652746319770813e-01 1.134415194392204285e-01 1.022782698273658752e-01 2.072181180119514465e-02 -5.109079182147979736e-02 3.343034535646438599e-02 5.396719649434089661e-02 -5.002019926905632019e-02 5.189283937215805054e-02 -5.018093809485435486e-02 3.471475094556808472e-02 1.011892557144165039e-01 2.402930557727813721e-01 1.171736866235733032e-01 1.700727939605712891e-01 4.583552852272987366e-02 3.083727657794952393e-01 5.692813172936439514e-02 4.331853389739990234e-01 3.162667155265808105e-01 2.164274454116821289e-01 1.000000000000000000e+00 2.479934990406036377e-01 2.214793711900711060e-01 2.479718625545501709e-01 3.064139783382415771e-01 3.510500490665435791e-01 1.008455306291580200e-01 3.001234680414199829e-02 1.200922504067420959e-01 2.636345624923706055e-01 2.519519440829753876e-02 1.405225247144699097e-01 5.498757585883140564e-02 1.691335588693618774e-01 3.092397749423980713e-01 8.107624948024749756e-02 -4.303208366036415100e-02 -1.713261194527149200e-02 7.585668563842773438e-02 -4.303207993507385254e-02 2.370342165231704712e-01 1.551807522773742676e-01 9.019627422094345093e-02 2.899042665958404541e-01 6.316322833299636841e-02 2.408598959445953369e-01 4.143165051937103271e-02 1.722147315740585327e-01 5.608262866735458374e-02 3.710135444998741150e-02 2.365729957818984985e-02 6.772873550653457642e-02
9.429515153169631958e-02 4.906337335705757141e-02 6.301925331354141235e-02 2.310542576014995575e-02 -5.005342140793800354e-02 2.388086356222629547e-02 3.471932373940944672e-03 -2.699000947177410126e-02 7.033109664916992188e-02 -6.265051662921905518e-02 -1.273603737354278564e-02 1.239111348986625671e-01 1.759914904832839966e-01 1.919661015272140503e-01 1.074272468686103821e-01 5.270579084753990173e-02 3.302839994430541992e-01 1.188225895166397095e-01 2.440924495458602905e-01 2.295462936162948608e-01 1.642608344554901123e-01 2.479934990406036377e-01 1.000000000000000000e+00 1.596836894750595093e-01 2.497874796390533447e-01 2.903399467468261719e-01 2.644756436347961426e-01 5.942260473966598511e-02 1.045695766806602478e-01 1.373152285814285278e-01 1.782084107398986816e-01 6.044423207640647888e-02 8.743233978748321533e-02 -1.096838898956775665e-02 4.717960581183433533e-02 2.623409628868103027e-01 8.306787908077239990e-02 -2.750648185610771179e-02 -2.463958784937858582e-02 2.926903404295444489e-02 -1.552761346101760864e-02 1.186672225594520569e-01 4.494291916489601135e-02 6.570214033126831055e-02 1.347246021032333374e-01 6.081416457891464233e-02 6.350915879011154175e-02 -1.181710232049226761e-02 2.532398514449596405e-02 2.338007278740406036e-02 4.264992475509643555e-02 2.473122812807559967e-02 9.675277979113161564e-04
5.783342942595481873e-02 3.695992380380630493e-02 1.136510446667671204e-02 3.107096254825592041e-02 3.205762768629938364e-04 2.990972995758056641e-02 3.065968118607997894e-02 1.632039900869131088e-03 1.863411441445350647e-02 -2.839683182537555695e-02 2.170263417065143585e-02 3.168351203203201294e-02 8.409283310174942017e-02 7.524746656417846680e-02 1.095231026411056519e-01 3.658478707075119019e-02 1.657435297966003418e-01 4.067450016736984253e-02 2.370755672454833984e-01 1.865208297967910767e-01 1.377006620168685913e-01 2.214793711900711060e-01 1.596836894750595093e-01 1.000000000000000000e+00 1.814163774251937866e-01 1.901311725378036499e-01 1.636049598455429077e-01 6.378065049648284912e-02 2.727850712835788727e-02 4.907913878560066223e-02 1.228782236576080322e-01 3.555634245276451111e-02 5.230655521154403687e-02 1.512456126511096954e-02 2.148055657744407654e-02 1.272979080677032471e-01 3.855638951063156128e-02 1.007371582090854645e-02 1.675101555883884430e-02 4.805002361536026001e-02 1.007371395826339722e-02 7.581237703561782837e-02 4.657443240284919739e-02 6.806208193302154541e-02 9.883370995521545410e-02 3.254644572734832764e-02 8.922984451055526733e-02 3.136694803833961487e-02 4.081599786877632141e-02 2.769693173468112946e-02 2.562768943607807159e-02 2.714275382459163666e-02 3.435823321342468262e-02
9.984962642192840576e-02 5.151552334427833557e-02 2.904996089637279510e-02 4.721861332654953003e-03 -3.563391789793968201e-02 9.667865931987762451e-03 3.087491169571876526e-02 -2.145461179316043854e-02 -6.901655346155166626e-02 -8.475515991449356079e-02 -1.392902992665767670e-02 1.236532852053642273e-01 2.307554185390472412e-01 1.814887374639511108e-01 1.410251408815383911e-01 2.039764635264873505e-02 3.567250669002532959e-01 1.309928148984909058e-01 3.272093534469604492e-01 1.724932342767715454e-01 9.966447204351425171e-02 2.479718625545501709e-01 2.497874796390533447e-01 1.814163774251937866e-01 1.000000000000000000e+00 3.298636376857757568e-01 2.903100848197937012e-01 6.226319447159767151e-02 7.955448329448699951e-02 1.104702949523925781e-01 1.594474911689758301e-01 7.064312696456909180e-03 1.430816948413848877e-01 4.216822609305381775e-02 3.998910263180732727e-02 2.616478204727172852e-01 6.104879826307296753e-02 -3.686923161149024963e-02 2.284864895045757294e-03 1.094586867839097977e-02 -3.686923906207084656e-02 1.204921305179595947e-01 2.370348013937473297e-02 3.610449284315109253e-02 1.549489200115203857e-01 5.716245621442794800e-02 6.548968702554702759e-02 1.170897111296653748e-02 4.689925536513328552e-02 1.794067770242691040e-02 2.712970599532127380e-02 1.434100139886140823e-02 5.519283004105091095e-03
5.935721471905708313e-02 2.467888966202735901e-02 5.430240184068679810e-02 1.303189247846603394e-02 -6.929124239832162857e-03 -1.053658500313758850e-02 1.600854471325874329e-02 -3.301056474447250366e-02 -6.656217575073242188e-02 -1.003059968352317810e-01 -2.282371371984481812e-02 2.509833574295043945e-01 3.935635983943939209e-01 2.519429624080657959e-01 2.112945467233657837e-01 4.035122320055961609e-02 4.687201976776123047e-01 1.427958756685256958e-01 3.217981159687042236e-01 1.719750761985778809e-01 9.541520476341247559e-02 3.064139783382415771e-01 2.903399467468261719e-01 1.901311725378036499e-01 3.298636376857757568e-01 1.000000000000000000e+00 4.160565435886383057e-01 7.230766862630844116e-02 1.622864156961441040e-01 1.029301211237907410e-01 2.347632497549057007e-01 4.402941837906837463e-02 2.049762457609176636e-01 5.051424354314804077e-02 1.012521833181381226e-01 4.308764934539794922e-01 6.618742644786834717e-02 -2.424352103844285011e-03 3.157029161229729652e-03 2.077192254364490509e-02 -2.799391560256481171e-02 1.877260059118270874e-01 3.261204436421394348e-02 2.806724607944488525e-02 2.161193639039993286e-01 2.461403980851173401e-02 7.781144976615905762e-02 1.589957065880298615e-02 1.862176693975925446e-02 -4.540790396276861429e-04 3.170031681656837463e-02 6.994782388210296631e-02 8.673837035894393921e-02
8.643023669719696045e-02 6.304294802248477936e-03 2.499723248183727264e-02 8.872055448591709137e-03 -4.284437000751495361e-02 -9.117385372519493103e-03 -2.191651053726673126e-02 -1.274081785231828690e-02 -6.618922203779220581e-02 -9.839998185634613037e-02 6.809794344007968903e-03 2.760893702507019043e-01 2.742646634578704834e-01 2.265300005674362183e-01 1.444409936666488647e-01 1.062437240034341812e-02 4.319400191307067871e-01 5.661359801888465881e-02 3.147397041320800781e-01 1.592787206172943115e-01 6.574833393096923828e-02 3.510500490665435791e-01 2.644756436347961426e-01 1.636049598455429077e-01 2.903100848197937012e-01 4.160565435886383057e-01 1.000000000000000000e+00 1.175595298409461975e-01 1.444789469242095947e-01 1.234650015830993652e-01 2.386112809181213379e-01 -8.782324381172657013e-03 1.124208420515060425e-01 4.011233150959014893e-02 3.040005266666412354e-02 3.426297008991241455e-01 4.752245917916297913e-02 -2.832931093871593475e-02 3.609019145369529724e-02 2.582988701760768890e-02 -2.241865266114473343e-03 1.717374771833419800e-01 7.745330035686492920e-02 2.957559190690517426e-02 3.256045579910278320e-01 1.897411793470382690e-02 9.536210447549819946e-02 -3.112653270363807678e-02 9.112337604165077209e-03 2.954855188727378845e-02 1.852174289524555206e-02 1.807832904160022736e-02 4.606290906667709351e-02
2.181324362754821777e-02 4.635757952928543091e-02 3.073194995522499084e-02 3.049652650952339172e-02 -9.851313196122646332e-03 6.059927493333816528e-02 1.827399246394634247e-02 -1.371998898684978485e-02 -2.428218163549900055e-02 3.534491360187530518e-02 2.212931215763092041e-02 5.637077242136001587e-02 8.993235230445861816e-02 2.098378241062164307e-01 6.158917024731636047e-02 3.281079605221748352e-02 4.072523117065429688e-02 6.191997602581977844e-02 5.993121489882469177e-02 7.137812674045562744e-02 9.967177361249923706e-02 1.008455306291580200e-01 5.942260473966598511e-02 6.378065049648284912e-02 6.226319447159767151e-02 7.230766862630844116e-02 1.175595298409461975e-01 1.000000000000000000e+00 1.412485390901565552e-01 6.132548674941062927e-02 1.219329535961151123e-01 5.316680669784545898e-02 4.275491461157798767e-03 2.294603921473026276e-02 9.603738784790039062e-03 6.610101461410522461e-02 6.268115341663360596e-02 -1.851667650043964386e-02 4.285360220819711685e-03 4.743836447596549988e-02 -1.851667091250419617e-02 3.343943133950233459e-02 3.780161216855049133e-02 2.671782672405242920e-02 5.975144729018211365e-02 2.210807614028453827e-02 8.143729716539382935e-02 7.904014550149440765e-03 1.619515568017959595e-02 7.929898053407669067e-02 3.271365538239479065e-02 2.193218469619750977e-02 -1.521919853985309601e-02
-1.908231526613235474e-02 2.947668917477130890e-02 8.482550084590911865e-02 8.253873139619827271e-02 -2.599822357296943665e-03 4.708345234394073486e-02 -4.650182649493217468e-02 4.802279639989137650e-03 4.600657150149345398e-03 1.731757074594497681e-01 1.450625434517860413e-02 1.621519625186920166e-01 1.431718319654464722e-01 3.430219590663909912e-01 5.550926551222801208e-02 2.822316996753215790e-02 5.298089236021041870e-02 3.600395917892456055e-01 2.794920094311237335e-02 1.100135818123817444e-01 1.383102536201477051e-01 3.001234680414199829e-02 1.045695766806602478e-01 2.727850712835788727e-02 7.955448329448699951e-02 1.622864156961441040e-01 1.444789469242095947e-01 1.412485390901565552e-01 1.000000000000000000e+00 1.086466535925865173e-01 3.902212902903556824e-02 3.251815140247344971e-01 -6.930622621439397335e-04 1.670003123581409454e-02 4.662388935685157776e-02 1.775733828544616699e-01 1.456295251846313477e-01 -1.950031146407127380e-02 -3.827301040291786194e-02 1.215043812990188599e-01 -1.125258207321166992e-02 3.636737912893295288e-02 3.608373925089836121e-02 1.332650985568761826e-02 1.306042224168777466e-01 1.464106701314449310e-02 3.417512774467468262e-02 2.527466975152492523e-02 -2.622339129447937012e-02 1.214768141508102417e-01 1.314173080027103424e-02 1.482578366994857788e-02 3.507465225993655622e-05
