1.000000000000000000e+00 2.441423833370208740e-01 1.326324343681335449e-01 1.961471885442733765e-01 2.033017426729202271e-01 4.770878702402114868e-02 1.647488959133625031e-02 3.483319282531738281e-02 1.200674995779991150e-01 3.068508207798004150e-01 2.201378718018531799e-02 9.213355928659439087e-02 6.043487042188644409e-02 1.126489937305450439e-01 3.090940415859222412e-02 2.369013130664825439e-01 6.557504832744598389e-02 8.880378305912017822e-02 6.808754056692123413e-02 1.812209039926528931e-01 2.685476243495941162e-01 7.752360403537750244e-02 5.955610796809196472e-02 2.808485031127929688e-01 1.005807071924209595e-01 1.949402838945388794e-01 3.042547702789306641e-01 1.056255474686622620e-01 2.779076695442199707e-01 2.132736891508102417e-01 1.814541816711425781e-01 4.114712029695510864e-02 1.390476971864700317e-01 9.307280927896499634e-02 3.716165944933891296e-02 1.198946498334407806e-02 8.100028336048126221e-02 9.898777306079864502e-02 -3.832997009158134460e-02 1.384989023208618164e-01 1.095338985323905945e-01 3.594609722495079041e-02 3.766516968607902527e-02 2.428044974803924561e-01 1.058142706751823425e-01 4.945222660899162292e-02 1.422508358955383301e-01 2.537384331226348877e-01 1.428921590559184551e-03 -2.084255963563919067e-02 6.873931735754013062e-02 3.109006956219673157e-02 2.227093279361724854e-02 -1.273714588023722172e-03 1.088551133871078491e-01 7.716710865497589111e-02 4.075454175472259521e-02 1.224233284592628479e-01 1.374773234128952026e-01 9.262651205062866211e-02 1.594625711441040039e-01 7.306506484746932983e-02 9.942128509283065796e-02 3.997757658362388611e-02 9.254920482635498047e-02 1.852685958147048950e-01 3.869813680648803711e-02 3.488523960113525391e-01
2.441423833370208740e-01 1.000000000000000000e+00 1.674886941909790039e-01 2.157993316650390625e-01 9.703564643859863281e-02 1.785789877176284790e-01 1.856265030801296234e-02 4.809281975030899048e-02 1.163346618413925171e-01 1.585170626640319824e-01 9.934031218290328979e-02 7.107279449701309204e-02 1.592420041561126709e-01 5.323152616620063782e-02 2.398806810379028320e-02 1.904893666505813599e-01 6.146967038512229919e-02 2.158903628587722778e-01 5.780316144227981567e-02 2.096823006868362427e-01 6.678888946771621704e-02 4.543912597000598907e-03 2.212947793304920197e-02 1.451158672571182251e-01 9.909538924694061279e-02 1.646153330802917480e-01 1.765548288822174072e-01 2.135065048933029175e-01 2.213048487901687622e-01 1.935300976037979126e-01 1.025027185678482056e-01 1.484667062759399414e-01 8.013135939836502075e-02 2.547140792012214661e-02 1.268508881330490112e-01 9.031777270138263702e-03 8.599500358104705811e-02 2.054817229509353638e-01 2.925043553113937378e-02 1.322599798440933228e-01 4.649581015110015869e-02 1.043635513633489609e-02 1.362955123186111450e-01 1.787724047899246216e-01 1.531775444746017456e-01 8.533263206481933594e-02 8.813097327947616577e-02 4.493755102157592773e-01 6.927859038114547729e-03 2.380251698195934296e-02 1.900803595781326294e-01 1.159246265888214111e-01 1.377330534160137177e-02 2.058468200266361237e-02 6.810409575700759888e-02 5.489731207489967346e-02 1.687990687787532806e-02 1.171388328075408936e-01 1.664283871650695801e-01 6.089245155453681946e-02 1.074403375387191772e-01 1.592151969671249390e-01 1.143326982855796814e-01 3.878237307071685791e-02 9.197936207056045532e-02 8.650813251733779907e-02 3.868941590189933777e-02 1.313899606466293335e-01
1.326324343681335449e-01 1.674886941909790039e-01 1.000000000000000000e+00 1.776654124259948730e-01 1.394418329000473022e-01 7.711678743362426758e-02 4.534424841403961182e-02 2.241977117955684662e-02 9.900147467851638794e-02 2.092751264572143555e-01 1.756852865219116211e-02 2.182886563241481781e-02 1.108825020492076874e-02 9.003618359565734863e-02 2.664006687700748444e-02 1.684453636407852173e-01 -5.792197957634925842e-02 9.495966136455535889e-02 3.385092690587043762e-02 1.474702358245849609e-01 1.534338146448135376e-01 4.788176342844963074e-02 3.930565714836120605e-02 2.158490866422653198e-01 -3.784307278692722321e-03 1.815337985754013062e-01 2.388202697038650513e-01 -1.576641015708446503e-02 2.592969536781311035e-01 1.494870334863662720e-01 1.669584959745407104e-01 4.988687112927436829e-02 6.673606485128402710e-02 7.804563641548156738e-02 5.919791758060455322e-02 5.347646772861480713e-03 3.145375102758407593e-02 8.809627592563629150e-02 1.630842313170433044e-02 4.340460896492004395e-02 6.863197684288024902e-02 1.490176096558570862e-02 -1.405456196516752243e-02 1.243752688169479370e-01 1.866336613893508911e-01 2.604848472401499748e-03 7.440310716629028320e-02 6.512224674224853516e-02 1.509835012257099152e-02 -1.485911197960376740e-02 8.963166922330856323e-02 5.455562099814414978e-02 7.896486669778823853e-03 -4.582826979458332062e-03 1.044953688979148865e-01 1.631845370866358280e-03 5.183779448270797729e-02 7.122474908828735352e-02 1.602929234504699707e-01 1.127230823040008545e-01 9.122017771005630493e-02 9.783624857664108276e-02 4.712727293372154236e-02 -6.652652751654386520e-03 1.232113167643547058e-01 6.423622369766235352e-02 6.272903829813003540e-02 2.182049453258514404e-01
1.961471885442733765e-01 2.157993316650390625e-01 1.776654124259948730e-01 1.000000000000000000e+00 1.183575764298439026e-01 8.681752532720565796e-02 4.997790977358818054e-02 2.826819568872451782e-02 1.299409419298171997e-01 2.889891266822814941e-01 7.590968161821365356e-03 4.329014196991920471e-02 1.678150296211242676e-01 7.471335679292678833e-02 2.401985693722963333e-03 1.905949711799621582e-01 2.572356536984443665e-02 1.280737817287445068e-01 4.600717127323150635e-02 1.891272962093353271e-01 1.325235664844512939e-01 8.864277601242065430e-02 4.580344632267951965e-02 1.898295730352401733e-01 1.217062249779701233e-01 6.888900697231292725e-02 2.455011159181594849e-01 2.511311508715152740e-02 1.655171662569046021e-01 7.048925012350082397e-02 2.937132716178894043e-01 4.557124897837638855e-02 4.908945783972740173e-02 1.280632168054580688e-01 7.774062454700469971e-02 2.695332746952772141e-03 9.032656252384185791e-02 1.561436504125595093e-01 -9.948472725227475166e-04 4.456586018204689026e-02 5.126178637146949768e-02 6.707089394330978394e-02 4.356747865676879883e-02 1.687606126070022583e-01 8.246662467718124390e-02 3.402323648333549500e-02 7.767887413501739502e-02 1.199027970433235168e-01 -5.434178747236728668e-03 2.630698494613170624e-02 2.413091212511062622e-01 2.245209924876689911e-02 2.573504811152815819e-03 3.969670739024877548e-03 2.034811079502105713e-01 4.407235980033874512e-02 6.398017704486846924e-02 1.120085790753364563e-01 1.440405696630477905e-01 6.074316427111625671e-02 1.921562999486923218e-01 1.040155440568923950e-01 9.714783728122711182e-02 1.355187268927693367e-03 7.699465751647949219e-02 1.634147465229034424e-01 5.696190521121025085e-02 2.238353341817855835e-01
2.033017426729202271e-01 9.703564643859863281e-02 1.394418329000473022e-01 1.183575764298439026e-01 1.000000000000000000e+00 2.795652113854885101e-02 4.692167788743972778e-02 3.416373953223228455e-02 1.080300584435462952e-01 2.065002024173736572e-01 3.085342049598693848e-02 6.791552156209945679e-02 1.486957445740699768e-02 7.104411721229553223e-02 5.786199867725372314e-02 1.372742950916290283e-01 -2.444843761622905731e-02 3.764623031020164490e-02 7.333399355411529541e-02 1.169664263725280762e-01 9.069728851318359375e-02 6.330093741416931152e-02 5.059967935085296631e-02 1.214710474014282227e-01 3.887519240379333496e-02 1.017099469900131226e-01 1.778897494077682495e-01 4.532261565327644348e-02 1.631041169166564941e-01 1.187056899070739746e-01 9.331983327865600586e-02 2.340812794864177704e-02 1.104371324181556702e-01 6.425736844539642334e-02 1.858066394925117493e-02 3.978230804204940796e-02 5.771654099225997925e-02 3.371163457632064819e-02 -2.054335735738277435e-02 7.886807620525360107e-02 1.366981267929077148e-01 1.923661679029464722e-02 6.450955290347337723e-03 1.449600756168365479e-01 1.056360527873039246e-01 3.508431464433670044e-02 5.324272066354751587e-02 1.434134542942047119e-01 2.524680085480213165e-02 -1.525780558586120605e-02 6.716185063123703003e-02 2.946491539478302002e-02 2.606206946074962616e-02 2.382735547143965960e-04 8.848549425601959229e-02 6.252532452344894409e-02 2.743432298302650452e-02 7.973120361566543579e-02 9.416217356920242310e-02 7.954587042331695557e-02 1.681444048881530762e-01 4.558461904525756836e-02 7.180838286876678467e-02 3.658651188015937805e-02 7.880606502294540405e-02 1.697970926761627197e-01 6.558636575937271118e-02 2.246539443731307983e-01
4.770878702402114868e-02 1.785789877176284790e-01 7.711678743362426758e-02 8.681752532720565796e-02 2.795652113854885101e-02 1.000000000000000000e+00 2.569092437624931335e-02 2.444083243608474731e-02 1.378472894430160522e-01 2.085464298725128174e-01 8.673025667667388916e-02 2.782170847058296204e-02 4.488888084888458252e-01 1.472519524395465851e-02 -3.460273845121264458e-03 1.587742418050765991e-01 8.218006230890750885e-03 1.163611635565757751e-01 2.462930791079998016e-02 1.565589159727096558e-01 -3.690283279865980148e-03 3.966872766613960266e-02 4.016190767288208008e-02 1.105445809662342072e-02 1.740604490041732788e-01 1.102061197161674500e-01 1.662375777959823608e-01 2.195073291659355164e-02 5.182143673300743103e-02 2.049117721617221832e-02 2.583546005189418793e-02 8.210063725709915161e-02 2.380799315869808197e-02 8.829871565103530884e-02 3.186800479888916016e-01 2.111700922250747681e-02 2.262134291231632233e-02 2.528438270092010498e-01 8.606917411088943481e-02 7.338767498731613159e-02 5.303424224257469177e-02 1.273534446954727173e-02 7.221776992082595825e-02 5.977352336049079895e-02 2.432090044021606445e-02 4.814004898071289062e-02 2.202761359512805939e-02 8.157985657453536987e-02 8.821696974337100983e-03 -2.022210508584976196e-02 6.012500450015068054e-02 -9.089938364923000336e-03 7.662415504455566406e-03 4.014514386653900146e-02 2.033258229494094849e-02 -1.769999274984002113e-03 6.419171392917633057e-02 -1.347802486270666122e-02 3.803716227412223816e-02 3.063831292092800140e-02 1.873108185827732086e-02 9.662492573261260986e-02 4.232564009726047516e-03 2.186054922640323639e-02 7.465098053216934204e-02 7.802119106054306030e-02 4.804033413529396057e-02 1.245589330792427063e-01
1.647488959133625031e-02 1.856265030801296234e-02 4.534424841403961182e-02 4.997790977358818054e-02 4.692167788743972778e-02 2.569092437624931335e-02 1.000000000000000000e+00 2.422508411109447479e-02 4.172172769904136658e-02 1.116217672824859619e-01 1.935318112373352051e-02 3.453766182065010071e-02 5.848981440067291260e-02 6.734443455934524536e-02 3.484680876135826111e-02 4.206766560673713684e-02 3.276585787534713745e-02 1.829779520630836487e-02 4.024516791105270386e-02 2.769953384995460510e-02 1.491078268736600876e-02 2.723100222647190094e-02 2.556334249675273895e-02 4.131287336349487305e-02 7.116883248090744019e-02 1.197937596589326859e-02 4.798092693090438843e-02 1.751121319830417633e-02 2.976269833743572235e-02 -8.595474995672702789e-03 2.535694837570190430e-02 9.787150658667087555e-03 -9.533552802167832851e-04 8.902775123715400696e-03 2.844379842281341553e-02 3.005721978843212128e-02 3.921516612172126770e-02 2.169754169881343842e-02 3.874303027987480164e-02 1.173499412834644318e-02 2.122276835143566132e-02 1.302575320005416870e-02 5.877879634499549866e-02 1.390632055699825287e-02 2.086714468896389008e-02 1.630876772105693817e-02 3.116007149219512939e-02 -3.112077154219150543e-02 2.564433217048645020e-02 6.430038064718246460e-02 1.824272982776165009e-02 -2.949195681139826775e-03 1.915542222559452057e-02 4.126060009002685547e-02 2.495319768786430359e-02 9.020955301821231842e-03 1.133444160223007202e-02 2.649564109742641449e-02 1.737132668495178223e-02 3.229139000177383423e-02 1.969148591160774231e-02 1.560213044285774231e-02 5.366170313209295273e-03 1.113048493862152100e-01 3.277801722288131714e-02 1.194075793027877808e-01 2.122645825147628784e-02 7.174099236726760864e-02
3.483319282531738281e-02 4.809281975030899048e-02 2.241977117955684662e-02 2.826819568872451782e-02 3.416373953223228455e-02 2.444083243608474731e-02 2.422508411109447479e-02 1.000000000000000000e+00 8.633939176797866821e-02 8.078645914793014526e-02 3.818437084555625916e-02 3.002638556063175201e-02 4.285890981554985046e-02 3.459510626271367073e-04 3.313082829117774963e-02 8.084478229284286499e-02 -1.571440324187278748e-02 1.980427838861942291e-02 2.692953683435916901e-02 5.161179974675178528e-02 -5.011763423681259155e-03 2.836832404136657715e-02 1.135797798633575439e-02 2.849219366908073425e-02 4.385287314653396606e-02 5.112126097083091736e-02 5.819244310259819031e-02 3.372681885957717896e-02 3.776067495346069336e-02 2.677511796355247498e-02 -1.272324589081108570e-03 -2.845364389941096306e-03 1.518925093114376068e-02 2.273623645305633545e-02 3.785373643040657043e-02 1.984520442783832550e-02 2.799666486680507660e-02 7.172098755836486816e-02 1.404357142746448517e-02 3.665303066372871399e-02 3.038228116929531097e-02 5.395540967583656311e-03 3.962404653429985046e-02 6.752672791481018066e-02 3.533405065536499023e-02 2.724516764283180237e-02 1.513115316629409790e-02 1.213228050619363785e-02 8.098837919533252716e-03 1.487168669700622559e-02 1.145771984010934830e-02 1.960314251482486725e-02 2.095892094075679779e-02 2.555267326533794403e-02 3.686366230249404907e-02 3.129721432924270630e-02 1.967820525169372559e-02 3.434858471155166626e-02 6.227334216237068176e-02 4.138851538300514221e-02 7.217734120786190033e-03 1.860851421952247620e-02 2.469036728143692017e-02 8.234794437885284424e-02 3.474126383662223816e-02 9.275166317820549011e-03 2.138191834092140198e-02 6.923878192901611328e-02
1.200674995779991150e-01 1.163346618413925171e-01 9.900147467851638794e-02 1.299409419298171997e-01 1.080300584435462952e-01 1.378472894430160522e-01 4.172172769904136658e-02 8.633939176797866821e-02 1.000000000000000000e+00 3.610053360462188721e-01 4.424117878079414368e-02 4.113572463393211365e-02 1.197916045784950256e-01 2.359037846326828003e-02 2.402967028319835663e-02 1.587159931659698486e-01 6.255000829696655273e-02 6.835307180881500244e-02 5.553035810589790344e-02 1.390468925237655640e-01 5.436420068144798279e-02 9.969260543584823608e-02 6.468531489372253418e-02 1.059560105204582214e-01 1.017052978277206421e-01 8.774124085903167725e-02 1.741399317979812622e-01 5.670052394270896912e-02 1.905639171600341797e-01 9.322358667850494385e-02 1.177976131439208984e-01 3.748513385653495789e-02 7.013682276010513306e-02 1.102832257747650146e-01 1.045177727937698364e-01 1.519623845815658569e-01 1.482058167457580566e-01 1.351161152124404907e-01 -9.494736790657043457e-03 8.078532665967941284e-02 5.952624231576919556e-02 4.180032014846801758e-02 1.786810532212257385e-02 1.372930854558944702e-01 8.071133494377136230e-02 6.152266263961791992e-02 2.438756637275218964e-02 3.428897261619567871e-02 1.001054979860782623e-02 2.924282802268862724e-03 6.566399335861206055e-02 3.821475664153695107e-03 2.510872483253479004e-02 1.283997297286987305e-02 6.183579564094543457e-02 2.270896360278129578e-02 5.289796367287635803e-02 1.397684812545776367e-01 8.350428193807601929e-02 5.203267186880111694e-02 1.039225086569786072e-01 5.608985573053359985e-02 1.293159723281860352e-01 2.002836018800735474e-02 8.123206347227096558e-02 1.199969649314880371e-01 6.672669202089309692e-02 2.182447463274002075e-01
3.068508207798004150e-01 1.585170626640319824e-01 2.092751264572143555e-01 2.889891266822814941e-01 2.065002024173736572e-01 2.085464298725128174e-01 1.116217672824859619e-01 8.078645914793014526e-02 3.610053360462188721e-01 1.000000000000000000e+00 3.647324629127979279e-03 1.074903607368469238e-01 2.718888223171234131e-01 3.430604934692382812e-02 5.437375977635383606e-03 4.654708504676818848e-01 1.907257586717605591e-01 1.338412612676620483e-01 8.920862525701522827e-02 2.828022241592407227e-01 1.692854464054107666e-01 1.959109455347061157e-01 1.173294261097908020e-01 3.535248637199401855e-01 2.565706074237823486e-01 2.301741987466812134e-01 5.166345834732055664e-01 1.365913599729537964e-01 3.764707148075103760e-01 2.577826082706451416e-01 1.942402124404907227e-01 5.963668972253799438e-02 1.471039205789566040e-01 1.753226667642593384e-01 1.764505356550216675e-01 1.002192050218582153e-01 1.752043217420578003e-01 2.841176688671112061e-01 -2.184341847896575928e-02 4.268016666173934937e-02 1.041753664612770081e-01 6.747506558895111084e-02 9.570555388927459717e-02 3.648349642753601074e-01 1.708386540412902832e-01 8.948936313390731812e-02 9.630890935659408569e-02 2.643714658915996552e-02 1.447622664272785187e-03 2.738251350820064545e-02 1.242952644824981689e-01 -1.826028339564800262e-03 3.686338663101196289e-02 1.523685455322265625e-02 2.161602973937988281e-01 6.751514971256256104e-02 1.271514147520065308e-01 2.631050944328308105e-01 2.281289696693420410e-01 1.700925379991531372e-01 2.343523651361465454e-01 1.316665858030319214e-01 3.336367607116699219e-01 1.824923045933246613e-02 1.930973380804061890e-01 3.823219239711761475e-01 1.213557124137878418e-01 5.522132515907287598e-01
2.201378718018531799e-02 9.934031218290328979e-02 1.756852865219116211e-02 7.590968161821365356e-03 3.085342049598693848e-02 8.673025667667388916e-02 1.935318112373352051e-02 3.818437084555625916e-02 4.424117878079414368e-02 3.647324629127979279e-03 1.000000000000000000e+00 1.010351181030273438e-01 1.199948191642761230e-01 2.053666301071643829e-02 3.945033624768257141e-02 3.595425561070442200e-02 -6.464640144258737564e-03 3.791937977075576782e-02 2.474278397858142853e-02 4.971081018447875977e-02 2.934552170336246490e-02 1.150712929666042328e-02 4.091714974492788315e-03 4.515168722718954086e-03 3.118892572820186615e-02 9.568385034799575806e-02 4.723345488309860229e-02 1.977065019309520721e-02 4.207253083586692810e-02 6.656985729932785034e-02 1.922003366053104401e-02 4.420783743262290955e-02 3.595217689871788025e-02 2.267188765108585358e-02 6.037209555506706238e-02 2.780438587069511414e-02 1.280769985169172287e-02 3.117188438773155212e-02 -8.698527701199054718e-03 3.244896605610847473e-02 1.627815328538417816e-02 1.437664683908224106e-02 5.999336391687393188e-02 1.327181980013847351e-02 4.965998604893684387e-02 2.105202339589595795e-02 2.342177741229534149e-02 1.095627024769783020e-01 1.229475252330303192e-02 2.817686460912227631e-02 1.043944247066974640e-02 5.233304947614669800e-02 2.699332870543003082e-02 1.418649964034557343e-02 -4.020255431532859802e-02 4.423599690198898315e-02 1.604254543781280518e-02 -4.542714916169643402e-03 -1.340671535581350327e-02 2.393828891217708588e-02 3.469591587781906128e-02 2.824576012790203094e-02 3.622847143560647964e-03 5.580487474799156189e-02 1.759020239114761353e-02 8.091524243354797363e-03 -1.927359844557940960e-03 2.015670202672481537e-02
9.213355928659439087e-02 7.107279449701309204e-02 2.182886563241481781e-02 4.329014196991920471e-02 6.791552156209945679e-02 2.782170847058296204e-02 3.453766182065010071e-02 3.002638556063175201e-02 4.113572463393211365e-02 1.074903607368469238e-01 1.010351181030273438e-01 1.000000000000000000e+00 4.230992496013641357e-02 9.749931097030639648e-02 6.997276842594146729e-02 6.973383575677871704e-02 3.284459188580513000e-02 3.341581672430038452e-02 6.758430600166320801e-02 4.590418934822082520e-02 1.421961337327957153e-01 2.877706848084926605e-02 5.619360506534576416e-02 8.022204786539077759e-02 -1.522522652521729469e-03 7.853459566831588745e-02 1.161881461739540100e-01 3.573620691895484924e-02 1.032653599977493286e-01 1.287956535816192627e-01 5.030969902873039246e-02 2.745462581515312195e-03 7.119913399219512939e-02 2.418289519846439362e-02 1.178069971501827240e-02 9.599511977285146713e-04 4.028216376900672913e-02 4.728665202856063843e-02 -7.435544393956661224e-03 4.102674126625061035e-02 3.649536147713661194e-02 3.728998452425003052e-02 -1.795098371803760529e-02 7.315469533205032349e-02 3.583456203341484070e-02 1.489725522696971893e-02 9.258693084120750427e-03 5.251810699701309204e-02 -1.260108692804351449e-04 -2.743381075561046600e-02 3.713740408420562744e-02 9.417950175702571869e-03 4.575784504413604736e-02 3.110617026686668396e-02 5.919544398784637451e-02 5.619754642248153687e-02 1.680145040154457092e-02 5.625944212079048157e-02 5.441479384899139404e-02 2.501573413610458374e-02 1.762434989213943481e-01 3.121291846036911011e-02 4.793108627200126648e-02 3.617142513394355774e-02 2.084513008594512939e-02 4.734135419130325317e-02 3.551103174686431885e-02 1.268040984869003296e-01
6.043487042188644409e-02 1.592420041561126709e-01 1.108825020492076874e-02 1.678150296211242676e-01 1.486957445740699768e-02 4.488888084888458252e-01 5.848981440067291260e-02 4.285890981554985046e-02 1.197916045784950256e-01 2.718888223171234131e-01 1.199948191642761230e-01 4.230992496013641357e-02 1.000000000000000000e+00 1.539978664368391037e-02 1.714633777737617493e-02 1.643276214599609375e-01 1.361138969659805298e-01 2.852774858474731445e-01 3.183941915631294250e-02 2.077094316482543945e-01 -2.998700365424156189e-03 6.344658881425857544e-02 3.786861151456832886e-02 -4.982117097824811935e-03 2.905312776565551758e-01 7.985920459032058716e-02 2.508177459239959717e-01 1.358286291360855103e-01 3.002124466001987457e-02 2.019366435706615448e-02 7.607693225145339966e-02 1.853717565536499023e-01 7.631662767380475998e-03 4.457781463861465454e-02 5.463639497756958008e-01 7.419090718030929565e-02 5.632316693663597107e-03 2.639623284339904785e-01 1.015363261103630066e-02 -1.067233365029096603e-02 5.305426195263862610e-02 3.137027844786643982e-02 8.282540738582611084e-02 8.196163177490234375e-02 2.407773397862911224e-02 1.336484868079423904e-02 -1.496498938649892807e-02 8.742381632328033447e-02 2.624690998345613480e-03 1.919454336166381836e-02 1.479867100715637207e-01 7.379093673080205917e-03 1.973143406212329865e-02 5.256778746843338013e-02 9.827385097742080688e-02 1.106326654553413391e-02 7.991313189268112183e-02 2.334285294637084007e-03 1.638223603367805481e-02 2.646934986114501953e-02 5.859740823507308960e-02 1.359255313873291016e-01 8.770103752613067627e-02 -2.291409065946936607e-03 1.149306818842887878e-01 1.601227819919586182e-01 7.712160050868988037e-02 2.177963107824325562e-01
1.126489937305450439e-01 5.323152616620063782e-02 9.003618359565734863e-02 7.471335679292678833e-02 7.104411721229553223e-02 1.472519524395465851e-02 6.734443455934524536e-02 3.459510626271367073e-04 2.359037846326828003e-02 3.430604934692382812e-02 2.053666301071643829e-02 9.749931097030639648e-02 1.539978664368391037e-02 1.000000000000000000e+00 2.635241672396659851e-02 4.572870582342147827e-02 1.482521146535873413e-01 1.011870428919792175e-01 1.157754287123680115e-01 6.396242976188659668e-02 2.933362126350402832e-01 4.746561869978904724e-02 5.912455916404724121e-02 1.532860547304153442e-01 -4.300293698906898499e-02 8.699200302362442017e-02 1.522680819034576416e-01 8.395262062549591064e-03 1.200506910681724548e-01 1.055176407098770142e-01 1.703449338674545288e-01 6.841058284044265747e-02 7.702620327472686768e-02 9.388282150030136108e-02 -6.280752830207347870e-03 4.854122921824455261e-02 2.574288472533226013e-02 -4.448218969628214836e-04 -8.725463412702083588e-03 1.115113794803619385e-01 3.214124217629432678e-02 2.307233586907386780e-02 -5.827908590435981750e-02 -8.981684222817420959e-03 2.316031232476234436e-02 9.067294187843799591e-03 1.148813776671886444e-02 5.665769055485725403e-02 4.044410213828086853e-02 -2.930000051856040955e-02 3.191770811099559069e-04 -2.127184905111789703e-02 2.507933229207992554e-02 5.130139645189046860e-03 4.674450680613517761e-02 5.940640112385153770e-04 7.572996616363525391e-02 2.013997733592987061e-02 2.739056013524532318e-02 -3.672025166451931000e-03 5.299792811274528503e-02 4.285474773496389389e-03 -2.301500551402568817e-02 2.944527007639408112e-02 1.540086604654788971e-02 3.303046571090817451e-03 3.161606146022677422e-04 5.412208661437034607e-02
3.090940415859222412e-02 2.398806810379028320e-02 2.664006687700748444e-02 2.401985693722963333e-03 5.786199867725372314e-02 -3.460273845121264458e-03 3.484680876135826111e-02 3.313082829117774963e-02 2.402967028319835663e-02 5.437375977635383606e-03 3.945033624768257141e-02 6.997276842594146729e-02 1.714633777737617493e-02 2.635241672396659851e-02 1.000000000000000000e+00 -1.375028025358915329e-02 -2.774858148768544197e-03 2.974337339401245117e-02 4.413330554962158203e-02 -4.611313808709383011e-03 -8.860244997777044773e-04 2.062701992690563202e-02 2.953496389091014862e-02 1.523193158209323883e-02 3.376033902168273926e-02 -1.226481143385171890e-02 -3.968067932873964310e-03 5.341453012079000473e-03 4.511399019975215197e-04 -1.112672965973615646e-02 -2.642202191054821014e-03 2.360344491899013519e-02 1.337580848485231400e-02 -2.308975905179977417e-02 2.732653357088565826e-02 1.865575835108757019e-02 2.771012298762798309e-02 3.715669503435492516e-03 3.061290085315704346e-02 -5.733630619943141937e-03 3.743868321180343628e-02 2.313289977610111237e-02 7.154095172882080078e-02 2.043111482635140419e-03 1.545837055891752243e-02 5.000133998692035675e-03 3.365110233426094055e-02 1.728375069797039032e-02 3.155841678380966187e-02 4.569799080491065979e-02 -5.661183502525091171e-03 1.679774001240730286e-02 2.504753321409225464e-02 7.608302682638168335e-02 4.571930505335330963e-03 6.123263388872146606e-02 2.573492005467414856e-02 -6.081375293433666229e-03 -5.325703532434999943e-04 3.594848141074180603e-02 8.271522074937820435e-02 -1.401882036589086056e-03 -5.535771604627370834e-03 8.297684602439403534e-03 5.042251665145158768e-03 2.187785133719444275e-02 1.690091006457805634e-02 1.080222055315971375e-02
2.369013130664825439e-01 1.904893666505813599e-01 1.684453636407852173e-01 1.905949711799621582e-01 1.372742950916290283e-01 1.587742418050765991e-01 4.206766560673713684e-02 8.084478229284286499e-02 1.587159931659698486e-01 4.654708504676818848e-01 3.595425561070442200e-02 6.973383575677871704e-02 1.643276214599609375e-01 4.572870582342147827e-02 -1.375028025358915329e-02 1.000000000000000000e+00 3.879836574196815491e-02 1.306695044040679932e-01 5.715063214302062988e-02 2.519972324371337891e-01 1.882032006978988647e-01 1.539077013731002808e-01 9.597698599100112915e-02 3.037017881870269775e-01 1.637351810932159424e-01 3.138984143733978271e-01 4.553326964378356934e-01 1.789223700761795044e-01 2.668337523937225342e-01 2.453899681568145752e-01 1.178787499666213989e-01 7.131728529930114746e-02 9.133875370025634766e-02 1.282685846090316772e-01 1.206741333007812500e-01 1.984702982008457184e-02 1.278242170810699463e-01 2.297426015138626099e-01 -4.497720394283533096e-03 1.702097505331039429e-01 7.965648174285888672e-02 2.344579435884952545e-02 1.027123108506202698e-01 3.326246738433837891e-01 1.682033687829971313e-01 9.101779758930206299e-02 4.796679690480232239e-02 6.376588344573974609e-02 4.798922222107648849e-03 8.697411045432090759e-03 1.445923894643783569e-01 6.222306750714778900e-03 2.309585735201835632e-02 -2.236976986750960350e-03 1.350982487201690674e-01 5.077470093965530396e-02 1.012755706906318665e-01 1.397161483764648438e-01 1.716932207345962524e-01 1.428150683641433716e-01 1.716935485601425171e-01 1.520703136920928955e-01 2.288378030061721802e-01 3.524911403656005859e-02 1.733614802360534668e-01 1.594274640083312988e-01 5.985994637012481689e-02 3.326277136802673340e-01
6.557504832744598389e-02 6.146967038512229919e-02 -5.792197957634925842e-02 2.572356536984443665e-02 -2.444843761622905731e-02 8.218006230890750885e-03 3.276585787534713745e-02 -1.571440324187278748e-02 6.255000829696655273e-02 1.907257586717605591e-01 -6.464640144258737564e-03 3.284459188580513000e-02 1.361138969659805298e-01 1.482521146535873413e-01 -2.774858148768544197e-03 3.879836574196815491e-02 1.000000000000000000e+00 1.192233785986900330e-01 8.657897263765335083e-02 6.315256003290414810e-03 2.639017105102539062e-01 9.179123677313327789e-03 4.153114557266235352e-02 4.614579677581787109e-02 -3.842235729098320007e-02 7.288960367441177368e-02 1.052658353000879288e-02 8.829776197671890259e-02 2.747098170220851898e-02 9.901324659585952759e-02 4.238319024443626404e-02 8.584236353635787964e-02 1.369150541722774506e-02 2.309122867882251740e-02 5.920938774943351746e-02 5.144976451992988586e-02 5.313106253743171692e-02 2.671601623296737671e-02 -7.937809824943542480e-02 -2.697547664865851402e-03 3.331265877932310104e-03 5.698123015463352203e-03 -4.299673065543174744e-02 -2.072359621524810791e-02 -4.888448119163513184e-02 1.071800738573074341e-01 4.977970849722623825e-03 -1.063548121601343155e-02 2.115169540047645569e-02 3.373906016349792480e-02 4.991217982023954391e-03 -7.131692767143249512e-02 6.749524176120758057e-02 3.504284098744392395e-02 -3.452727198600769043e-02 -2.974233031272888184e-02 1.136597692966461182e-01 1.519543677568435669e-01 -5.834788084030151367e-02 -6.511525809764862061e-02 -2.086882665753364563e-02 -3.661271557211875916e-02 1.079731583595275879e-01 -3.247604472562670708e-03 -1.122628152370452881e-02 6.165150925517082214e-02 -2.341123670339584351e-02 -2.214800007641315460e-02
8.880378305912017822e-02 2.158903628587722778e-01 9.495966136455535889e-02 1.280737817287445068e-01 3.764623031020164490e-02 1.163611635565757751e-01 1.829779520630836487e-02 1.980427838861942291e-02 6.835307180881500244e-02 1.338412612676620483e-01 3.791937977075576782e-02 3.341581672430038452e-02 2.852774858474731445e-01 1.011870428919792175e-01 2.974337339401245117e-02 1.306695044040679932e-01 1.192233785986900330e-01 1.000000000000000000e+00 3.751676157116889954e-02 1.282849162817001343e-01 1.000538766384124756e-01 3.728902339935302734e-02 4.429338127374649048e-02 1.143723502755165100e-01 1.560689955949783325e-01 1.139876097440719604e-01 1.961970180273056030e-01 1.096219792962074280e-01 1.036259159445762634e-01 1.111028864979743958e-01 1.146773323416709900e-01 1.404570937156677246e-01 4.014713317155838013e-02 2.714784257113933563e-02 1.239554807543754578e-01 1.439102180302143097e-02 1.860390044748783112e-02 1.012928113341331482e-01 -1.436289399862289429e-02 4.717475548386573792e-02 1.690279692411422729e-02 9.455756284296512604e-03 6.542479246854782104e-02 7.299298048019409180e-02 4.231576249003410339e-02 4.757124185562133789e-02 1.250205468386411667e-02 1.014211252331733704e-01 -1.832195091992616653e-03 3.738484531641006470e-02 2.431642077863216400e-02 4.028103128075599670e-02 1.122374553233385086e-02 9.673804976046085358e-03 8.750740438699722290e-02 2.677286602556705475e-02 3.796372562646865845e-02 6.500084698200225830e-02 3.527856618165969849e-02 3.696714341640472412e-02 2.880476973950862885e-02 -1.806176267564296722e-02 1.350902207195758820e-02 1.763629727065563202e-02 3.209475055336952209e-02 5.960221588611602783e-02 4.272115882486104965e-03 1.144632473587989807e-01
6.808754056692123413e-02 5.780316144227981567e-02 3.385092690587043762e-02 4.600717127323150635e-02 7.333399355411529541e-02 2.462930791079998016e-02 4.024516791105270386e-02 2.692953683435916901e-02 5.553035810589790344e-02 8.920862525701522827e-02 2.474278397858142853e-02 6.758430600166320801e-02 3.183941915631294250e-02 1.157754287123680115e-01 4.413330554962158203e-02 5.715063214302062988e-02 8.657897263765335083e-02 3.751676157116889954e-02 1.000000000000000000e+00 5.547739565372467041e-02 7.741155475378036499e-02 1.498272269964218140e-01 6.071062758564949036e-02 3.536944836378097534e-02 2.969863079488277435e-02 5.542271956801414490e-02 5.081518366932868958e-02 1.243046298623085022e-02 5.217909440398216248e-02 3.403859212994575500e-02 3.772005438804626465e-02 1.431618910282850266e-02 3.213230147957801819e-02 2.507698908448219299e-02 2.320560999214649200e-02 1.137409359216690063e-01 4.965724050998687744e-02 4.514982923865318298e-02 2.291980758309364319e-02 5.794439464807510376e-02 2.379496581852436066e-02 6.841650232672691345e-03 1.400138717144727707e-02 5.336965620517730713e-02 3.178191930055618286e-02 1.791907660663127899e-02 2.045887708663940430e-02 2.767829596996307373e-02 2.594250626862049103e-02 1.573881693184375763e-02 3.317999839782714844e-02 1.055514253675937653e-02 1.090867891907691956e-01 6.695442646741867065e-02 2.058554813265800476e-02 4.339637234807014465e-02 4.072322323918342590e-02 3.594382852315902710e-02 1.767586916685104370e-02 1.390373110771179199e-01 3.873823955655097961e-02 2.679456956684589386e-02 3.642764315009117126e-02 2.944363281130790710e-02 1.772845722734928131e-02 3.123607113957405090e-02 1.117510627955198288e-02 1.101606637239456177e-01
1.812209039926528931e-01 2.096823006868362427e-01 1.474702358245849609e-01 1.891272962093353271e-01 1.169664263725280762e-01 1.565589159727096558e-01 2.769953384995460510e-02 5.161179974675178528e-02 1.390468925237655640e-01 2.828022241592407227e-01 4.971081018447875977e-02 4.590418934822082520e-02 2.077094316482543945e-01 6.396242976188659668e-02 -4.611313808709383011e-03 2.519972324371337891e-01 6.315256003290414810e-03 1.282849162817001343e-01 5.547739565372467041e-02 1.000000000000000000e+00 1.055594831705093384e-01 1.348620206117630005e-01 5.622992292046546936e-02 1.959524750709533691e-01 1.610341519117355347e-01 2.377406358718872070e-01 3.068176209926605225e-01 2.450036853551864624e-01 2.404364794492721558e-01 1.557301133871078491e-01 1.916490942239761353e-01 9.058722853660583496e-02 1.038775667548179626e-01 1.493088454008102417e-01 3.146157562732696533e-01 2.399776689708232880e-02 1.138647347688674927e-01 1.712227612733840942e-01 5.452463775873184204e-02 1.520319283008575439e-01 5.918974056839942932e-02 7.781041320413351059e-03 9.738013893365859985e-02 2.824046015739440918e-01 1.333342194557189941e-01 4.224428907036781311e-02 6.560604274272918701e-02 1.187594309449195862e-01 7.508351467549800873e-03 -1.547726988792419434e-02 1.314896643161773682e-01 3.934148699045181274e-02 1.930243708193302155e-02 3.637066576629877090e-03 1.685424000024795532e-01 6.033215299248695374e-02 1.213336884975433350e-01 1.895944774150848389e-01 1.597579717636108398e-01 1.302922815084457397e-01 1.860692501068115234e-01 1.025444418191909790e-01 1.434548497200012207e-01 3.270504996180534363e-02 9.782759100198745728e-02 9.531769901514053345e-02 8.497866243124008179e-02 3.005779981613159180e-01
2.685476243495941162e-01 6.678888946771621704e-02 1.534338146448135376e-01 1.325235664844512939e-01 9.069728851318359375e-02 -3.690283279865980148e-03 1.491078268736600876e-02 -5.011763423681259155e-03 5.436420068144798279e-02 1.692854464054107666e-01 2.934552170336246490e-02 1.421961337327957153e-01 -2.998700365424156189e-03 2.933362126350402832e-01 -8.860244997777044773e-04 1.882032006978988647e-01 2.639017105102539062e-01 1.000538766384124756e-01 7.741155475378036499e-02 1.055594831705093384e-01 1.000000000000000000e+00 9.871371835470199585e-02 8.426586538553237915e-02 4.513289630413055420e-01 -3.822723031044006348e-02 3.255030810832977295e-01 4.374601244926452637e-01 4.590357467532157898e-02 3.655861914157867432e-01 3.919178247451782227e-01 2.072723954916000366e-01 8.220220357179641724e-02 1.787819117307662964e-01 1.406607627868652344e-01 -6.266454607248306274e-02 4.105817992240190506e-03 6.371121108531951904e-02 2.881041914224624634e-02 -7.597934454679489136e-02 7.141815125942230225e-02 4.157641530036926270e-02 4.256651550531387329e-02 -3.423060849308967590e-02 9.057584404945373535e-02 1.459390223026275635e-01 1.835455559194087982e-02 7.377091050148010254e-02 6.695420946925878525e-03 -1.118760928511619568e-02 -6.129348278045654297e-02 2.600415144115686417e-03 -4.201800003647804260e-02 4.376792535185813904e-02 9.137087035924196243e-04 3.885184973478317261e-02 4.929196462035179138e-02 1.264676153659820557e-01 5.179837346076965332e-02 6.806343048810958862e-02 2.236725017428398132e-02 1.072866693139076233e-01 2.446517534554004669e-02 7.503324002027511597e-02 4.445090889930725098e-02 1.256894972175359726e-02 4.003534466028213501e-02 2.979842247441411018e-03 2.073744684457778931e-01
7.752360403537750244e-02 4.543912597000598907e-03 4.788176342844963074e-02 8.864277601242065430e-02 6.330093741416931152e-02 3.966872766613960266e-02 2.723100222647190094e-02 2.836832404136657715e-02 9.969260543584823608e-02 1.959109455347061157e-01 1.150712929666042328e-02 2.877706848084926605e-02 6.344658881425857544e-02 4.746561869978904724e-02 2.062701992690563202e-02 1.539077013731002808e-01 9.179123677313327789e-03 3.728902339935302734e-02 1.498272269964218140e-01 1.348620206117630005e-01 9.871371835470199585e-02 1.000000000000000000e+00 4.946452379226684570e-02 9.954942762851715088e-02 8.896782249212265015e-02 9.183752536773681641e-02 1.676684319972991943e-01 6.672751903533935547e-02 1.349916458129882812e-01 8.444569259881973267e-02 8.295632898807525635e-02 -4.843994975090026855e-03 5.122228339314460754e-02 4.452757909893989563e-02 5.861830338835716248e-02 1.233734786510467529e-01 9.273079782724380493e-02 8.592868596315383911e-02 3.643307462334632874e-02 9.476533532142639160e-02 5.324450135231018066e-02 2.797359041869640350e-02 1.730937883257865906e-02 1.409689784049987793e-01 5.131893977522850037e-02 2.602329663932323456e-02 1.998812519013881683e-02 -1.499172952026128769e-02 1.273738127201795578e-02 -1.860162988305091858e-02 3.537923842668533325e-02 -3.556819865480065346e-03 5.440541356801986694e-02 4.966150037944316864e-03 6.326454132795333862e-02 3.923509269952774048e-02 2.613354325294494629e-01 3.383301571011543274e-02 5.672958865761756897e-02 1.064316853880882263e-01 3.428308293223381042e-02 3.997605293989181519e-02 7.533890008926391602e-02 2.870111353695392609e-02 5.333071947097778320e-02 6.431641429662704468e-02 4.881231859326362610e-02 1.882060170173645020e-01
5.955610796809196472e-02 2.212947793304920197e-02 3.930565714836120605e-02 4.580344632267951965e-02 5.059967935085296631e-02 4.016190767288208008e-02 2.556334249675273895e-02 1.135797798633575439e-02 6.468531489372253418e-02 1.173294261097908020e-01 4.091714974492788315e-03 5.619360506534576416e-02 3.786861151456832886e-02 5.912455916404724121e-02 2.953496389091014862e-02 9.597698599100112915e-02 4.153114557266235352e-02 4.429338127374649048e-02 6.071062758564949036e-02 5.622992292046546936e-02 8.426586538553237915e-02 4.946452379226684570e-02 1.000000000000000000e+00 1.135117486119270325e-01 8.009459078311920166e-02 1.756188645958900452e-02 9.980876743793487549e-02 3.921204060316085815e-02 5.074914917349815369e-02 5.106837674975395203e-02 3.901926055550575256e-02 1.707915030419826508e-02 3.741646558046340942e-02 4.620965197682380676e-02 3.823935240507125854e-02 2.246752614155411720e-03 3.331440687179565430e-02 2.549531683325767517e-02 -2.301333472132682800e-02 1.022276654839515686e-01 2.830305881798267365e-02 2.913707308471202850e-02 5.595869943499565125e-02 9.240607172250747681e-02 1.991087943315505981e-02 3.819661214947700500e-02 1.063141971826553345e-02 -2.149608731269836426e-02 7.106520235538482666e-03 2.270621620118618011e-02 3.206351771950721741e-02 1.647458848310634494e-04 6.446253508329391479e-02 1.584087461233139038e-01 7.252112030982971191e-02 2.210357226431369781e-02 1.365330964326858521e-01 8.348749577999114990e-02 5.193090811371803284e-02 2.292582578957080841e-02 5.453822389245033264e-02 4.725494980812072754e-02 7.073057442903518677e-02 1.045871153473854065e-02 3.049360215663909912e-02 7.146654278039932251e-02 3.380245342850685120e-02 1.004211455583572388e-01
