1.000000000000000000e+00 1.099170073866844177e-01 2.219986356794834137e-02 -3.017903771251440048e-03 -3.749956190586090088e-02 2.674636803567409515e-02 1.881408691406250000e-02 -4.152719303965568542e-02 1.235576197504997253e-01 -1.790761575102806091e-02 -6.276653148233890533e-03 6.805258244276046753e-02 -3.642752533778548241e-03 6.678050756454467773e-02 4.507767409086227417e-02 5.591929424554109573e-03 1.257344335317611694e-01 2.452317811548709869e-02 9.504461288452148438e-02 7.621423155069351196e-02 2.382716163992881775e-02 1.034625694155693054e-01 9.508956968784332275e-02 5.726910009980201721e-02 1.029073297977447510e-01 5.869640409946441650e-02 8.770596981048583984e-02 2.073593623936176300e-02 -1.985610835254192352e-02 6.457566469907760620e-02 1.116006076335906982e-01 3.988033160567283630e-03 7.052532583475112915e-02 6.805783137679100037e-03 2.262481860816478729e-02 9.818360209465026855e-02 3.291422873735427856e-02 -3.484023734927177429e-02 2.251464128494262695e-02 2.708204090595245361e-02 -3.484023734927177429e-02 1.416599452495574951e-01 -2.017009304836392403e-03 3.800732642412185669e-02 1.095484569668769836e-01 2.270031161606311798e-02 6.700542569160461426e-02 3.944329917430877686e-02 7.815799117088317871e-02 3.918190672993659973e-02 3.569213300943374634e-02 7.123353332281112671e-02 4.382276535034179688e-02
1.099170073866844177e-01 1.000000000000000000e+00 1.248443946242332458e-01 5.804483219981193542e-02 1.366680953651666641e-02 5.734607949852943420e-02 1.030542552471160889e-01 5.895031616091728210e-03 5.846589431166648865e-02 5.934142321348190308e-02 6.015397980809211731e-02 -1.607079245150089264e-02 9.515029937028884888e-02 7.775487750768661499e-02 3.792498260736465454e-02 3.394104540348052979e-02 3.811273351311683655e-02 1.192220076918601990e-01 7.125291228294372559e-02 1.465525031089782715e-01 7.013501971960067749e-02 1.104694306850433350e-01 5.090098828077316284e-02 3.434142097830772400e-02 5.059081688523292542e-02 2.322956733405590057e-02 5.725056864321231842e-03 4.541641101241111755e-02 2.906413562595844269e-02 1.401317566633224487e-01 8.071377128362655640e-02 2.490299381315708160e-02 4.091953113675117493e-02 5.475978925824165344e-02 1.231174618005752563e-01 4.032810404896736145e-02 1.628866791725158691e-01 1.053966209292411804e-02 3.511297330260276794e-02 3.986193984746932983e-02 4.257497377693653107e-03 1.427956968545913696e-01 4.382479935884475708e-02 7.393738627433776855e-02 4.674381762742996216e-02 9.288885444402694702e-02 -2.741613890975713730e-03 2.823659777641296387e-02 6.894011050462722778e-02 5.694374814629554749e-02 -2.080006990581750870e-03 2.049497328698635101e-02 -4.993436858057975769e-02
2.219986356794834137e-02 1.248443946242332458e-01 1.000000000000000000e+00 4.577996954321861267e-02 8.368802815675735474e-02 3.396412357687950134e-02 3.410126641392707825e-02 6.316810101270675659e-02 1.035563126206398010e-01 1.315672099590301514e-01 1.856567151844501495e-02 2.509598620235919952e-03 7.742819935083389282e-02 6.264488399028778076e-02 1.978214830160140991e-02 1.562769711017608643e-02 2.664562873542308807e-02 1.315727829933166504e-01 5.616564676165580750e-02 1.131629198789596558e-01 7.772469520568847656e-02 1.003363281488418579e-01 6.215063109993934631e-02 9.088955819606781006e-03 2.759785391390323639e-02 5.399238690733909607e-02 2.480632811784744263e-02 2.851780690252780914e-02 8.414006233215332031e-02 1.445263326168060303e-01 8.360720425844192505e-02 4.912519827485084534e-02 2.008438482880592346e-02 2.732427790760993958e-02 1.190850511193275452e-01 1.157867386937141418e-01 1.044250950217247009e-01 5.562966689467430115e-02 8.529685437679290771e-03 4.073381796479225159e-02 4.878290742635726929e-02 1.498343348503112793e-01 5.569317564368247986e-02 2.324907109141349792e-02 7.302959263324737549e-02 4.861348494887351990e-02 3.218813613057136536e-02 -1.077316049486398697e-02 5.481159314513206482e-02 6.161923334002494812e-02 1.748648658394813538e-02 2.980303391814231873e-02 -1.148437242954969406e-02
-3.017903771251440048e-03 5.804483219981193542e-02 4.577996954321861267e-02 1.000000000000000000e+00 6.159519031643867493e-02 6.489190459251403809e-02 4.412210732698440552e-02 4.966098070144653320e-02 6.091124936938285828e-02 6.403490900993347168e-02 2.827402390539646149e-02 1.666369661688804626e-02 8.536687120795249939e-03 5.249124020338058472e-02 2.321286872029304504e-02 2.840311452746391296e-02 1.716223545372486115e-02 6.860071420669555664e-02 1.587528549134731293e-02 8.439661562442779541e-02 6.759905070066452026e-02 1.891701668500900269e-02 2.150718308985233307e-02 2.800581790506839752e-02 2.988170366734266281e-03 1.229113154113292694e-02 7.886733859777450562e-03 2.782387472689151764e-02 8.439937233924865723e-02 3.411014378070831299e-02 9.378672577440738678e-03 5.151765793561935425e-02 7.981930859386920929e-03 1.512510702013969421e-02 5.310158804059028625e-02 7.197546656243503094e-04 8.846299350261688232e-02 3.803102672100067139e-02 9.707029908895492554e-03 5.679431930184364319e-02 4.087967798113822937e-02 -8.819627691991627216e-04 3.860412910580635071e-02 6.023442372679710388e-02 -2.571742050349712372e-03 6.228912994265556335e-02 2.985198609530925751e-02 6.416718009859323502e-03 1.427826564759016037e-02 5.469403043389320374e-02 5.817110091447830200e-02 2.050531469285488129e-02 1.245940849184989929e-02
-3.749956190586090088e-02 1.366680953651666641e-02 8.368802815675735474e-02 6.159519031643867493e-02 1.000000000000000000e+00 4.428299888968467712e-02 6.458815932273864746e-02 7.343205213546752930e-01 -5.072847474366426468e-03 1.851997338235378265e-02 4.796697571873664856e-02 1.552818715572357178e-02 5.817130673676729202e-03 -9.583603590726852417e-03 -9.187883697450160980e-03 -2.692745300009846687e-03 -3.303020074963569641e-02 8.295447565615177155e-03 -4.912889376282691956e-02 1.915696822106838226e-02 7.230996619910001755e-03 -5.246130749583244324e-02 -4.889548197388648987e-02 1.100242225220426917e-04 -3.591943904757499695e-02 -6.718013901263475418e-03 -4.248711466789245605e-02 -1.051988732069730759e-02 -2.759482478722929955e-03 1.456577703356742859e-02 1.051362045109272003e-02 -7.871790789067745209e-03 -4.644732456654310226e-03 -1.315439958125352859e-02 4.019091278314590454e-02 -3.536650538444519043e-02 -1.094731502234935760e-02 5.765275359153747559e-01 -1.136035751551389694e-02 -7.392485160380601883e-03 5.765275359153747559e-01 -4.958016425371170044e-02 2.075344137847423553e-02 2.696679532527923584e-02 -3.886881098151206970e-02 -1.303784176707267761e-02 -1.834939466789364815e-03 2.687182649970054626e-02 1.293816976249217987e-02 2.031875075772404671e-03 2.164238132536411285e-03 7.255712058395147324e-03 -3.155791014432907104e-02
2.674636803567409515e-02 5.734607949852943420e-02 3.396412357687950134e-02 6.489190459251403809e-02 4.428299888968467712e-02 1.000000000000000000e+00 9.943912178277969360e-02 3.179107233881950378e-02 9.956775233149528503e-03 5.575487762689590454e-02 2.676269225776195526e-02 -1.080016512423753738e-02 1.069242134690284729e-03 6.537944823503494263e-02 1.476527005434036255e-02 1.899985410273075104e-02 -6.517064291983842850e-03 5.433890596032142639e-02 2.145144529640674591e-02 5.173267796635627747e-02 8.323550224304199219e-02 3.115977533161640167e-02 2.121297270059585571e-02 2.518470212817192078e-02 7.310183718800544739e-03 -1.225396059453487396e-02 -1.083232834935188293e-02 5.654502287507057190e-02 4.546119272708892822e-02 1.696377992630004883e-02 1.908957026898860931e-02 3.871360421180725098e-02 -1.220924220979213715e-02 1.429028995335102081e-02 1.245788298547267914e-02 -2.084605395793914795e-03 7.598350197076797485e-02 2.444547042250633240e-02 7.837229408323764801e-03 7.753820717334747314e-02 2.554580196738243103e-02 1.316440198570489883e-02 3.475126996636390686e-02 5.859193950891494751e-02 7.850253954529762268e-03 5.569944530725479126e-02 5.600656196475028992e-02 1.416672673076391220e-02 1.112750768661499023e-01 6.395823508501052856e-02 3.611674159765243530e-02 4.975424334406852722e-02 7.708883844316005707e-03
1.881408691406250000e-02 1.030542552471160889e-01 3.410126641392707825e-02 4.412210732698440552e-02 6.458815932273864746e-02 9.943912178277969360e-02 1.000000000000000000e+00 5.775524303317070007e-02 -6.495627760887145996e-02 -2.456760592758655548e-02 5.217568948864936829e-02 -5.981246754527091980e-02 4.250695928931236267e-02 2.003166265785694122e-02 4.170878604054450989e-02 3.633637726306915283e-02 2.418801747262477875e-02 -1.065167225897312164e-02 1.003769189119338989e-01 5.915622413158416748e-02 4.819433018565177917e-02 5.215031281113624573e-02 1.705537433736026287e-03 2.751636505126953125e-02 2.926206961274147034e-02 1.520436350256204605e-02 -2.268020249903202057e-02 1.524937432259321213e-02 -4.857340082526206970e-02 1.445128954946994781e-02 2.420902252197265625e-02 -1.390292309224605560e-02 1.221816800534725189e-02 4.130042344331741333e-02 2.428799495100975037e-02 -2.653523348271846771e-02 6.085736304521560669e-02 4.084528982639312744e-02 3.783617913722991943e-02 4.192719608545303345e-02 4.802976176142692566e-02 4.045278578996658325e-02 7.424369454383850098e-02 1.022379696369171143e-01 -7.450124714523553848e-03 8.239300549030303955e-02 4.178624227643013000e-02 5.414789542555809021e-02 1.111973598599433899e-01 4.175756499171257019e-02 1.274870987981557846e-02 1.325081568211317062e-02 -2.418990246951580048e-02
-4.152719303965568542e-02 5.895031616091728210e-03 6.316810101270675659e-02 4.966098070144653320e-02 7.343205213546752930e-01 3.179107233881950378e-02 5.775524303317070007e-02 1.000000000000000000e+00 1.481212582439184189e-02 8.686746470630168915e-03 5.112938210368156433e-02 2.732817269861698151e-02 1.023294962942600250e-02 -1.409131661057472229e-02 -1.404542941600084305e-02 -7.798249833285808563e-03 4.981133388355374336e-04 -3.321603406220674515e-03 -5.054524913430213928e-02 2.130199782550334930e-02 2.937225159257650375e-03 -5.105478316545486450e-02 -2.730849757790565491e-02 1.362708397209644318e-03 -2.158748731017112732e-02 -3.386709466576576233e-02 -1.284016482532024384e-02 -1.404502149671316147e-02 4.797470290213823318e-03 3.615998104214668274e-02 4.295892640948295593e-02 -1.175892539322376251e-02 -2.457766607403755188e-02 -2.860819175839424133e-02 4.894662648439407349e-02 -3.893502429127693176e-02 -2.443051710724830627e-02 7.139580249786376953e-01 -9.426414966583251953e-03 -1.879585720598697662e-02 8.359236121177673340e-01 -4.955213144421577454e-02 2.996569499373435974e-02 2.533187903463840485e-02 -3.165759146213531494e-02 -7.990502752363681793e-03 8.889055810868740082e-03 4.088813066482543945e-02 1.364995073527097702e-02 -2.348035050090402365e-04 8.539216592907905579e-03 6.738286931067705154e-03 -6.717265932820737362e-04
1.235576197504997253e-01 5.846589431166648865e-02 1.035563126206398010e-01 6.091124936938285828e-02 -5.072847474366426468e-03 9.956775233149528503e-03 -6.495627760887145996e-02 1.481212582439184189e-02 1.000000000000000000e+00 1.623159348964691162e-01 2.001512050628662109e-02 -2.305538579821586609e-02 -1.349853128194808960e-01 -6.503310799598693848e-02 -1.193788275122642517e-02 2.499802038073539734e-02 -1.035572811961174011e-01 3.847419284284114838e-03 -1.947416365146636963e-02 1.419885307550430298e-01 5.849034339189529419e-02 5.116601660847663879e-02 6.941168755292892456e-02 1.719736494123935699e-02 -6.886331737041473389e-02 -6.662769615650177002e-02 -6.713389605283737183e-02 -2.539625577628612518e-02 4.076661076396703720e-03 1.483228057622909546e-01 8.174358308315277100e-02 5.376796703785657883e-03 -4.660023376345634460e-02 -3.331623226404190063e-02 6.390012055635452271e-02 2.021997235715389252e-02 8.475460857152938843e-02 -3.478626906871795654e-02 1.168035417795181274e-01 4.311755299568176270e-02 -3.478626906871795654e-02 1.594507396221160889e-01 7.417798787355422974e-02 -4.016182851046323776e-03 -1.014180108904838562e-02 3.007297217845916748e-02 6.536820530891418457e-02 4.032677039504051208e-02 7.999213784933090210e-02 1.457576174288988113e-02 3.025821037590503693e-02 2.960621379315853119e-02 1.226085275411605835e-01
-1.790761575102806091e-02 5.934142321348190308e-02 1.315672099590301514e-01 6.403490900993347168e-02 1.851997338235378265e-02 5.575487762689590454e-02 -2.456760592758655548e-02 8.686746470630168915e-03 1.623159348964691162e-01 1.000000000000000000e+00 1.966326683759689331e-02 -5.852254480123519897e-02 -7.340551167726516724e-02 7.160039246082305908e-02 -5.158340558409690857e-02 1.626137271523475647e-02 -8.550386130809783936e-02 2.324273288249969482e-01 -7.424878329038619995e-02 4.679878801107406616e-02 1.161933392286300659e-01 -5.070504918694496155e-02 -6.396675854921340942e-02 -3.016367740929126740e-02 -8.503660559654235840e-02 -1.008738428354263306e-01 -9.928597509860992432e-02 3.296593204140663147e-02 1.756954938173294067e-01 4.783050343394279480e-02 -6.877765059471130371e-02 1.567110717296600342e-01 -7.303121685981750488e-02 1.271350122988224030e-02 2.636958658695220947e-02 -1.251182425767183304e-02 1.400694698095321655e-01 -2.749431133270263672e-02 8.063562214374542236e-02 1.120895519852638245e-01 -2.204285562038421631e-02 3.364216163754463196e-02 1.106484909541904926e-03 2.236317843198776245e-02 -7.219255715608596802e-02 4.266386851668357849e-02 -3.703791275620460510e-02 6.779568642377853394e-02 8.829264697851613164e-05 8.572316914796829224e-02 8.049620315432548523e-03 6.282114237546920776e-02 1.560872513800859451e-02
-6.276653148233890533e-03 6.015397980809211731e-02 1.856567151844501495e-02 2.827402390539646149e-02 4.796697571873664856e-02 2.676269225776195526e-02 5.217568948864936829e-02 5.112938210368156433e-02 2.001512050628662109e-02 1.966326683759689331e-02 1.000000000000000000e+00 7.517911959439516068e-03 5.024939775466918945e-02 2.443480677902698517e-02 -2.996199764311313629e-03 8.442650549113750458e-03 -1.460970845073461533e-02 6.406194297596812248e-04 2.423712611198425293e-02 4.646922647953033447e-02 1.730741746723651886e-02 3.436745703220367432e-02 -1.418530475348234177e-02 1.947980746626853943e-02 -1.504537276923656464e-02 -2.385921031236648560e-02 6.237441208213567734e-03 2.033679001033306122e-02 1.405602600425481796e-02 2.883979678153991699e-02 3.022690862417221069e-02 -1.687094103544950485e-03 4.870132543146610260e-03 -3.780057886615395546e-03 -5.632731132209300995e-03 -2.844935283064842224e-02 2.611350640654563904e-02 3.896016255021095276e-02 9.676736779510974884e-03 2.830466069281101227e-02 4.651194810867309570e-02 5.125999916344881058e-03 1.694900542497634888e-02 4.565106704831123352e-02 -8.366078836843371391e-04 1.536609511822462082e-02 1.272709760814905167e-02 1.574920490384101868e-02 2.668337151408195496e-02 3.191254287958145142e-02 1.149264909327030182e-02 2.908955560997128487e-03 -2.791704423725605011e-02
6.805258244276046753e-02 -1.607079245150089264e-02 2.509598620235919952e-03 1.666369661688804626e-02 1.552818715572357178e-02 -1.080016512423753738e-02 -5.981246754527091980e-02 2.732817269861698151e-02 -2.305538579821586609e-02 -5.852254480123519897e-02 7.517911959439516068e-03 1.000000000000000000e+00 2.184872031211853027e-01 1.484540551900863647e-01 7.342900335788726807e-02 1.235773670487105846e-03 1.529475897550582886e-01 5.678298324346542358e-02 1.589742004871368408e-01 5.904419720172882080e-02 -8.045007474720478058e-03 9.997474402189254761e-02 1.244757175445556641e-01 3.120460361242294312e-02 1.227257028222084045e-01 2.498530745506286621e-01 2.740589976310729980e-01 5.737565457820892334e-02 1.643977314233779907e-01 1.057852953672409058e-01 1.264169663190841675e-01 1.228183507919311523e-02 9.297694265842437744e-02 2.156357653439044952e-02 4.421266540884971619e-02 1.987568289041519165e-01 4.175261035561561584e-02 4.014574736356735229e-02 -2.117472700774669647e-02 -2.782216062769293785e-03 -1.354392897337675095e-02 3.273262456059455872e-02 8.951095864176750183e-03 1.070247124880552292e-02 2.469043433666229248e-01 -5.096380133181810379e-03 4.183137416839599609e-02 1.623925566673278809e-02 -1.782218366861343384e-02 1.647725515067577362e-02 -1.214473508298397064e-02 1.258579175919294357e-02 9.109044075012207031e-02
-3.642752533778548241e-03 9.515029937028884888e-02 7.742819935083389282e-02 8.536687120795249939e-03 5.817130673676729202e-03 1.069242134690284729e-03 4.250695928931236267e-02 1.023294962942600250e-02 -1.349853128194808960e-01 -7.340551167726516724e-02 5.024939775466918945e-02 2.184872031211853027e-01 1.000000000000000000e+00 2.287694364786148071e-01 1.841858178377151489e-01 3.266298398375511169e-02 2.893765866756439209e-01 1.333157122135162354e-01 2.737856805324554443e-01 1.198996528983116150e-01 3.124889545142650604e-02 2.341053187847137451e-01 1.733541190624237061e-01 8.137486129999160767e-02 2.251460403203964233e-01 3.879666924476623535e-01 2.770628631114959717e-01 8.926362544298171997e-02 1.438994705677032471e-01 1.526925414800643921e-01 1.755418628454208374e-01 2.462029643356800079e-02 8.036576211452484131e-02 6.871629506349563599e-02 1.070425882935523987e-01 2.665685117244720459e-01 6.464856117963790894e-02 6.611368153244256973e-03 2.749576792120933533e-02 1.224893890321254730e-02 6.592155899852514267e-03 1.303233653306961060e-01 2.528234571218490601e-02 2.786587923765182495e-02 2.321827858686447144e-01 6.419649720191955566e-02 2.643975988030433655e-02 -2.164884470403194427e-02 5.831407755613327026e-02 2.262762561440467834e-02 -1.498656114563345909e-03 1.143775042146444321e-02 -1.782872900366783142e-02
6.678050756454467773e-02 7.775487750768661499e-02 6.264488399028778076e-02 5.249124020338058472e-02 -9.583603590726852417e-03 6.537944823503494263e-02 2.003166265785694122e-02 -1.409131661057472229e-02 -6.503310799598693848e-02 7.160039246082305908e-02 2.443480677902698517e-02 1.484540551900863647e-01 2.287694364786148071e-01 1.000000000000000000e+00 1.221086755394935608e-01 5.334172770380973816e-02 2.362471222877502441e-01 2.802856862545013428e-01 1.368161886930465698e-01 1.275876164436340332e-01 1.751176118850708008e-01 1.163067668676376343e-01 1.935682296752929688e-01 7.141362130641937256e-02 1.816394478082656860e-01 2.507496476173400879e-01 2.282043248414993286e-01 2.100033760070800781e-01 3.501913845539093018e-01 8.548972010612487793e-02 8.881507068872451782e-02 1.282571852207183838e-01 3.189735859632492065e-02 1.962479390203952789e-02 1.195146422833204269e-02 2.000728398561477661e-01 1.125964224338531494e-01 -2.173353917896747589e-02 3.198929131031036377e-02 9.326981008052825928e-02 -2.173353917896747589e-02 6.052546203136444092e-02 1.807268708944320679e-02 3.562924265861511230e-02 1.024928465485572815e-01 6.655821949243545532e-02 1.012607142329216003e-01 1.494456920772790909e-02 1.376145333051681519e-02 1.258487105369567871e-01 2.648377418518066406e-02 5.149091035127639771e-02 -3.074089181609451771e-04
4.507767409086227417e-02 3.792498260736465454e-02 1.978214830160140991e-02 2.321286872029304504e-02 -9.187883697450160980e-03 1.476527005434036255e-02 4.170878604054450989e-02 -1.404542941600084305e-02 -1.193788275122642517e-02 -5.158340558409690857e-02 -2.996199764311313629e-03 7.342900335788726807e-02 1.841858178377151489e-01 1.221086755394935608e-01 1.000000000000000000e+00 5.760961398482322693e-02 1.465360969305038452e-01 8.882709778845310211e-03 1.478566080331802368e-01 9.425827115774154663e-02 6.171597167849540710e-02 1.682164818048477173e-01 1.063257604837417603e-01 1.064575538039207458e-01 1.431564539670944214e-01 2.146624028682708740e-01 1.433958113193511963e-01 6.045655161142349243e-02 5.508628860116004944e-02 4.749980196356773376e-02 1.128512173891067505e-01 9.183104149997234344e-03 7.882682234048843384e-02 1.317910384386777878e-02 4.331439360976219177e-02 1.529637128114700317e-01 3.620872274041175842e-02 -6.568376556970179081e-04 4.889342188835144043e-02 4.033084213733673096e-02 -6.689902511425316334e-04 8.203557878732681274e-02 3.960781916975975037e-02 3.250754252076148987e-02 1.110821589827537537e-01 5.415388196706771851e-02 9.193454682826995850e-02 2.428449690341949463e-02 5.803492292761802673e-02 2.508272230625152588e-02 2.865871042013168335e-02 1.718751713633537292e-02 2.565380558371543884e-02
5.591929424554109573e-03 3.394104540348052979e-02 1.562769711017608643e-02 2.840311452746391296e-02 -2.692745300009846687e-03 1.899985410273075104e-02 3.633637726306915283e-02 -7.798249833285808563e-03 2.499802038073539734e-02 1.626137271523475647e-02 8.442650549113750458e-03 1.235773670487105846e-03 3.266298398375511169e-02 5.334172770380973816e-02 5.760961398482322693e-02 1.000000000000000000e+00 1.062861457467079163e-01 5.329531431198120117e-02 4.540675505995750427e-02 5.397526919841766357e-02 5.173840746283531189e-02 4.334107786417007446e-02 5.011507123708724976e-02 3.255886584520339966e-02 1.804941147565841675e-02 3.987878188490867615e-02 9.296852163970470428e-03 2.846517413854598999e-02 2.638067305088043213e-02 1.079715602099895477e-02 1.930375210940837860e-02 2.977459132671356201e-02 -2.346978895366191864e-02 5.600449163466691971e-03 2.639792300760746002e-02 3.987480700016021729e-02 2.847340330481529236e-02 -7.168814074248075485e-03 3.095314279198646545e-02 2.380443736910820007e-02 -1.146215479820966721e-03 4.599936772137880325e-03 1.919054612517356873e-02 2.400764077901840210e-02 -2.094162814319133759e-02 2.258925326168537140e-02 2.239696495234966278e-02 1.899719238281250000e-03 2.418832853436470032e-02 1.841165497899055481e-02 1.651747152209281921e-02 7.173548918217420578e-03 -1.065233722329139709e-02
1.257344335317611694e-01 3.811273351311683655e-02 2.664562873542308807e-02 1.716223545372486115e-02 -3.303020074963569641e-02 -6.517064291983842850e-03 2.418801747262477875e-02 4.981133388355374336e-04 -1.035572811961174011e-01 -8.550386130809783936e-02 -1.460970845073461533e-02 1.529475897550582886e-01 2.893765866756439209e-01 2.362471222877502441e-01 1.465360969305038452e-01 1.062861457467079163e-01 1.000000000000000000e+00 3.080930411815643311e-01 3.677552640438079834e-01 1.624680459499359131e-01 7.509350776672363281e-02 3.106667697429656982e-01 3.303444385528564453e-01 1.633790582418441772e-01 3.498587012290954590e-01 4.623904526233673096e-01 4.243234395980834961e-01 3.977500274777412415e-02 5.320902168750762939e-02 9.291792660951614380e-02 2.071355581283569336e-01 3.810349479317665100e-02 2.233568429946899414e-01 4.540562257170677185e-02 9.191364794969558716e-02 3.836247026920318604e-01 5.685769394040107727e-02 -2.223371900618076324e-02 -1.609484292566776276e-02 1.995248347520828247e-02 1.016792189329862595e-02 1.429792791604995728e-01 2.452357113361358643e-02 2.827322110533714294e-02 1.545917242765426636e-01 3.308028355240821838e-02 1.026078313589096069e-01 -3.662062436342239380e-02 4.794854298233985901e-02 6.774322129786014557e-03 4.638952389359474182e-02 4.767014086246490479e-02 1.603944972157478333e-02
2.452317811548709869e-02 1.192220076918601990e-01 1.315727829933166504e-01 6.860071420669555664e-02 8.295447565615177155e-03 5.433890596032142639e-02 -1.065167225897312164e-02 -3.321603406220674515e-03 3.847419284284114838e-03 2.324273288249969482e-01 6.406194297596812248e-04 5.678298324346542358e-02 1.333157122135162354e-01 2.802856862545013428e-01 8.882709778845310211e-03 5.329531431198120117e-02 3.080930411815643311e-01 1.000000000000000000e+00 6.826613843441009521e-02 2.064383924007415771e-01 2.204140424728393555e-01 5.516038835048675537e-02 1.189907416701316833e-01 3.799477219581604004e-02 1.275507956743240356e-01 1.438669413328170776e-01 5.607506260275840759e-02 6.045592576265335083e-02 3.669636249542236328e-01 1.268151253461837769e-01 3.053643973544239998e-03 1.904885917901992798e-01 7.774840295314788818e-02 6.239471212029457092e-02 1.490178406238555908e-01 3.001380860805511475e-01 1.849583536386489868e-01 -2.768518030643463135e-02 -4.193947836756706238e-02 6.104425340890884399e-02 -2.957913465797901154e-02 1.379053145647048950e-01 3.539301455020904541e-02 5.271009169518947601e-03 2.991981990635395050e-02 5.929923057556152344e-02 -3.016908094286918640e-02 1.385403051972389221e-02 -1.622425951063632965e-02 9.147288650274276733e-02 -4.961845465004444122e-03 1.030426938086748123e-02 -9.426885098218917847e-02
9.504461288452148438e-02 7.125291228294372559e-02 5.616564676165580750e-02 1.587528549134731293e-02 -4.912889376282691956e-02 2.145144529640674591e-02 1.003769189119338989e-01 -5.054524913430213928e-02 -1.947416365146636963e-02 -7.424878329038619995e-02 2.423712611198425293e-02 1.589742004871368408e-01 2.737856805324554443e-01 1.368161886930465698e-01 1.478566080331802368e-01 4.540675505995750427e-02 3.677552640438079834e-01 6.826613843441009521e-02 1.000000000000000000e+00 3.039342761039733887e-01 1.657218933105468750e-01 4.390124082565307617e-01 2.486907094717025757e-01 2.383673936128616333e-01 3.320019543170928955e-01 3.301539719104766846e-01 3.214005529880523682e-01 5.952862277626991272e-02 2.793491072952747345e-02 1.347171962261199951e-01 2.273486703634262085e-01 8.224057033658027649e-03 1.743235290050506592e-01 7.295011729001998901e-02 1.108588427305221558e-01 2.414867877960205078e-01 9.680950641632080078e-02 -4.211688041687011719e-02 3.232443332672119141e-02 5.273321643471717834e-02 -4.211688041687011719e-02 2.050099223852157593e-01 6.303246319293975830e-02 1.156830117106437683e-01 2.352546751499176025e-01 8.071915805339813232e-02 1.496782600879669189e-01 1.137849912047386169e-01 1.564623713493347168e-01 5.565107241272926331e-02 2.847386524081230164e-02 3.649234026670455933e-02 5.323123931884765625e-02
7.621423155069351196e-02 1.465525031089782715e-01 1.131629198789596558e-01 8.439661562442779541e-02 1.915696822106838226e-02 5.173267796635627747e-02 5.915622413158416748e-02 2.130199782550334930e-02 1.419885307550430298e-01 4.679878801107406616e-02 4.646922647953033447e-02 5.904419720172882080e-02 1.198996528983116150e-01 1.275876164436340332e-01 9.425827115774154663e-02 5.397526919841766357e-02 1.624680459499359131e-01 2.064383924007415771e-01 3.039342761039733887e-01 1.000000000000000000e+00 2.629517912864685059e-01 3.174825608730316162e-01 2.278131693601608276e-01 1.841539591550827026e-01 1.697541177272796631e-01 1.692720949649810791e-01 1.579267978668212891e-01 6.959600746631622314e-02 1.092887967824935913e-01 1.328430473804473877e-01 1.544973999261856079e-01 3.889562934637069702e-02 5.029148608446121216e-02 2.683761343359947205e-02 1.357931643724441528e-01 1.956363469362258911e-01 1.692892163991928101e-01 2.101556211709976196e-02 2.482581324875354767e-02 7.901342213153839111e-02 2.101556211709976196e-02 1.927824765443801880e-01 7.532121241092681885e-02 6.449014693498611450e-02 1.255247890949249268e-01 8.103773742914199829e-02 8.610925823450088501e-02 3.775707259774208069e-02 1.067003309726715088e-01 7.658876478672027588e-02 3.126183897256851196e-02 2.132970653474330902e-02 -8.306922391057014465e-03
2.382716163992881775e-02 7.013501971960067749e-02 7.772469520568847656e-02 6.759905070066452026e-02 7.230996619910001755e-03 8.323550224304199219e-02 4.819433018565177917e-02 2.937225159257650375e-03 5.849034339189529419e-02 1.161933392286300659e-01 1.730741746723651886e-02 -8.045007474720478058e-03 3.124889545142650604e-02 1.751176118850708008e-01 6.171597167849540710e-02 5.173840746283531189e-02 7.509350776672363281e-02 2.204140424728393555e-01 1.657218933105468750e-01 2.629517912864685059e-01 1.000000000000000000e+00 2.167531102895736694e-01 1.614249795675277710e-01 1.348903179168701172e-01 9.902929514646530151e-02 9.637839347124099731e-02 6.440509110689163208e-02 9.532929211854934692e-02 1.381045579910278320e-01 5.970759317278862000e-02 5.686765164136886597e-02 9.172648191452026367e-02 5.032797809690237045e-03 2.031089924275875092e-02 4.026599600911140442e-02 1.123724207282066345e-01 1.070820018649101257e-01 3.155600745230913162e-03 4.901127889752388000e-03 1.133854091167449951e-01 1.221687067300081253e-03 5.857568979263305664e-02 5.423932522535324097e-02 8.612807095050811768e-02 4.786033555865287781e-02 5.789187550544738770e-02 1.393539309501647949e-01 3.172589465975761414e-02 5.347316339612007141e-02 1.031773388385772705e-01 4.988661408424377441e-02 3.295522555708885193e-02 1.691781729459762573e-02
1.034625694155693054e-01 1.104694306850433350e-01 1.003363281488418579e-01 1.891701668500900269e-02 -5.246130749583244324e-02 3.115977533161640167e-02 5.215031281113624573e-02 -5.105478316545486450e-02 5.116601660847663879e-02 -5.070504918694496155e-02 3.436745703220367432e-02 9.997474402189254761e-02 2.341053187847137451e-01 1.163067668676376343e-01 1.682164818048477173e-01 4.334107786417007446e-02 3.106667697429656982e-01 5.516038835048675537e-02 4.390124082565307617e-01 3.174825608730316162e-01 2.167531102895736694e-01 1.000000000000000000e+00 2.472224384546279907e-01 2.174701392650604248e-01 2.480794042348861694e-01 3.037620484828948975e-01 3.530902564525604248e-01 9.950292110443115234e-02 3.018413670361042023e-02 1.223482340574264526e-01 2.653350234031677246e-01 2.457120269536972046e-02 1.383570432662963867e-01 5.421766638755798340e-02 1.685470193624496460e-01 3.016298115253448486e-01 8.069784194231033325e-02 -4.325889050960540771e-02 -1.728324778378009796e-02 7.500791549682617188e-02 -4.325889050960540771e-02 2.370605915784835815e-01 1.548412591218948364e-01 8.737438172101974487e-02 2.896300256252288818e-01 6.092954799532890320e-02 2.372358441352844238e-01 4.112391173839569092e-02 1.702030003070831299e-01 5.454744398593902588e-02 3.525435552000999451e-02 2.230954729020595551e-02 6.676492094993591309e-02
9.508956968784332275e-02 5.090098828077316284e-02 6.215063109993934631e-02 2.150718308985233307e-02 -4.889548197388648987e-02 2.121297270059585571e-02 1.705537433736026287e-03 -2.730849757790565491e-02 6.941168755292892456e-02 -6.396675854921340942e-02 -1.418530475348234177e-02 1.244757175445556641e-01 1.733541190624237061e-01 1.935682296752929688e-01 1.063257604837417603e-01 5.011507123708724976e-02 3.303444385528564453e-01 1.189907416701316833e-01 2.486907094717025757e-01 2.278131693601608276e-01 1.614249795675277710e-01 2.472224384546279907e-01 1.000000000000000000e+00 1.571626514196395874e-01 2.490566223859786987e-01 2.940035760402679443e-01 2.682281434535980225e-01 5.836981534957885742e-02 1.053205952048301697e-01 1.369755417108535767e-01 1.766736507415771484e-01 6.002557277679443359e-02 8.862864226102828979e-02 -1.252379640936851501e-02 4.677900299429893494e-02 2.616946101188659668e-01 7.977178692817687988e-02 -2.750529721379280090e-02 -2.473969385027885437e-02 2.796656824648380280e-02 -1.616740040481090546e-02 1.185572445392608643e-01 4.439702630043029785e-02 6.376925855875015259e-02 1.348442584276199341e-01 6.041772663593292236e-02 6.155585497617721558e-02 -1.203551329672336578e-02 2.349632233381271362e-02 2.116885036230087280e-02 4.074636474251747131e-02 2.340785227715969086e-02 2.985754690598696470e-04
5.726910009980201721e-02 3.434142097830772400e-02 9.088955819606781006e-03 2.800581790506839752e-02 1.100242225220426917e-04 2.518470212817192078e-02 2.751636505126953125e-02 1.362708397209644318e-03 1.719736494123935699e-02 -3.016367740929126740e-02 1.947980746626853943e-02 3.120460361242294312e-02 8.137486129999160767e-02 7.141362130641937256e-02 1.064575538039207458e-01 3.255886584520339966e-02 1.633790582418441772e-01 3.799477219581604004e-02 2.383673936128616333e-01 1.841539591550827026e-01 1.348903179168701172e-01 2.174701392650604248e-01 1.571626514196395874e-01 1.000000000000000000e+00 1.760692149400711060e-01 1.919971257448196411e-01 1.620085686445236206e-01 6.111572682857513428e-02 2.603084035217761993e-02 4.576802626252174377e-02 1.218121498823165894e-01 3.399331122636795044e-02 5.010560154914855957e-02 1.351363118737936020e-02 1.952407509088516235e-02 1.222519576549530029e-01 3.442706912755966187e-02 9.647528640925884247e-03 1.640555448830127716e-02 4.491834342479705811e-02 9.659633040428161621e-03 7.538325339555740356e-02 4.510926082730293274e-02 6.312333792448043823e-02 9.607352316379547119e-02 2.910045534372329712e-02 8.543606847524642944e-02 3.063913248479366302e-02 3.811749815940856934e-02 2.414396405220031738e-02 2.210636064410209656e-02 2.442841045558452606e-02 3.328986838459968567e-02
1.029073297977447510e-01 5.059081688523292542e-02 2.759785391390323639e-02 2.988170366734266281e-03 -3.591943904757499695e-02 7.310183718800544739e-03 2.926206961274147034e-02 -2.158748731017112732e-02 -6.886331737041473389e-02 -8.503660559654235840e-02 -1.504537276923656464e-02 1.227257028222084045e-01 2.251460403203964233e-01 1.816394478082656860e-01 1.431564539670944214e-01 1.804941147565841675e-02 3.498587012290954590e-01 1.275507956743240356e-01 3.320019543170928955e-01 1.697541177272796631e-01 9.902929514646530151e-02 2.480794042348861694e-01 2.490566223859786987e-01 1.760692149400711060e-01 1.000000000000000000e+00 3.277843892574310303e-01 2.920085191726684570e-01 6.112113222479820251e-02 8.027789741754531860e-02 1.061742007732391357e-01 1.576280146837234497e-01 6.538279820233583450e-03 1.400312483310699463e-01 4.199501872062683105e-02 3.949384018778800964e-02 2.541792392730712891e-01 5.834489688277244568e-02 -3.698034211993217468e-02 2.119433134794235229e-03 9.106965735554695129e-03 -3.698034211993217468e-02 1.226834505796432495e-01 2.270605228841304779e-02 3.468170762062072754e-02 1.552486717700958252e-01 5.577677115797996521e-02 6.311422586441040039e-02 1.138398982584476471e-02 4.489449411630630493e-02 1.606287434697151184e-02 2.556490339338779449e-02 1.291051413863897324e-02 4.853310994803905487e-03
5.869640409946441650e-02 2.322956733405590057e-02 5.399238690733909607e-02 1.229113154113292694e-02 -6.718013901263475418e-03 -1.225396059453487396e-02 1.520436350256204605e-02 -3.386709466576576233e-02 -6.662769615650177002e-02 -1.008738428354263306e-01 -2.385921031236648560e-02 2.498530745506286621e-01 3.879666924476623535e-01 2.507496476173400879e-01 2.146624028682708740e-01 3.987878188490867615e-02 4.623904526233673096e-01 1.438669413328170776e-01 3.301539719104766846e-01 1.692720949649810791e-01 9.637839347124099731e-02 3.037620484828948975e-01 2.940035760402679443e-01 1.919971257448196411e-01 3.277843892574310303e-01 1.000000000000000000e+00 4.158118665218353271e-01 7.243037968873977661e-02 1.635521650314331055e-01 1.025101095438003540e-01 2.329825013875961304e-01 4.428517818450927734e-02 2.042203247547149658e-01 4.945633560419082642e-02 1.031850725412368774e-01 4.251726269721984863e-01 6.527861207723617554e-02 -3.059890586882829666e-03 2.900352235883474350e-03 1.990403048694133759e-02 -2.854175120592117310e-02 1.870669424533843994e-01 3.194378316402435303e-02 2.701913192868232727e-02 2.180585116147994995e-01 2.371859923005104065e-02 7.777059078216552734e-02 1.570441201329231262e-02 1.780703105032444000e-02 -1.702382229268550873e-03 3.107708878815174103e-02 7.061485946178436279e-02 8.703700453042984009e-02
8.770596981048583984e-02 5.725056864321231842e-03 2.480632811784744263e-02 7.886733859777450562e-03 -4.248711466789245605e-02 -1.083232834935188293e-02 -2.268020249903202057e-02 -1.284016482532024384e-02 -6.713389605283737183e-02 -9.928597509860992432e-02 6.237441208213567734e-03 2.740589976310729980e-01 2.770628631114959717e-01 2.282043248414993286e-01 1.433958113193511963e-01 9.296852163970470428e-03 4.243234395980834961e-01 5.607506260275840759e-02 3.214005529880523682e-01 1.579267978668212891e-01 6.440509110689163208e-02 3.530902564525604248e-01 2.682281434535980225e-01 1.620085686445236206e-01 2.920085191726684570e-01 4.158118665218353271e-01 1.000000000000000000e+00 1.169895827770233154e-01 1.442914158105850220e-01 1.209120675921440125e-01 2.368981093168258667e-01 -9.594552218914031982e-03 1.117503866553306580e-01 3.900630027055740356e-02 2.941182442009449005e-02 3.404879271984100342e-01 4.686195030808448792e-02 -2.869310230016708374e-02 3.522332012653350830e-02 2.537673711776733398e-02 -3.012517932802438736e-03 1.704126298427581787e-01 7.794260978698730469e-02 2.769162133336067200e-02 3.215127885341644287e-01 1.787723600864410400e-02 9.466116130352020264e-02 -3.100438043475151062e-02 8.397837169468402863e-03 2.856649830937385559e-02 1.717478595674037933e-02 1.783604547381401062e-02 4.522094875574111938e-02
2.073593623936176300e-02 4.541641101241111755e-02 2.851780690252780914e-02 2.782387472689151764e-02 -1.051988732069730759e-02 5.654502287507057190e-02 1.524937432259321213e-02 -1.404502149671316147e-02 -2.539625577628612518e-02 3.296593204140663147e-02 2.033679001033306122e-02 5.737565457820892334e-02 8.926362544298171997e-02 2.100033760070800781e-01 6.045655161142349243e-02 2.846517413854598999e-02 3.977500274777412415e-02 6.045592576265335083e-02 5.952862277626991272e-02 6.959600746631622314e-02 9.532929211854934692e-02 9.950292110443115234e-02 5.836981534957885742e-02 6.111572682857513428e-02 6.112113222479820251e-02 7.243037968873977661e-02 1.169895827770233154e-01 1.000000000000000000e+00 1.413893997669219971e-01 5.900098010897636414e-02 1.217061728239059448e-01 5.205246433615684509e-02 3.549489192664623260e-03 2.055125683546066284e-02 7.791321258991956711e-03 6.473410129547119141e-02 5.971298366785049438e-02 -1.907062157988548279e-02 4.032567143440246582e-03 4.487430676817893982e-02 -1.907062157988548279e-02 3.149079531431198120e-02 3.569243103265762329e-02 2.292386256158351898e-02 5.911027640104293823e-02 1.914470456540584564e-02 7.740741968154907227e-02 7.770283147692680359e-03 1.323043555021286011e-02 7.661509513854980469e-02 2.956737577915191650e-02 1.940476708114147186e-02 -1.652508601546287537e-02
-1.985610835254192352e-02 2.906413562595844269e-02 8.414006233215332031e-02 8.439937233924865723e-02 -2.759482478722929955e-03 4.546119272708892822e-02 -4.857340082526206970e-02 4.797470290213823318e-03 4.076661076396703720e-03 1.756954938173294067e-01 1.405602600425481796e-02 1.643977314233779907e-01 1.438994705677032471e-01 3.501913845539093018e-01 5.508628860116004944e-02 2.638067305088043213e-02 5.320902168750762939e-02 3.669636249542236328e-01 2.793491072952747345e-02 1.092887967824935913e-01 1.381045579910278320e-01 3.018413670361042023e-02 1.053205952048301697e-01 2.603084035217761993e-02 8.027789741754531860e-02 1.635521650314331055e-01 1.442914158105850220e-01 1.413893997669219971e-01 1.000000000000000000e+00 1.100420430302619934e-01 3.851481154561042786e-02 3.320897221565246582e-01 -1.079034409485757351e-03 1.589780487120151520e-02 4.691014066338539124e-02 1.763745993375778198e-01 1.488027125597000122e-01 -1.893407851457595825e-02 -3.882349655032157898e-02 1.235165446996688843e-01 -1.069812010973691940e-02 3.639202192425727844e-02 3.549824655055999756e-02 1.195145957171916962e-02 1.326330304145812988e-01 1.331981644034385681e-02 3.296738490462303162e-02 2.563718333840370178e-02 -2.832501381635665894e-02 1.201197654008865356e-01 1.164914760738611221e-02 1.409997511655092239e-02 -5.375740583986043930e-04
