1.000000000000000000e+00 3.899202048778533936e-01 2.370575815439224243e-01 2.907779514789581299e-01 3.010129034519195557e-01 2.404173761606216431e-01 1.716521680355072021e-01 1.868171542882919312e-01 3.670103102922439575e-02 1.472024060785770416e-02 3.497785329818725586e-02 5.737293884158134460e-02 1.173557154834270477e-02 -1.628255005925893784e-03 5.692525207996368408e-02 -1.437604427337646484e-02 -9.798764251172542572e-03 2.538486756384372711e-02 3.468313440680503845e-02 8.009210228919982910e-02 2.129277214407920837e-02 7.030076533555984497e-02 8.457558229565620422e-03 1.200112551450729370e-01 3.484443761408329010e-03 -6.465156562626361847e-03 -5.604815203696489334e-03 1.395445968955755234e-02 3.021925687789916992e-02 1.085171699523925781e-01 5.918927118182182312e-02 7.303612679243087769e-02 9.870246052742004395e-02 2.394897490739822388e-02 1.446086727082729340e-02 1.264961436390876770e-02 -1.914102211594581604e-02 1.249010488390922546e-01 2.866594493389129639e-02 2.973149903118610382e-02 1.637513786554336548e-01 7.440109550952911377e-02 2.999595925211906433e-02 1.750026829540729523e-02 2.520806342363357544e-02 1.928479969501495361e-02 4.729922860860824585e-02 6.330511718988418579e-02 1.492558121681213379e-01 6.387440860271453857e-02 3.483924642205238342e-02 4.588818550109863281e-02 7.106949388980865479e-02 1.993211545050144196e-02 -5.683468282222747803e-02 -4.475004039704799652e-03 7.634928077459335327e-02 3.078980371356010437e-02 1.200083526782691479e-03 1.320541277527809143e-02 -1.310104597359895706e-02 2.670492045581340790e-02 4.679149016737937927e-02 -2.086120285093784332e-02 4.962192848324775696e-03 2.033427730202674866e-02 2.216607518494129181e-02 -2.847255580127239227e-02 5.673241335898637772e-03 8.906420320272445679e-03 4.526241868734359741e-02 4.007353633642196655e-02 -5.688350647687911987e-03 4.330212250351905823e-03 1.660843752324581146e-02 2.638266608119010925e-02 6.394025683403015137e-02 9.792149811983108521e-02 8.475272916257381439e-03 5.465079098939895630e-02 1.250988841056823730e-01 1.097381711006164551e-01 2.648296998813748360e-03 1.140840724110603333e-01 1.047410219907760620e-01 1.522903703153133392e-02 3.904321417212486267e-02 4.897081106901168823e-02 6.235778797417879105e-03 -1.015493529848754406e-03 1.152754575014114380e-02 2.124082483351230621e-02 2.376095205545425415e-02 2.849593292921781540e-03 -7.371651474386453629e-03 1.609944738447666168e-02 1.737000979483127594e-02 4.264971986413002014e-02 4.374276101589202881e-02 1.224318798631429672e-02 1.164751499891281128e-02 2.730385027825832367e-02 7.525111548602581024e-03 2.576089650392532349e-02 3.000950813293457031e-02 3.576133027672767639e-02 4.087513312697410583e-02 4.758294671773910522e-02 5.800649151206016541e-02 4.506373032927513123e-02 1.152312606573104858e-01 1.529024392366409302e-01 1.452831476926803589e-01 8.959046751260757446e-02 6.684115529060363770e-02 5.379760172218084335e-03
3.899202048778533936e-01 1.000000000000000000e+00 3.500630557537078857e-01 3.454909026622772217e-01 4.374314248561859131e-01 4.280152618885040283e-01 2.614941895008087158e-01 1.434159427881240845e-01 2.408492192625999451e-02 2.544796280562877655e-02 9.876161068677902222e-02 1.400900632143020630e-01 -5.853761918842792511e-03 1.656002178788185120e-02 1.663109101355075836e-02 -1.581381261348724365e-02 -5.224909167736768723e-03 3.426005132496356964e-03 -3.982048481702804565e-02 -5.735856480896472931e-03 2.009164541959762573e-02 1.008813455700874329e-01 -4.847513046115636826e-03 1.900804340839385986e-01 2.853550948202610016e-02 5.050546303391456604e-02 -3.895754367113113403e-02 5.498795211315155029e-02 5.994087457656860352e-02 1.693894565105438232e-01 7.330108433961868286e-02 9.825745224952697754e-02 2.140717059373855591e-01 6.379597634077072144e-02 4.851131141185760498e-02 7.098004221916198730e-02 -3.120398893952369690e-02 1.607089489698410034e-01 5.566465109586715698e-02 5.328111350536346436e-02 3.005679547786712646e-01 1.206577643752098083e-01 4.545344784855842590e-02 4.191872105002403259e-02 5.105964466929435730e-02 5.254880338907241821e-02 1.061136797070503235e-01 -1.120152766816318035e-03 1.431908160448074341e-01 1.092199906706809998e-01 5.613594129681587219e-02 9.956065565347671509e-02 1.138651445508003235e-01 2.088546752929687500e-02 -7.284111529588699341e-02 -3.399500995874404907e-02 1.298892349004745483e-01 7.427193969488143921e-02 -5.760942120105028152e-03 6.975794583559036255e-02 9.437418542802333832e-03 2.651487663388252258e-02 4.072003066539764404e-02 1.219397969543933868e-02 -4.091343283653259277e-02 5.215621739625930786e-02 4.405979532748460770e-03 -4.467638954520225525e-02 2.129390649497509003e-02 7.511733099818229675e-03 7.557189464569091797e-02 6.836252659559249878e-02 -2.216676063835620880e-02 2.543300762772560120e-02 4.624214395880699158e-02 3.202854841947555542e-02 1.172292307019233704e-01 1.714522093534469604e-01 -3.568331897258758545e-02 7.899892330169677734e-02 7.698935270309448242e-02 1.075165867805480957e-01 5.254310369491577148e-02 1.645118296146392822e-01 1.527618616819381714e-01 2.800587192177772522e-02 5.557217448949813843e-02 4.152708500623703003e-02 4.171577841043472290e-02 -1.359442714601755142e-03 1.188709866255521774e-02 1.437813043594360352e-02 2.231095358729362488e-02 3.871000185608863831e-02 5.481416359543800354e-03 2.350657992064952850e-02 2.403859607875347137e-02 5.784700438380241394e-02 4.636404663324356079e-02 3.555534407496452332e-02 4.396007582545280457e-02 1.798303239047527313e-02 7.643020153045654297e-02 8.146829158067703247e-02 8.803123980760574341e-02 6.438554823398590088e-02 7.761510461568832397e-02 1.138777881860733032e-01 1.162387356162071228e-01 3.889732062816619873e-02 1.321601569652557373e-01 2.126592546701431274e-01 1.606210470199584961e-01 1.094167977571487427e-01 1.051913350820541382e-01 -2.605156041681766510e-02
2.370575815439224243e-01 3.500630557537078857e-01 1.000000000000000000e+00 4.042174220085144043e-01 3.690112233161926270e-01 3.656423091888427734e-01 5.464790463447570801e-01 2.821452617645263672e-01 2.963773719966411591e-02 4.522874951362609863e-02 1.350979059934616089e-01 5.213335528969764709e-02 2.008641511201858521e-02 5.186910554766654968e-02 1.505585503764450550e-03 1.528179855085909367e-03 1.582922786474227905e-02 2.813573740422725677e-02 -3.668722510337829590e-02 -5.618650838732719421e-02 1.791255176067352295e-02 2.963243424892425537e-02 4.113344848155975342e-02 1.873645931482315063e-01 1.341776084154844284e-02 2.546045556664466858e-02 2.112919092178344727e-02 3.546535596251487732e-02 3.341367840766906738e-02 1.309300959110260010e-01 4.544662684202194214e-02 7.347866892814636230e-02 2.006251364946365356e-02 9.275485575199127197e-02 2.627216465771198273e-02 1.777203567326068878e-02 6.597977876663208008e-02 1.702460199594497681e-01 3.026958927512168884e-02 3.498718515038490295e-02 2.142229974269866943e-01 1.346672922372817993e-01 6.686478108167648315e-02 2.226461656391620636e-02 1.199693456292152405e-01 3.403579443693161011e-02 8.880645036697387695e-02 -2.894581295549869537e-02 3.004806339740753174e-01 7.076957821846008301e-02 1.168950274586677551e-01 8.874245733022689819e-02 2.197137288749217987e-02 2.988990843296051025e-01 1.769268661737442017e-01 3.019408881664276123e-01 9.684326499700546265e-02 1.006752699613571167e-01 1.661586388945579529e-02 7.523300498723983765e-02 3.086587227880954742e-02 1.063176244497299194e-01 2.840739861130714417e-02 7.093641161918640137e-02 9.282240271568298340e-02 4.960159212350845337e-02 9.680595248937606812e-02 1.163041777908802032e-02 1.130280829966068268e-02 5.616229027509689331e-02 7.174120098352432251e-02 8.967285044491291046e-03 6.782639771699905396e-02 5.894901230931282043e-02 4.619460180401802063e-02 1.663993112742900848e-02 8.857256919145584106e-02 8.981715887784957886e-02 8.012138307094573975e-02 1.459087729454040527e-01 1.905915094539523125e-03 2.928803488612174988e-02 3.445982187986373901e-02 1.652555912733078003e-01 2.147557139396667480e-01 1.944598741829395294e-02 3.214635327458381653e-02 2.195510715246200562e-01 1.966834068298339844e-02 5.187020450830459595e-02 1.183499302715063095e-02 1.894776523113250732e-02 5.819769576191902161e-02 5.825411528348922729e-02 3.829020261764526367e-02 3.267043503001332283e-03 2.583107165992259979e-02 5.522861331701278687e-02 7.031543552875518799e-02 2.199814654886722565e-02 2.866500429809093475e-02 1.412801444530487061e-01 5.780300498008728027e-02 5.444639921188354492e-02 6.438134610652923584e-02 1.474360972642898560e-01 4.876132309436798096e-02 4.456723108887672424e-02 9.060630202293395996e-02 7.646639645099639893e-02 7.923399657011032104e-02 1.159647479653358459e-01 1.152770966291427612e-01 6.266912072896957397e-02 2.844755724072456360e-02 1.700206473469734192e-02
2.907779514789581299e-01 3.454909026622772217e-01 4.042174220085144043e-01 1.000000000000000000e+00 4.213564991950988770e-01 3.680889904499053955e-01 4.132757186889648438e-01 3.088999986648559570e-01 9.678526222705841064e-02 2.835647203028202057e-02 6.445834040641784668e-02 6.101981550455093384e-02 2.361131645739078522e-02 1.536019518971443176e-02 3.291908651590347290e-02 1.476689707487821579e-02 8.024768903851509094e-03 3.055893443524837494e-02 5.161563307046890259e-02 9.432180225849151611e-02 4.043961316347122192e-02 5.521954968571662903e-02 5.027879774570465088e-02 1.630862951278686523e-01 1.016469858586788177e-02 1.163308043032884598e-02 5.002144724130630493e-03 2.563031949102878571e-02 6.763601303100585938e-02 1.708431243896484375e-01 9.507195651531219482e-02 8.022227138280868530e-02 8.662530779838562012e-02 6.511885672807693481e-02 2.643023058772087097e-02 1.202220935374498367e-02 9.078609757125377655e-03 2.103537619113922119e-01 5.052165314555168152e-02 2.746271714568138123e-02 2.666449248790740967e-01 1.142902299761772156e-01 3.953890129923820496e-02 1.165593974292278290e-02 7.429540157318115234e-02 4.440850391983985901e-02 7.641224563121795654e-02 8.206006139516830444e-02 2.822948396205902100e-01 5.974360182881355286e-02 1.090122982859611511e-01 8.144891262054443359e-02 5.098492279648780823e-02 1.812636554241180420e-01 2.304403856396675110e-02 1.304394006729125977e-01 9.975208342075347900e-02 7.541248202323913574e-02 -9.859688580036163330e-03 5.221863090991973877e-02 8.414101786911487579e-03 8.846151828765869141e-02 6.068702787160873413e-02 2.566275931894779205e-02 1.049659103155136108e-01 4.536605626344680786e-02 9.516714513301849365e-02 2.418923191726207733e-03 1.978721283376216888e-02 3.749756887555122375e-02 8.519910275936126709e-02 3.173719346523284912e-02 3.618844971060752869e-02 5.060715600848197937e-03 2.625251375138759613e-02 2.285208553075790405e-02 1.112811043858528137e-01 1.218824312090873718e-01 5.738222226500511169e-02 7.801949232816696167e-02 7.664979994297027588e-02 7.906191051006317139e-02 1.107135787606239319e-02 1.816106140613555908e-01 1.895296722650527954e-01 2.660471200942993164e-02 3.390963003039360046e-02 1.388958990573883057e-01 2.427859976887702942e-02 1.245543733239173889e-02 2.824687398970127106e-02 3.596710786223411560e-02 9.464950114488601685e-02 4.925158619880676270e-02 5.635277484543621540e-04 3.426153585314750671e-02 2.746181748807430267e-02 5.920699983835220337e-02 6.552781909704208374e-02 3.371751308441162109e-02 2.149563282728195190e-02 5.870807543396949768e-02 1.611689291894435883e-02 2.669771760702133179e-02 4.827600345015525818e-02 7.423658668994903564e-02 3.925248980522155762e-02 4.288682341575622559e-02 8.092911541461944580e-02 8.591177314519882202e-02 1.054454147815704346e-01 1.210496351122856140e-01 1.405389457941055298e-01 8.601441979408264160e-02 6.217844039201736450e-02 2.134762890636920929e-02
3.010129034519195557e-01 4.374314248561859131e-01 3.690112233161926270e-01 4.213564991950988770e-01 1.000000000000000000e+00 4.600760042667388916e-01 3.094218671321868896e-01 2.411891520023345947e-01 6.435786932706832886e-02 3.809365257620811462e-02 6.319706887006759644e-02 1.107104122638702393e-01 2.496138960123062134e-02 6.048423238098621368e-03 6.021394953131675720e-02 3.667814657092094421e-02 -6.129823625087738037e-03 2.944686450064182281e-02 3.729997947812080383e-02 7.492712885141372681e-02 5.721555277705192566e-02 8.948533236980438232e-02 3.913581743836402893e-02 2.168900221586227417e-01 3.761783242225646973e-02 2.990195527672767639e-02 7.084472570568323135e-03 4.159484803676605225e-02 1.015950441360473633e-01 2.273199260234832764e-01 1.536960899829864502e-01 1.024928390979766846e-01 1.561059951782226562e-01 6.927108019590377808e-02 3.703260421752929688e-02 3.371433168649673462e-02 8.789098821580410004e-03 2.437003403902053833e-01 6.813111156225204468e-02 4.526989534497261047e-02 3.561199307441711426e-01 1.541139483451843262e-01 6.018188968300819397e-02 3.260338306427001953e-02 6.363915652036666870e-02 4.365858063101768494e-02 9.649267792701721191e-02 6.764037907123565674e-02 2.334177643060684204e-01 6.700474768877029419e-02 1.025585532188415527e-01 1.369700282812118530e-01 5.679638311266899109e-02 5.129680410027503967e-02 -1.026329994201660156e-01 -1.501892600208520889e-02 1.112925037741661072e-01 6.604127585887908936e-02 1.745045650750398636e-03 3.487568348646163940e-02 5.869165062904357910e-02 4.744660109281539917e-02 9.480281919240951538e-02 -1.771895028650760651e-02 1.072245463728904724e-02 3.854944929480552673e-02 3.610644489526748657e-02 -3.693434596061706543e-02 2.346411906182765961e-02 9.881699457764625549e-03 7.373786717653274536e-02 6.594527512788772583e-02 3.397391876205801964e-03 6.658171769231557846e-03 6.008316949009895325e-02 4.498643055558204651e-02 1.510262489318847656e-01 2.032672315835952759e-01 2.380200749030336738e-04 1.035546138882637024e-01 1.432310193777084351e-01 1.491374671459197998e-01 2.341878600418567657e-02 2.473619729280471802e-01 1.658344566822052002e-01 3.961973637342453003e-02 6.493748724460601807e-02 1.020724773406982422e-01 3.897438570857048035e-02 2.125905640423297882e-02 3.665805608034133911e-02 2.828373014926910400e-02 2.326722815632820129e-02 1.133648399263620377e-02 5.734039936214685440e-03 3.765776008367538452e-02 2.687183208763599396e-02 8.320295810699462891e-02 6.559967249631881714e-02 2.714880369603633881e-02 7.460133731365203857e-02 4.066707938909530640e-02 4.261713102459907532e-02 3.938369080424308777e-02 7.766792178153991699e-02 9.610185027122497559e-02 6.419182568788528442e-02 9.677337110042572021e-02 8.353581279516220093e-02 6.621234863996505737e-02 1.658395975828170776e-01 1.818181574344635010e-01 1.560478955507278442e-01 1.194520890712738037e-01 9.221007674932479858e-02 -5.621106363832950592e-03
2.404173761606216431e-01 4.280152618885040283e-01 3.656423091888427734e-01 3.680889904499053955e-01 4.600760042667388916e-01 1.000000000000000000e+00 4.140913486480712891e-01 2.501823306083679199e-01 5.971183255314826965e-02 3.053574822843074799e-02 1.128807291388511658e-01 1.266280710697174072e-01 1.623443141579627991e-02 2.339806780219078064e-02 7.911353372037410736e-03 3.378491103649139404e-02 1.282705925405025482e-02 3.481487557291984558e-02 1.400990132242441177e-02 3.258221969008445740e-02 3.308840095996856689e-02 9.229680895805358887e-02 2.879256941378116608e-02 1.852156519889831543e-01 2.035083435475826263e-02 1.415139343589544296e-02 8.659102953970432281e-03 5.313579738140106201e-02 7.447749376296997070e-02 1.790635436773300171e-01 9.202487021684646606e-02 1.098190769553184509e-01 1.496407389640808105e-01 8.816245198249816895e-02 5.697118490934371948e-02 5.924851074814796448e-02 -2.140051219612360001e-03 2.170659452676773071e-01 6.331112235784530640e-02 5.765844509005546570e-02 2.973336279392242432e-01 1.422626078128814697e-01 4.789923131465911865e-02 4.684715718030929565e-02 9.058635681867599487e-02 5.417037382721900940e-02 1.116479411721229553e-01 4.054901748895645142e-02 2.672910988330841064e-01 1.104165241122245789e-01 9.273286163806915283e-02 1.163096278905868530e-01 9.817627817392349243e-02 1.443958431482315063e-01 2.726287767291069031e-02 1.007002219557762146e-01 1.146759241819381714e-01 1.034181118011474609e-01 -1.248267572373151779e-02 5.873300507664680481e-02 6.255380809307098389e-02 8.739297837018966675e-02 8.969230949878692627e-02 6.186187267303466797e-02 6.139880046248435974e-02 6.511299312114715576e-02 7.692328095436096191e-02 -1.226064655929803848e-02 3.680605813860893250e-02 4.391548782587051392e-02 9.410641342401504517e-02 4.734607785940170288e-02 3.808479756116867065e-02 2.959070540964603424e-02 5.018400773406028748e-02 2.388871088624000549e-02 1.350525617599487305e-01 1.704618781805038452e-01 4.413323104381561279e-02 9.832429885864257812e-02 9.068597853183746338e-02 1.093615442514419556e-01 5.482200905680656433e-02 1.964956521987915039e-01 2.088500708341598511e-01 3.963106870651245117e-02 4.667920619249343872e-02 1.463035196065902710e-01 6.995999068021774292e-02 -2.369628055021166801e-03 1.186339836567640305e-02 3.275449573993682861e-02 6.165931746363639832e-02 9.866651892662048340e-02 1.074142567813396454e-02 2.562541142106056213e-02 2.002231962978839874e-02 9.167677909135818481e-02 7.177074998617172241e-02 3.694312274456024170e-02 4.223281890153884888e-02 7.716742157936096191e-02 5.497376993298530579e-02 7.143029570579528809e-02 9.378747642040252686e-02 8.957576751708984375e-02 4.960672184824943542e-02 8.867596089839935303e-02 1.381472200155258179e-01 1.112065315246582031e-01 1.236265674233436584e-01 1.870655417442321777e-01 1.633482128381729126e-01 7.782594114542007446e-02 7.427505403757095337e-02 -2.029834501445293427e-02
1.716521680355072021e-01 2.614941895008087158e-01 5.464790463447570801e-01 4.132757186889648438e-01 3.094218671321868896e-01 4.140913486480712891e-01 1.000000000000000000e+00 5.187345147132873535e-01 5.939631909132003784e-02 1.605201698839664459e-02 1.823168843984603882e-01 1.803215965628623962e-02 2.630948089063167572e-02 4.834331572055816650e-02 -2.731751091778278351e-02 -1.615032181143760681e-02 6.412177532911300659e-02 3.688678517937660217e-02 -3.355488181114196777e-02 -7.569788396358489990e-02 2.630392648279666901e-02 -1.184800290502607822e-03 4.206222668290138245e-02 1.652245521545410156e-01 9.096982539631426334e-04 -2.341047488152980804e-02 8.049722760915756226e-02 2.521455474197864532e-02 -5.829081311821937561e-02 1.052631363272666931e-01 -5.825946107506752014e-02 5.778167024254798889e-02 -1.013793125748634338e-01 8.790370076894760132e-02 2.922849357128143311e-02 9.777945466339588165e-03 5.039416998624801636e-02 2.089193463325500488e-01 1.684166863560676575e-02 2.438971772789955139e-02 1.687928140163421631e-01 1.735519021749496460e-01 6.834415346384048462e-02 9.099895134568214417e-03 2.099779695272445679e-01 4.324859753251075745e-02 8.419460058212280273e-02 -6.314131617546081543e-02 4.558076560497283936e-01 6.583695113658905029e-02 1.735702306032180786e-01 1.031368672847747803e-01 1.130371354520320892e-02 6.197932362556457520e-01 3.848279118537902832e-01 5.302287936210632324e-01 8.476432412862777710e-02 1.052339151501655579e-01 1.814715191721916199e-02 9.586788713932037354e-02 -3.575927764177322388e-02 1.876703202724456787e-01 -4.165777936577796936e-02 1.145682558417320251e-01 1.834377795457839966e-01 6.440944969654083252e-02 1.919975727796554565e-01 9.037316590547561646e-02 2.006356418132781982e-02 1.081713363528251648e-01 1.061924770474433899e-01 -1.940687745809555054e-02 1.350001394748687744e-01 1.024692058563232422e-01 -7.597151561640202999e-04 -6.138496100902557373e-04 8.866979181766510010e-02 3.673586249351501465e-02 1.843975484371185303e-01 1.484727263450622559e-01 -9.824544936418533325e-02 -6.421570479869842529e-02 2.235276997089385986e-02 1.731160581111907959e-01 3.134924769401550293e-01 2.229111082851886749e-02 1.040881033986806870e-02 3.635364174842834473e-01 8.748985081911087036e-02 2.776431664824485779e-02 -1.416904479265213013e-02 1.674065738916397095e-02 1.806772649288177490e-01 1.326062381267547607e-01 3.016883693635463715e-02 -1.455889898352324963e-03 1.696344465017318726e-02 8.565510064363479614e-02 9.299332648515701294e-02 2.202801220118999481e-02 4.668325930833816528e-02 2.372152507305145264e-01 6.509899348020553589e-02 6.127368286252021790e-02 3.457307070493698120e-02 1.683017760515213013e-01 3.001585416495800018e-02 5.444269161671400070e-03 8.553583174943923950e-02 1.253592222929000854e-01 4.894369095563888550e-02 3.224723786115646362e-02 1.002968624234199524e-01 2.548098936676979065e-02 -3.290605964139103889e-03 1.730209775269031525e-02
1.868171542882919312e-01 1.434159427881240845e-01 2.821452617645263672e-01 3.088999986648559570e-01 2.411891520023345947e-01 2.501823306083679199e-01 5.187345147132873535e-01 1.000000000000000000e+00 8.736633509397506714e-02 2.339592389762401581e-02 1.100765988230705261e-01 2.716869488358497620e-02 7.654117047786712646e-02 6.678954511880874634e-02 1.503949984908103943e-02 1.228402834385633469e-02 3.894037008285522461e-02 6.459379196166992188e-02 3.799895942211151123e-02 2.812344022095203400e-02 5.781678855419158936e-02 1.469758898019790649e-02 3.411319479346275330e-02 1.518166214227676392e-01 1.200898084789514542e-02 -2.362472377717494965e-02 8.116883039474487305e-02 -5.229568923823535442e-04 -1.032678503543138504e-02 1.166939437389373779e-01 6.644869223237037659e-03 8.230906724929809570e-02 -5.795968696475028992e-02 5.681990832090377808e-02 2.757333591580390930e-02 6.335664540529251099e-03 1.195465493947267532e-02 2.174027711153030396e-01 2.309088595211505890e-02 3.408294916152954102e-02 1.618919819593429565e-01 1.654020547866821289e-01 5.131040886044502258e-02 8.186518214643001556e-03 1.188881397247314453e-01 3.805126622319221497e-02 4.256873950362205505e-02 9.461454115808010101e-03 3.098028898239135742e-01 2.680836431682109833e-02 1.070728152990341187e-01 9.955666214227676392e-02 4.186002537608146667e-02 3.721020221710205078e-01 1.993495076894760132e-01 2.931525409221649170e-01 5.956100672483444214e-02 6.224610656499862671e-02 -4.023982957005500793e-02 4.242317751049995422e-02 -3.909465298056602478e-02 1.021889075636863708e-01 7.879458367824554443e-03 7.843745499849319458e-02 1.643617451190948486e-01 6.574347615242004395e-02 1.082340255379676819e-01 3.035422600805759430e-02 3.353305160999298096e-02 7.912616431713104248e-02 6.228085979819297791e-02 1.321179140359163284e-02 8.750171214342117310e-02 3.583033755421638489e-02 6.146187661215662956e-04 1.920565031468868256e-02 7.044509053230285645e-02 4.948641732335090637e-02 1.613939553499221802e-01 5.997951328754425049e-02 -7.612880319356918335e-03 4.085331223905086517e-03 6.384054431691765785e-04 1.529874652624130249e-01 1.768839210271835327e-01 4.036158323287963867e-02 1.381519436836242676e-02 1.947672665119171143e-01 4.523318633437156677e-02 -7.074336521327495575e-03 2.762335725128650665e-02 1.692523621022701263e-02 1.590148508548736572e-01 9.555066376924514771e-02 6.801078096032142639e-03 3.308654576539993286e-02 2.417811565101146698e-02 1.165206879377365112e-01 7.505668699741363525e-02 2.564436569809913635e-02 4.801322892308235168e-02 1.083790287375450134e-01 6.496150046586990356e-02 3.376228734850883484e-02 4.743562266230583191e-02 7.405330985784530640e-02 3.077887371182441711e-02 8.804924786090850830e-03 5.032794177532196045e-02 7.653889805078506470e-02 7.843003422021865845e-02 4.958479106426239014e-02 8.463031798601150513e-02 1.958505995571613312e-02 -1.896424219012260437e-02 -5.127033218741416931e-04
3.670103102922439575e-02 2.408492192625999451e-02 2.963773719966411591e-02 9.678526222705841064e-02 6.435786932706832886e-02 5.971183255314826965e-02 5.939631909132003784e-02 8.736633509397506714e-02 1.000000000000000000e+00 4.415617883205413818e-02 2.900650165975093842e-02 1.786684244871139526e-02 1.391112804412841797e-01 2.602445147931575775e-02 7.913970202207565308e-02 1.183753088116645813e-01 2.266953326761722565e-02 8.850529044866561890e-02 6.142152100801467896e-02 9.779522567987442017e-02 6.487628817558288574e-02 -2.451558597385883331e-03 5.175370723009109497e-03 3.649009391665458679e-02 3.763276850804686546e-03 -6.785188615322113037e-02 7.862415909767150879e-02 3.058215230703353882e-02 1.671515963971614838e-02 2.975972183048725128e-02 5.028223246335983276e-02 3.769422695040702820e-02 -5.040643364191055298e-02 5.050640180706977844e-02 1.828981935977935791e-02 2.538212575018405914e-02 1.577982865273952484e-02 1.059911176562309265e-01 4.617372527718544006e-02 2.539959922432899475e-02 4.530928656458854675e-02 4.774220660328865051e-02 2.431184798479080200e-02 6.461539119482040405e-02 2.746565453708171844e-02 7.073391973972320557e-02 3.635481745004653931e-02 1.227996498346328735e-01 9.463441371917724609e-02 6.979498267173767090e-02 6.336149573326110840e-02 6.082062050700187683e-02 5.345850437879562378e-02 3.950779512524604797e-02 4.856029525399208069e-02 4.823350161314010620e-02 3.518870845437049866e-02 3.739635646343231201e-02 -1.262266468256711960e-02 1.139015890657901764e-02 9.033675887621939182e-04 5.176748335361480713e-02 6.088932976126670837e-02 5.703789647668600082e-03 1.279439330101013184e-01 5.659986659884452820e-02 9.394036233425140381e-02 1.415602024644613266e-02 4.055370390415191650e-02 1.125713735818862915e-01 7.185377180576324463e-02 6.267991382628679276e-03 6.039834022521972656e-02 7.623706478625535965e-03 -3.757447702810168266e-04 3.665627911686897278e-02 3.024504333734512329e-02 1.175252627581357956e-02 6.569747626781463623e-02 3.296642377972602844e-02 1.283964365720748901e-01 6.427301466464996338e-02 2.285266108810901642e-02 5.513042956590652466e-02 7.037012279033660889e-02 3.470022231340408325e-02 5.629079416394233704e-03 8.042027801275253296e-02 1.008851639926433563e-02 1.107324846088886261e-03 4.735329002141952515e-02 4.228516668081283569e-02 6.322682648897171021e-02 2.437865361571311951e-02 1.404952723532915115e-02 3.202910348773002625e-02 2.401622384786605835e-02 8.804776519536972046e-02 4.676033183932304382e-02 3.901514783501625061e-02 2.035318873822689056e-02 5.498611554503440857e-02 7.538317702710628510e-03 2.451738109812140465e-03 3.613072633743286133e-02 3.610859066247940063e-02 -8.252339437603950500e-03 1.591177098453044891e-02 4.685795679688453674e-02 9.616558253765106201e-02 3.784710913896560669e-02 1.909563504159450531e-02 7.022392004728317261e-02 1.838977821171283722e-02 2.741351909935474396e-02 -2.942444523796439171e-03
1.472024060785770416e-02 2.544796280562877655e-02 4.522874951362609863e-02 2.835647203028202057e-02 3.809365257620811462e-02 3.053574822843074799e-02 1.605201698839664459e-02 2.339592389762401581e-02 4.415617883205413818e-02 1.000000000000000000e+00 4.920850321650505066e-02 1.812994107604026794e-02 1.877257041633129120e-02 4.318938776850700378e-02 3.585753589868545532e-02 3.543946146965026855e-02 2.477343427017331123e-03 2.393852546811103821e-02 4.473333433270454407e-02 4.444580897688865662e-02 2.703602053225040436e-02 8.912162855267524719e-03 4.418160766363143921e-02 3.424209356307983398e-02 1.965525560081005096e-02 3.177715092897415161e-02 1.139695174060761929e-03 1.400439068675041199e-02 3.618072718381881714e-02 3.719633817672729492e-02 5.346581712365150452e-02 2.242943271994590759e-02 1.762845367193222046e-02 4.896304011344909668e-02 1.694403402507305145e-02 2.356598339974880219e-02 2.479904145002365112e-02 3.033627569675445557e-02 1.552158594131469727e-02 2.188683114945888519e-02 5.411418527364730835e-02 2.201732061803340912e-02 3.078239969909191132e-02 2.937436848878860474e-02 7.382808718830347061e-03 1.433553453534841537e-02 1.667780056595802307e-02 5.015310272574424744e-02 2.498362213373184204e-02 2.266542986035346985e-02 3.464760631322860718e-02 2.827483229339122772e-02 3.544756397604942322e-02 -1.307758619077503681e-03 2.671787515282630920e-02 4.507302772253751755e-03 2.090459503233432770e-02 2.225131914019584656e-02 -1.841067336499691010e-02 2.289188094437122345e-02 2.086269902065396309e-03 1.749302074313163757e-02 4.117228090763092041e-02 2.142346464097499847e-03 1.774964109063148499e-02 2.016727626323699951e-02 1.636499166488647461e-02 1.254027336835861206e-02 1.323497947305440903e-02 2.205137722194194794e-02 7.429267745465040207e-03 2.749646641314029694e-02 -7.170226890593767166e-03 1.089043170213699341e-02 1.470041833817958832e-02 2.047149837017059326e-02 2.073975279927253723e-02 1.834467053413391113e-02 1.541812904179096222e-03 1.568632572889328003e-02 7.239525020122528076e-02 4.934965446591377258e-02 1.448907144367694855e-02 1.760658808052539825e-02 2.335425652563571930e-02 2.161783166229724884e-02 2.359985373914241791e-02 1.969403773546218872e-02 1.107259280979633331e-02 2.180423215031623840e-02 1.155854295939207077e-02 1.819332130253314972e-02 1.757516711950302124e-02 2.515363134443759918e-02 1.477227197028696537e-03 1.698845811188220978e-02 2.287398278713226318e-02 3.118256479501724243e-02 1.181410159915685654e-02 9.798260405659675598e-03 2.132521010935306549e-02 1.974355056881904602e-02 1.434992719441652298e-02 1.555072981864213943e-02 3.425185754895210266e-02 2.275481633841991425e-02 1.310383528470993042e-02 2.451264671981334686e-02 2.339201048016548157e-02 3.339660912752151489e-02 1.732131838798522949e-02 3.248959034681320190e-02 9.706539101898670197e-03 2.859208965674042702e-03 1.342845708131790161e-02 -1.782595552504062653e-02
3.497785329818725586e-02 9.876161068677902222e-02 1.350979059934616089e-01 6.445834040641784668e-02 6.319706887006759644e-02 1.128807291388511658e-01 1.823168843984603882e-01 1.100765988230705261e-01 2.900650165975093842e-02 4.920850321650505066e-02 1.000000000000000000e+00 8.477747440338134766e-02 3.422489389777183533e-02 7.289687544107437134e-02 5.206427304074168205e-04 -3.409347496926784515e-03 4.822616279125213623e-02 4.249402508139610291e-02 -1.896379329264163971e-02 -2.881071344017982483e-02 2.686816640198230743e-02 3.666991740465164185e-02 6.432336568832397461e-02 9.563989192247390747e-02 4.233986884355545044e-02 6.721533834934234619e-02 1.377956941723823547e-02 4.786713421344757080e-02 3.331795334815979004e-02 5.972531810402870178e-02 3.870540531352162361e-03 6.648486107587814331e-02 5.726035311818122864e-02 1.007061898708343506e-01 7.267761975526809692e-02 4.550418630242347717e-02 4.581052809953689575e-02 7.385884970426559448e-02 3.450910001993179321e-02 5.093448609113693237e-02 1.152011975646018982e-01 9.170170128345489502e-02 6.028966978192329407e-02 6.492600589990615845e-02 8.017186820507049561e-02 6.175256520509719849e-02 7.479532808065414429e-02 -2.653105743229389191e-02 9.466049075126647949e-02 7.437215000391006470e-02 1.273395121097564697e-01 1.474827677011489868e-01 7.505805045366287231e-02 1.397557556629180908e-01 1.225171014666557312e-01 1.321688145399093628e-01 6.984686106443405151e-02 8.518248796463012695e-02 1.023904141038656235e-02 9.482432156801223755e-02 -9.660345502197742462e-03 9.470254927873611450e-02 2.121189422905445099e-02 7.880990952253341675e-02 5.107792839407920837e-02 7.528632879257202148e-02 9.785895794630050659e-02 2.541472390294075012e-02 2.943852171301841736e-02 8.833335340023040771e-02 6.800352782011032104e-02 5.911531671881675720e-02 3.478387370705604553e-02 4.211165755987167358e-02 3.241079673171043396e-02 1.408956944942474365e-02 8.079458773136138916e-02 4.443881660699844360e-02 6.907102465629577637e-02 7.551794499158859253e-02 -1.433692779392004013e-02 1.034646388143301010e-02 5.362747609615325928e-02 4.570897296071052551e-02 1.240673065185546875e-01 7.924091070890426636e-02 2.416628040373325348e-02 9.031519293785095215e-02 7.447791099548339844e-02 4.287496581673622131e-02 2.500975877046585083e-02 5.147831141948699951e-02 6.473223865032196045e-02 1.249394267797470093e-01 4.202592372894287109e-02 2.437712810933589935e-02 3.138976544141769409e-02 6.316629052162170410e-02 5.620130896568298340e-02 5.188509076833724976e-02 5.103725194931030273e-02 8.748755604028701782e-02 1.008400395512580872e-01 6.517775356769561768e-02 9.481054544448852539e-02 7.397848367691040039e-02 6.041672453284263611e-02 5.778681486845016479e-02 9.490880370140075684e-02 5.830285698175430298e-02 3.239735588431358337e-02 6.299895048141479492e-02 5.035490915179252625e-02 1.457210071384906769e-02 3.722399473190307617e-02 3.636759892106056213e-02
5.737293884158134460e-02 1.400900632143020630e-01 5.213335528969764709e-02 6.101981550455093384e-02 1.107104122638702393e-01 1.266280710697174072e-01 1.803215965628623962e-02 2.716869488358497620e-02 1.786684244871139526e-02 1.812994107604026794e-02 8.477747440338134766e-02 1.000000000000000000e+00 2.734795771539211273e-02 2.887509576976299286e-02 -8.081093430519104004e-03 8.067575097084045410e-02 4.386134445667266846e-02 3.568195924162864685e-02 -3.896325081586837769e-02 -4.518290236592292786e-02 1.794584468007087708e-02 5.800890922546386719e-02 2.661981619894504547e-02 9.882633388042449951e-02 2.339190058410167694e-02 8.734267204999923706e-03 -7.471979595720767975e-03 1.815541647374629974e-02 2.108661644160747528e-02 1.081241518259048462e-01 1.794714480638504028e-02 4.921659082174301147e-02 1.582307964563369751e-01 6.256671249866485596e-02 4.450250044465065002e-02 5.275118350982666016e-02 -1.012453343719244003e-02 7.137690484523773193e-02 3.245516493916511536e-02 4.655110090970993042e-02 1.634617000818252563e-01 8.737614005804061890e-02 1.294826064258813858e-02 1.008191108703613281e-01 3.030508197844028473e-02 5.335653200745582581e-02 6.097413599491119385e-02 -2.684561163187026978e-02 3.663624078035354614e-02 6.555565446615219116e-02 8.500378578901290894e-02 1.047192513942718506e-01 1.005727425217628479e-01 -3.358858451247215271e-02 -5.746674165129661560e-02 -4.398185387253761292e-02 6.216540560126304626e-02 4.760574921965599060e-02 2.972651831805706024e-02 3.548107296228408813e-02 5.209228023886680603e-02 1.619000360369682312e-02 1.252617966383695602e-02 5.555972084403038025e-02 8.043066482059657574e-04 7.678732275962829590e-02 2.776646055281162262e-02 -4.212920740246772766e-02 8.230344392359256744e-03 1.542963273823261261e-02 4.568382725119590759e-02 3.725836426019668579e-02 -1.050489675253629684e-02 1.502802409231662750e-02 2.729091979563236237e-02 8.676544763147830963e-03 7.238519936800003052e-02 1.495883613824844360e-01 8.573107770644128323e-04 1.473649404942989349e-02 -2.364508807659149170e-02 7.989401929080486298e-03 2.558494545519351959e-02 7.570981234312057495e-02 6.428798288106918335e-02 2.980460040271282196e-02 2.259951457381248474e-02 -8.467967272736132145e-04 2.716244012117385864e-02 -5.379175301641225815e-03 -1.891460618935525417e-03 1.124700531363487244e-02 2.402611076831817627e-02 3.957138955593109131e-02 -3.468513954430818558e-03 8.611019700765609741e-03 9.547722525894641876e-03 8.175370097160339355e-02 2.810267731547355652e-02 2.306684292852878571e-02 2.706903591752052307e-02 5.481552798300981522e-03 6.620526313781738281e-02 3.717193007469177246e-02 1.135869994759559631e-01 3.761070594191551208e-02 2.725284360349178314e-02 4.587655887007713318e-02 8.563351631164550781e-02 2.117188647389411926e-03 5.545806884765625000e-02 6.442473828792572021e-02 5.484062805771827698e-02 2.852597273886203766e-02 5.840804055333137512e-02 -2.481904067099094391e-02
1.173557154834270477e-02 -5.853761918842792511e-03 2.008641511201858521e-02 2.361131645739078522e-02 2.496138960123062134e-02 1.623443141579627991e-02 2.630948089063167572e-02 7.654117047786712646e-02 1.391112804412841797e-01 1.877257041633129120e-02 3.422489389777183533e-02 2.734795771539211273e-02 1.000000000000000000e+00 2.867366373538970947e-02 9.006081521511077881e-02 4.129515215754508972e-02 2.101730182766914368e-02 1.352576464414596558e-01 6.529856473207473755e-02 8.043742924928665161e-02 8.933355659246444702e-02 2.840322256088256836e-02 3.289460390806198120e-02 5.562087893486022949e-02 1.225095335394144058e-02 -3.942392393946647644e-02 6.219948828220367432e-02 4.572563990950584412e-02 7.810081588104367256e-04 3.882617503404617310e-02 2.683613635599613190e-02 6.042256951332092285e-02 -6.645634025335311890e-02 6.232153624296188354e-02 1.977481134235858917e-02 3.731102496385574341e-02 -2.056761085987091064e-02 9.706756472587585449e-02 3.818569332361221313e-02 4.120992869138717651e-02 6.262437999248504639e-02 7.215505093336105347e-02 8.735977858304977417e-02 6.509213149547576904e-02 4.701444506645202637e-02 8.916004747152328491e-02 5.357877910137176514e-02 3.827190771698951721e-02 7.253602892160415649e-02 4.107748717069625854e-02 1.051259115338325500e-01 9.825067222118377686e-02 2.368907630443572998e-02 7.290781289339065552e-02 9.325419366359710693e-02 8.453285694122314453e-02 3.248208761215209961e-02 4.135116562247276306e-02 -1.846263557672500610e-02 2.432112768292427063e-02 -2.665156871080398560e-02 6.487624347209930420e-02 3.965219482779502869e-02 6.229893118143081665e-02 1.255701184272766113e-01 5.829315632581710815e-02 1.295814812183380127e-01 1.734523475170135498e-02 4.046998918056488037e-02 1.434922367334365845e-01 9.403286129236221313e-02 1.606520824134349823e-02 7.250224798917770386e-02 3.092196024954319000e-02 1.916676387190818787e-02 2.775016799569129944e-02 4.333046823740005493e-02 8.833605051040649414e-02 7.987962663173675537e-02 2.935038320720195770e-02 1.541790962219238281e-01 6.218960136175155640e-02 2.229300513863563538e-02 8.327985554933547974e-02 9.207382798194885254e-02 5.291554331779479980e-02 2.259426051750779152e-03 9.067092835903167725e-02 3.230161964893341064e-03 2.204196760430932045e-03 3.274874016642570496e-02 1.936603523790836334e-02 1.715284027159214020e-02 3.890642896294593811e-02 1.258524693548679352e-02 4.702217504382133484e-02 3.950215131044387817e-02 1.058191582560539246e-01 3.585529327392578125e-02 3.363509476184844971e-02 1.796385645866394043e-02 7.003763318061828613e-02 4.428103938698768616e-02 3.646984929218888283e-03 6.483877450227737427e-02 4.296997189521789551e-02 3.839820856228470802e-03 3.590938076376914978e-02 2.292173542082309723e-02 1.224490776658058167e-01 4.155003279447555542e-02 1.644607819616794586e-02 8.289141207933425903e-02 3.226770460605621338e-02 2.171525545418262482e-02 1.722316071391105652e-02
