1.000000000000000000e+00 3.641855716705322266e-01 9.693859517574310303e-02 2.329900301992893219e-02 -5.225395783782005310e-02 -7.243652362376451492e-03 2.840998955070972443e-02 6.585406512022018433e-02 -8.190555498003959656e-03 2.766140550374984741e-02 -4.979530349373817444e-03 1.518538454547524452e-03 -1.908069662749767303e-02 1.955379173159599304e-02 -2.422888018190860748e-02 -4.136425256729125977e-02 8.255907334387302399e-03 7.858254015445709229e-03 -1.550768036395311356e-02 -4.999963566660881042e-03 -3.054057992994785309e-02 3.641689196228981018e-03 1.865243166685104370e-02 -1.858223229646682739e-02 2.091188356280326843e-02 2.969228080473840237e-04 2.250534109771251678e-02 -1.249728724360466003e-02 -2.221070043742656708e-02 1.586193777620792389e-02 1.147955935448408127e-02 7.660810369998216629e-03 -5.346468184143304825e-03 -2.481679432094097137e-02 2.961838617920875549e-02 2.214006334543228149e-02 3.995725139975547791e-02 4.130006581544876099e-02 -1.934461109340190887e-02 5.436654388904571533e-02 -3.567470610141754150e-02 7.275111973285675049e-03 -2.196955122053623199e-02 -9.930063039064407349e-03 4.495479539036750793e-02 -1.345453551039099693e-03 -2.362708002328872681e-02 -1.885112375020980835e-02 -1.987874880433082581e-02 1.724838651716709137e-02 -8.400515653192996979e-03 -1.001406181603670120e-02 1.982430228963494301e-03 -8.446651627309620380e-04 -3.386661037802696228e-02 -2.807430457323789597e-03
3.641855716705322266e-01 1.000000000000000000e+00 2.701286375522613525e-01 6.431706249713897705e-02 -1.161674410104751587e-01 2.872128970921039581e-03 1.478016725741326809e-03 4.567439481616020203e-02 -1.943469978868961334e-02 3.153358772397041321e-02 4.718016833066940308e-03 -6.527630239725112915e-02 -3.759641945362091064e-02 -5.988859012722969055e-02 -1.389185246080160141e-02 -3.589931642636656761e-03 3.031826345250010490e-03 1.648176275193691254e-02 2.452611923217773438e-02 1.929569616913795471e-02 -2.234640531241893768e-02 1.184773165732622147e-02 2.620069682598114014e-02 -2.655784413218498230e-02 4.469587281346321106e-02 -3.460078442003577948e-04 1.856279000639915466e-02 5.293287336826324463e-03 -5.103863310068845749e-03 -1.785770058631896973e-02 -6.373780779540538788e-03 -5.035978741943836212e-03 -2.644575759768486023e-02 -7.515984121710062027e-03 7.888181135058403015e-04 3.835197538137435913e-03 2.469470910727977753e-02 -2.964481897652149200e-02 3.284431621432304382e-02 -8.587487041950225830e-03 -4.034027829766273499e-02 2.142166532576084137e-02 -4.389587789773941040e-02 -5.361011717468500137e-03 7.762298919260501862e-03 7.607758510857820511e-03 1.488217338919639587e-02 -9.789747186005115509e-03 2.442820463329553604e-03 2.295928448438644409e-02 -1.276423688977956772e-02 2.685562893748283386e-02 1.217378769069910049e-02 7.772516924887895584e-03 -3.728222101926803589e-02 -3.660463541746139526e-02
9.693859517574310303e-02 2.701286375522613525e-01 1.000000000000000000e+00 2.239336520433425903e-01 -1.226067468523979187e-01 3.382066637277603149e-02 -1.097886171191930771e-02 -7.419649511575698853e-03 1.398104522377252579e-02 -3.326490521430969238e-03 1.327935140579938889e-02 -7.789395749568939209e-02 -5.570225883275270462e-03 -5.290966108441352844e-02 -7.885984145104885101e-03 -1.317436527460813522e-02 2.523737493902444839e-03 2.904997207224369049e-03 1.599932834506034851e-02 -8.449336746707558632e-05 6.835917476564645767e-03 9.855363517999649048e-03 9.238907136023044586e-03 -1.584468968212604523e-02 1.066816505044698715e-02 2.863669302314519882e-03 1.282970327883958817e-02 1.716606132686138153e-02 2.717283787205815315e-03 -6.405519787222146988e-03 -3.262488637119531631e-03 6.167962215840816498e-03 -7.883854210376739502e-03 -4.009031690657138824e-03 -4.472472704946994781e-03 -2.857299707829952240e-02 2.379767596721649170e-02 -3.379032481461763382e-03 1.195110287517309189e-02 -5.180088337510824203e-03 -1.641417853534221649e-02 4.331544972956180573e-03 -1.636188663542270660e-02 -5.475564394146203995e-03 -2.390759438276290894e-02 4.894335754215717316e-03 2.590300282463431358e-03 5.862116347998380661e-03 -6.794896442443132401e-03 -6.779364775866270065e-03 -5.179513245820999146e-03 1.876590028405189514e-02 3.420414868742227554e-03 2.724622609093785286e-03 -2.374766953289508820e-02 -1.362058334052562714e-03
2.329900301992893219e-02 6.431706249713897705e-02 2.239336520433425903e-01 1.000000000000000000e+00 -4.057729244232177734e-02 7.126986980438232422e-02 3.057262673974037170e-02 1.754509471356868744e-02 5.036557093262672424e-02 2.574103884398937225e-02 4.420868679881095886e-02 -4.055455699563026428e-02 2.377758920192718506e-02 8.731331676244735718e-03 2.400315925478935242e-02 7.633430883288383484e-03 1.529790926724672318e-02 1.188158337026834488e-02 1.122495718300342560e-02 -1.495801936835050583e-02 1.648424193263053894e-02 -3.673117607831954956e-03 9.350212290883064270e-03 1.418264023959636688e-02 1.073560118675231934e-02 8.330744691193103790e-03 7.774169091135263443e-03 1.961743645370006561e-02 1.029869262129068375e-02 5.589586216956377029e-03 6.606131792068481445e-03 1.174098905175924301e-02 -9.062279947102069855e-03 6.202263757586479187e-03 1.024311780929565430e-02 2.459164708852767944e-03 -4.450241103768348694e-03 3.247209265828132629e-02 1.515357382595539093e-02 -4.756801296025514603e-03 -2.002746053040027618e-02 2.128447592258453369e-02 -4.061017185449600220e-03 -3.490698873065412045e-06 2.035447396337985992e-02 1.828517578542232513e-02 7.268765475600957870e-03 3.168909810483455658e-03 1.481833518482744694e-03 3.159509040415287018e-03 -4.806320182979106903e-03 2.199868857860565186e-02 1.622550375759601593e-02 1.798874698579311371e-02 -2.183554880321025848e-02 -1.299325749278068542e-02
-5.225395783782005310e-02 -1.161674410104751587e-01 -1.226067468523979187e-01 -4.057729244232177734e-02 1.000000000000000000e+00 1.186581477522850037e-01 2.124348431825637817e-01 2.613762617111206055e-01 1.254796832799911499e-01 1.359567195177078247e-01 9.707123041152954102e-02 5.811545252799987793e-01 1.110922694206237793e-01 3.559022545814514160e-01 6.866703182458877563e-02 6.811682879924774170e-02 4.998406767845153809e-02 6.151757761836051941e-02 1.267792657017707825e-02 5.268989130854606628e-02 -2.691291971132159233e-03 5.560000613331794739e-02 -4.879694432020187378e-03 2.668077312409877777e-02 7.139871013350784779e-04 6.499346811324357986e-03 1.271685492247343063e-02 4.250464029610157013e-03 -1.971789170056581497e-03 2.353877201676368713e-02 2.546093612909317017e-02 4.348440852481871843e-04 9.768684208393096924e-02 1.046847738325595856e-02 -1.568517833948135376e-02 1.262568980455398560e-01 -2.368206903338432312e-02 1.783789321780204773e-02 -2.462420053780078888e-02 -3.179368004202842712e-02 -3.408102085813879967e-03 2.559796907007694244e-02 -1.520931627601385117e-02 1.749974116683006287e-02 4.920136183500289917e-02 2.179706282913684845e-02 -2.520957030355930328e-03 -1.402856432832777500e-03 3.043076768517494202e-02 2.327476628124713898e-02 1.469516754150390625e-02 -2.735596708953380585e-02 6.802995223551988602e-03 3.073679050430655479e-03 2.998352795839309692e-02 -3.149069612845778465e-03
-7.243652362376451492e-03 2.872128970921039581e-03 3.382066637277603149e-02 7.126986980438232422e-02 1.186581477522850037e-01 1.000000000000000000e+00 5.789700150489807129e-02 7.023619115352630615e-02 7.082840055227279663e-02 5.252808332443237305e-02 6.182565167546272278e-02 4.909064248204231262e-02 3.016828931868076324e-02 2.796395681798458099e-02 3.259082511067390442e-02 2.250330522656440735e-02 2.528551407158374786e-02 1.713628135621547699e-02 1.634499244391918182e-02 2.341502159833908081e-02 8.214274421334266663e-03 1.606661453843116760e-02 1.118325628340244293e-02 2.835464896634221077e-03 1.588011719286441803e-02 8.704376406967639923e-03 4.094424657523632050e-03 2.281703054904937744e-02 1.119401399046182632e-02 3.640440059825778008e-03 1.631613448262214661e-02 1.177665032446384430e-02 8.156068623065948486e-03 1.078429073095321655e-02 -1.420806627720594406e-03 9.813410229980945587e-03 -7.250884082168340683e-03 6.433390663005411625e-04 4.667787346988916397e-03 -1.421825122088193893e-02 -2.416602708399295807e-02 9.145824238657951355e-03 -5.973242223262786865e-03 6.000975612550973892e-03 -5.638919770717620850e-03 1.867064461112022400e-02 4.970988258719444275e-03 7.891310378909111023e-03 1.224782504141330719e-02 3.960703033953905106e-03 -4.192154854536056519e-03 1.569294743239879608e-02 1.729257218539714813e-02 1.971757598221302032e-02 -2.315360354259610176e-03 -1.116848364472389221e-02
2.840998955070972443e-02 1.478016725741326809e-03 -1.097886171191930771e-02 3.057262673974037170e-02 2.124348431825637817e-01 5.789700150489807129e-02 1.000000000000000000e+00 1.582633554935455322e-01 4.070134460926055908e-02 5.065970122814178467e-02 4.265189915895462036e-02 1.555946916341781616e-01 5.843115597963333130e-02 8.171734958887100220e-02 2.527006343007087708e-02 2.207464911043643951e-02 2.063007839024066925e-02 1.405864488333463669e-02 2.534971572458744049e-03 -1.325579173862934113e-02 -4.083598963916301727e-03 2.685168944299221039e-02 -1.262152194976806641e-02 -7.601051591336727142e-03 5.812603980302810669e-03 4.853314254432916641e-03 2.924102882388979197e-04 1.197859551757574081e-02 6.691034883260726929e-03 -1.564931124448776245e-02 -9.260340593755245209e-04 7.481124717742204666e-03 2.017128840088844299e-02 -1.236147014424204826e-03 2.933279797434806824e-02 6.571960449218750000e-02 6.053181365132331848e-02 7.501416839659214020e-04 -2.576990984380245209e-02 4.015925526618957520e-02 7.057622075080871582e-02 7.531147450208663940e-02 -1.370049454271793365e-02 1.277016475796699524e-02 1.227343231439590454e-01 1.101367082446813583e-02 3.066291101276874542e-02 -4.559051245450973511e-03 3.018729016184806824e-02 2.702032215893268585e-02 -1.258125994354486465e-02 2.340815216302871704e-02 1.304695475846529007e-02 1.245855260640382767e-02 1.456256257370114326e-03 -3.502830117940902710e-02
6.585406512022018433e-02 4.567439481616020203e-02 -7.419649511575698853e-03 1.754509471356868744e-02 2.613762617111206055e-01 7.023619115352630615e-02 1.582633554935455322e-01 1.000000000000000000e+00 5.078827217221260071e-02 1.388732530176639557e-02 4.716550931334495544e-02 1.910887956619262695e-01 2.209466882050037384e-02 9.705695509910583496e-02 6.617355626076459885e-03 3.334311395883560181e-02 2.987746708095073700e-02 2.509670332074165344e-02 1.859242841601371765e-02 2.812628820538520813e-02 -6.513825617730617523e-03 1.335826329886913300e-02 2.674361690878868103e-03 -1.375532336533069611e-02 2.733242884278297424e-02 6.668357644230127335e-03 -4.847057629376649857e-03 2.161409705877304077e-02 -1.229706569574773312e-03 -1.688436977565288544e-02 -1.535855582915246487e-03 1.525487937033176422e-02 4.369701072573661804e-02 2.679933793842792511e-02 -5.865722429007291794e-03 3.977386653423309326e-02 5.540722608566284180e-02 -1.670052669942378998e-02 -6.392062641680240631e-03 -2.777903527021408081e-02 -2.269382275699172169e-05 2.741430699825286865e-02 -2.976513700559735298e-03 1.547539513558149338e-02 7.204467803239822388e-02 -4.650734190363436937e-04 -1.570037798956036568e-03 -1.790989935398101807e-02 3.626626217737793922e-03 -2.062723040580749512e-02 2.895626937970519066e-03 2.828243188560009003e-03 8.782355114817619324e-03 -2.028077375143766403e-03 3.931507933884859085e-03 2.679209690541028976e-03
-8.190555498003959656e-03 -1.943469978868961334e-02 1.398104522377252579e-02 5.036557093262672424e-02 1.254796832799911499e-01 7.082840055227279663e-02 4.070134460926055908e-02 5.078827217221260071e-02 1.000000000000000000e+00 5.275126919150352478e-02 7.237911969423294067e-02 5.476409569382667542e-02 4.004945978522300720e-02 6.432043015956878662e-02 3.215684369206428528e-02 3.442040458321571350e-02 2.577306143939495087e-02 2.617810480296611786e-02 2.484343759715557098e-02 5.033961031585931778e-03 -1.438169274479150772e-04 2.600774355232715607e-02 6.998918950557708740e-03 6.579703185707330704e-03 2.115329727530479431e-02 9.897547774016857147e-03 1.562831737101078033e-02 1.027885451912879944e-02 1.266984641551971436e-02 1.186867943033576012e-03 2.002867497503757477e-02 1.014336664229631424e-02 5.344257224351167679e-03 2.015336416661739349e-02 3.550954163074493408e-03 3.561918810009956360e-02 -1.568483188748359680e-02 2.817422151565551758e-02 9.633985348045825958e-03 -1.512876804918050766e-02 -6.291841156780719757e-03 1.180181186646223068e-02 -4.173044115304946899e-03 3.671093378216028214e-03 9.562289342284202576e-03 2.899735048413276672e-02 4.236733075231313705e-03 9.670254774391651154e-03 1.126594468951225281e-02 -2.780878683552145958e-03 3.629859304055571556e-03 1.042781304568052292e-02 1.104614883661270142e-02 1.224352978169918060e-02 -5.565419793128967285e-03 1.105383969843387604e-02
2.766140550374984741e-02 3.153358772397041321e-02 -3.326490521430969238e-03 2.574103884398937225e-02 1.359567195177078247e-01 5.252808332443237305e-02 5.065970122814178467e-02 1.388732530176639557e-02 5.275126919150352478e-02 1.000000000000000000e+00 6.703117489814758301e-02 9.774188697338104248e-02 5.157386139035224915e-02 1.077914834022521973e-01 3.906518220901489258e-02 1.949335634708404541e-02 2.671233378350734711e-02 2.500680647790431976e-02 -3.161481872666627169e-04 -2.246893011033535004e-02 -9.310098364949226379e-03 4.743955284357070923e-02 -4.938652273267507553e-03 -4.319302737712860107e-03 1.230343896895647049e-02 7.737356703728437424e-03 1.036727521568536758e-02 2.789125312119722366e-03 3.239463781937956810e-03 -2.381829172372817993e-02 8.494489826261997223e-03 7.544343359768390656e-03 2.692081406712532043e-02 2.315231598913669586e-03 2.904899045825004578e-02 6.332261115312576294e-02 3.038770984858274460e-03 4.230539873242378235e-02 1.302445214241743088e-02 5.248638987541198730e-02 3.860582411289215088e-02 7.473935838788747787e-03 -1.251060748472809792e-03 -7.007392123341560364e-03 2.457611262798309326e-02 5.886991042643785477e-03 1.269760821014642715e-02 -3.481941064819693565e-03 7.603323087096214294e-03 9.950755164027214050e-03 -8.808701299130916595e-03 -1.152530498802661896e-02 1.162446755915880203e-02 7.347957696765661240e-03 2.044984867097809911e-04 -7.296977099031209946e-03
-4.979530349373817444e-03 4.718016833066940308e-03 1.327935140579938889e-02 4.420868679881095886e-02 9.707123041152954102e-02 6.182565167546272278e-02 4.265189915895462036e-02 4.716550931334495544e-02 7.237911969423294067e-02 6.703117489814758301e-02 1.000000000000000000e+00 7.336593419313430786e-02 6.228274852037429810e-02 5.260422080755233765e-02 5.050177127122879028e-02 4.056321084499359131e-02 3.309003263711929321e-02 4.123029485344886780e-02 2.982901409268379211e-02 6.686159409582614899e-03 6.743541918694972992e-03 1.803649589419364929e-02 4.686319269239902496e-03 5.160877481102943420e-03 1.267648953944444656e-02 1.192423235625028610e-02 6.101586855947971344e-03 1.722394675016403198e-02 8.006764575839042664e-03 1.306757703423500061e-02 1.446316670626401901e-02 1.325329113751649857e-02 1.143991481512784958e-02 2.510601095855236053e-02 8.128703571856021881e-03 4.628988355398178101e-02 1.545300893485546112e-02 1.515100989490747452e-02 2.683558850549161434e-04 -5.051603075116872787e-03 -7.092768326401710510e-03 1.229519955813884735e-02 2.861038316041231155e-03 1.085872109979391098e-02 -1.172212325036525726e-02 2.068635448813438416e-02 4.213805776089429855e-03 1.569027267396450043e-02 8.804817683994770050e-03 7.595842238515615463e-03 -2.362856175750494003e-04 1.003790460526943207e-02 9.314323775470256805e-03 1.330674905329942703e-02 6.034932564944028854e-03 -1.927705714479088783e-03
1.518538454547524452e-03 -6.527630239725112915e-02 -7.789395749568939209e-02 -4.055455699563026428e-02 5.811545252799987793e-01 4.909064248204231262e-02 1.555946916341781616e-01 1.910887956619262695e-01 5.476409569382667542e-02 9.774188697338104248e-02 7.336593419313430786e-02 1.000000000000000000e+00 1.310832649469375610e-01 2.722443044185638428e-01 9.403001517057418823e-02 6.753520667552947998e-02 5.372555926442146301e-02 7.257427275180816650e-02 1.465884968638420105e-02 1.432787179946899414e-01 -1.498969458043575287e-02 4.454435035586357117e-02 9.638752788305282593e-03 -5.616249050945043564e-03 -2.629803027957677841e-03 4.256886895745992661e-03 2.594803832471370697e-02 -2.174197928979992867e-03 1.098025776445865631e-02 -2.397223608568310738e-03 2.387206256389617920e-02 2.330216020345687866e-02 2.118962258100509644e-01 1.806937903165817261e-02 1.714968234300613403e-01 9.591523557901382446e-02 2.844643592834472656e-01 -2.153204381465911865e-02 2.652271359693259001e-04 2.630199491977691650e-01 5.171018093824386597e-02 2.581666223704814911e-02 2.751139923930168152e-02 1.345266252756118774e-01 1.904648914933204651e-02 1.925722695887088776e-02 -9.322693571448326111e-03 8.888462558388710022e-03 7.849330082535743713e-03 3.440491482615470886e-02 -1.769107393920421600e-02 -2.262495830655097961e-02 2.393238618969917297e-02 1.079588080756366253e-03 -3.105170652270317078e-02 1.970591396093368530e-02
-1.908069662749767303e-02 -3.759641945362091064e-02 -5.570225883275270462e-03 2.377758920192718506e-02 1.110922694206237793e-01 3.016828931868076324e-02 5.843115597963333130e-02 2.209466882050037384e-02 4.004945978522300720e-02 5.157386139035224915e-02 6.228274852037429810e-02 1.310832649469375610e-01 1.000000000000000000e+00 1.861530691385269165e-01 1.075201779603958130e-01 9.226544201374053955e-02 2.910118736326694489e-02 4.259947687387466431e-02 2.522444725036621094e-02 -1.121634431183338165e-02 8.498277748003602028e-04 -3.715485101565718651e-03 8.180813863873481750e-03 6.592071149498224258e-03 7.800427847541868687e-04 6.015974562615156174e-03 2.226302400231361389e-02 7.961231283843517303e-03 1.684942469000816345e-02 5.164925823919475079e-04 2.681329846382141113e-02 1.222123205661773682e-02 2.782983146607875824e-02 2.288110740482807159e-02 4.508581012487411499e-02 2.725490033626556396e-01 5.056229606270790100e-02 1.410070806741714478e-01 -4.118658602237701416e-02 8.411568589508533478e-03 -6.016386905685067177e-04 1.604423485696315765e-02 -4.745329264551401138e-03 8.209503255784511566e-03 -3.108076751232147217e-02 1.232974324375391006e-02 1.595650683157145977e-03 1.724507845938205719e-02 1.914701424539089203e-02 2.758318744599819183e-02 -6.669116672128438950e-03 -1.144486595876514912e-03 1.193892117589712143e-02 1.785304397344589233e-02 3.731047268956899643e-03 -1.207404211163520813e-02
1.955379173159599304e-02 -5.988859012722969055e-02 -5.290966108441352844e-02 8.731331676244735718e-03 3.559022545814514160e-01 2.796395681798458099e-02 8.171734958887100220e-02 9.705695509910583496e-02 6.432043015956878662e-02 1.077914834022521973e-01 5.260422080755233765e-02 2.722443044185638428e-01 1.861530691385269165e-01 1.000000000000000000e+00 1.137138605117797852e-01 1.067141443490982056e-01 6.203662976622581482e-02 6.610768288373947144e-02 4.708167165517807007e-02 -6.735082715749740601e-02 -2.238510176539421082e-03 -5.085803568363189697e-02 1.896418817341327667e-02 -1.384306792169809341e-02 2.325118985027074814e-03 1.637192815542221069e-02 1.188032561913132668e-03 2.855940535664558411e-02 2.345927292481064796e-03 -8.392266929149627686e-03 2.695547603070735931e-02 -1.086527016013860703e-02 7.040900737047195435e-02 2.240967378020286560e-02 -3.778277337551116943e-02 3.264487981796264648e-01 -5.021697655320167542e-02 7.452699542045593262e-01 -3.086035884916782379e-02 -5.995273962616920471e-02 -1.021968107670545578e-02 2.601578831672668457e-02 -2.079342864453792572e-02 -5.528143793344497681e-02 -1.414046157151460648e-02 2.002446167171001434e-02 -1.678512990474700928e-02 1.488187815994024277e-02 4.931444302201271057e-02 4.440836980938911438e-02 -1.041376963257789612e-02 -1.083686295896768570e-02 2.789437538012862206e-03 -4.675479605793952942e-03 -1.062507275491952896e-02 1.168987806886434555e-02
-2.422888018190860748e-02 -1.389185246080160141e-02 -7.885984145104885101e-03 2.400315925478935242e-02 6.866703182458877563e-02 3.259082511067390442e-02 2.527006343007087708e-02 6.617355626076459885e-03 3.215684369206428528e-02 3.906518220901489258e-02 5.050177127122879028e-02 9.403001517057418823e-02 1.075201779603958130e-01 1.137138605117797852e-01 1.000000000000000000e+00 1.053877919912338257e-01 4.073627665638923645e-02 6.184232980012893677e-02 4.973271116614341736e-02 1.975552923977375031e-02 4.498563706874847412e-03 8.281440474092960358e-03 8.253094740211963654e-03 1.276315376162528992e-02 8.023559115827083588e-03 1.185508351773023605e-02 1.684618555009365082e-02 1.987407170236110687e-02 2.246170677244663239e-02 7.807277143001556396e-03 1.680997386574745178e-02 6.159424781799316406e-03 1.268598251044750214e-02 2.317755855619907379e-02 2.512126602232456207e-02 1.446868181228637695e-01 3.141885250806808472e-02 6.816423684358596802e-02 -1.771819405257701874e-02 -9.012148715555667877e-03 4.615987651050090790e-03 1.560301892459392548e-02 -1.694788970053195953e-02 1.013033743947744370e-02 -4.615419730544090271e-02 2.050619199872016907e-02 -3.493168391287326813e-03 1.042275596410036087e-02 2.901376970112323761e-02 2.631114609539508820e-02 -1.603194884955883026e-02 -1.262000529095530510e-03 1.797268539667129517e-02 2.076051197946071625e-02 -1.288831885904073715e-02 -1.456808764487504959e-03
-4.136425256729125977e-02 -3.589931642636656761e-03 -1.317436527460813522e-02 7.633430883288383484e-03 6.811682879924774170e-02 2.250330522656440735e-02 2.207464911043643951e-02 3.334311395883560181e-02 3.442040458321571350e-02 1.949335634708404541e-02 4.056321084499359131e-02 6.753520667552947998e-02 9.226544201374053955e-02 1.067141443490982056e-01 1.053877919912338257e-01 1.000000000000000000e+00 3.658158704638481140e-02 8.881455659866333008e-02 8.679807931184768677e-02 3.598091006278991699e-02 -4.719224292784929276e-03 -3.291101753711700439e-02 9.630464017391204834e-03 1.775745861232280731e-02 1.437383051961660385e-02 7.932745851576328278e-03 2.403408288955688477e-02 1.759597472846508026e-02 2.282460406422615051e-02 4.859813954681158066e-03 4.656459018588066101e-02 1.059995684772729874e-02 2.460763230919837952e-02 7.034962624311447144e-02 5.149074643850326538e-02 1.415213793516159058e-01 5.061471462249755859e-02 5.894119292497634888e-02 5.119279958307743073e-03 -1.847280748188495636e-02 4.768056795001029968e-03 1.417308673262596130e-02 -2.912060916423797607e-02 3.498931229114532471e-02 -3.522575646638870239e-02 1.491613592952489853e-02 2.580365538597106934e-02 7.940622977912425995e-03 2.318065427243709564e-02 5.452396348118782043e-03 -1.297359727323055267e-02 1.800677389837801456e-03 1.368197798728942871e-02 2.374985255300998688e-02 2.756716450676321983e-03 -7.667627185583114624e-03
8.255907334387302399e-03 3.031826345250010490e-03 2.523737493902444839e-03 1.529790926724672318e-02 4.998406767845153809e-02 2.528551407158374786e-02 2.063007839024066925e-02 2.987746708095073700e-02 2.577306143939495087e-02 2.671233378350734711e-02 3.309003263711929321e-02 5.372555926442146301e-02 2.910118736326694489e-02 6.203662976622581482e-02 4.073627665638923645e-02 3.658158704638481140e-02 1.000000000000000000e+00 3.784821927547454834e-02 4.025636240839958191e-02 8.703012019395828247e-03 3.485095500946044922e-02 3.804040839895606041e-03 6.209375336766242981e-03 7.395877037197351456e-03 1.402897294610738754e-02 1.279917918145656586e-02 7.009874563664197922e-03 9.566071443259716034e-03 7.454023230820894241e-03 7.853218354284763336e-03 9.056163020431995392e-03 2.241070941090583801e-02 1.109034940600395203e-02 4.118959978222846985e-02 8.100120350718498230e-03 7.535538077354431152e-02 3.081963583827018738e-02 2.427545003592967987e-02 1.145959645509719849e-02 1.575461961328983307e-02 9.548284113407135010e-03 1.125302072614431381e-02 3.526355838403105736e-03 1.675553061068058014e-02 -1.371903344988822937e-02 1.905718073248863220e-02 1.241912716068327427e-03 2.290417067706584930e-02 1.817747764289379120e-02 1.390459761023521423e-02 -3.784035798162221909e-03 1.879343204200267792e-02 1.258914545178413391e-02 6.865646224468946457e-03 -1.065146527253091335e-03 1.810461468994617462e-02
7.858254015445709229e-03 1.648176275193691254e-02 2.904997207224369049e-03 1.188158337026834488e-02 6.151757761836051941e-02 1.713628135621547699e-02 1.405864488333463669e-02 2.509670332074165344e-02 2.617810480296611786e-02 2.500680647790431976e-02 4.123029485344886780e-02 7.257427275180816650e-02 4.259947687387466431e-02 6.610768288373947144e-02 6.184232980012893677e-02 8.881455659866333008e-02 3.784821927547454834e-02 1.000000000000000000e+00 6.513849645853042603e-02 2.920186147093772888e-02 5.791033036075532436e-04 5.643720272928476334e-03 3.738850122317671776e-03 1.364426873624324799e-02 1.078721322119235992e-02 1.210491079837083817e-02 1.539040729403495789e-02 3.776841331273317337e-03 1.879292726516723633e-02 4.289149772375822067e-03 1.916851289570331573e-02 1.148202270269393921e-02 1.928688585758209229e-02 4.191858321428298950e-02 1.672899350523948669e-02 7.592277973890304565e-02 4.184440150856971741e-02 2.743240911513566971e-03 -1.749895891407504678e-04 7.023390382528305054e-03 -7.948976126499474049e-04 1.711547188460826874e-02 -1.510724425315856934e-02 2.600550465285778046e-02 -1.579268649220466614e-02 2.074556052684783936e-02 3.298193914815783501e-03 1.069977786391973495e-02 1.267187483608722687e-02 1.693253591656684875e-02 -2.877375809475779533e-03 2.629736904054880142e-03 1.316859479993581772e-02 1.448983978480100632e-02 -2.428407606203109026e-04 1.041315030306577682e-02
-1.550768036395311356e-02 2.452611923217773438e-02 1.599932834506034851e-02 1.122495718300342560e-02 1.267792657017707825e-02 1.634499244391918182e-02 2.534971572458744049e-03 1.859242841601371765e-02 2.484343759715557098e-02 -3.161481872666627169e-04 2.982901409268379211e-02 1.465884968638420105e-02 2.522444725036621094e-02 4.708167165517807007e-02 4.973271116614341736e-02 8.679807931184768677e-02 4.025636240839958191e-02 6.513849645853042603e-02 1.000000000000000000e+00 2.692002058029174805e-02 1.931229233741760254e-02 2.314284211024641991e-03 1.379517000168561935e-02 1.216781884431838989e-02 2.227586694061756134e-02 1.389559078961610794e-02 1.276528276503086090e-02 1.786797307431697845e-02 1.748879067599773407e-02 4.983833990991115570e-03 1.652417331933975220e-02 2.611102536320686340e-02 2.114846557378768921e-02 6.136333569884300232e-02 1.379799656569957733e-02 7.114769518375396729e-02 2.148141898214817047e-02 2.823130413889884949e-02 9.113341569900512695e-03 5.601733457297086716e-03 1.568154245615005493e-02 1.425441447645425797e-02 6.171555141918361187e-04 1.963341422379016876e-02 -3.377554565668106079e-02 2.256425656378269196e-02 8.176481933332979679e-04 7.728314958512783051e-03 3.438472375273704529e-02 -2.416880335658788681e-03 -7.820521481335163116e-03 1.415173429995775223e-02 1.550715696066617966e-02 1.352474279701709747e-02 1.279775751754641533e-04 8.163006976246833801e-03
-4.999963566660881042e-03 1.929569616913795471e-02 -8.449336746707558632e-05 -1.495801936835050583e-02 5.268989130854606628e-02 2.341502159833908081e-02 -1.325579173862934113e-02 2.812628820538520813e-02 5.033961031585931778e-03 -2.246893011033535004e-02 6.686159409582614899e-03 1.432787179946899414e-01 -1.121634431183338165e-02 -6.735082715749740601e-02 1.975552923977375031e-02 3.598091006278991699e-02 8.703012019395828247e-03 2.920186147093772888e-02 2.692002058029174805e-02 1.000000000000000000e+00 -4.855966195464134216e-03 2.182716131210327148e-02 -1.535006333142518997e-02 3.424412012100219727e-02 3.925379365682601929e-03 6.679223850369453430e-03 2.716272883117198944e-02 -3.566649509593844414e-03 2.839527325704693794e-03 -2.499258145689964294e-03 1.998856849968433380e-02 1.160348486155271530e-02 1.039317473769187927e-01 2.045485377311706543e-02 -3.344423312228173018e-04 -5.362095311284065247e-02 1.008725911378860474e-01 -1.085735186934471130e-01 -3.966211900115013123e-02 3.018320165574550629e-02 2.567906863987445831e-02 3.767531597986817360e-03 4.517125897109508514e-03 3.867179453372955322e-01 -5.192529782652854919e-02 7.143492996692657471e-02 -3.739901632070541382e-02 -4.181097261607646942e-03 1.464439556002616882e-03 -3.029180318117141724e-02 -9.124395437538623810e-03 -2.205169945955276489e-02 4.837723914533853531e-03 2.652219729498028755e-03 -1.618073135614395142e-02 3.741155937314033508e-02
-3.054057992994785309e-02 -2.234640531241893768e-02 6.835917476564645767e-03 1.648424193263053894e-02 -2.691291971132159233e-03 8.214274421334266663e-03 -4.083598963916301727e-03 -6.513825617730617523e-03 -1.438169274479150772e-04 -9.310098364949226379e-03 6.743541918694972992e-03 -1.498969458043575287e-02 8.498277748003602028e-04 -2.238510176539421082e-03 4.498563706874847412e-03 -4.719224292784929276e-03 3.485095500946044922e-02 5.791033036075532436e-04 1.931229233741760254e-02 -4.855966195464134216e-03 1.000000000000000000e+00 -1.573187182657420635e-03 -1.060723513364791870e-02 3.662057965993881226e-02 9.201950160786509514e-04 7.433207239955663681e-03 -4.235283937305212021e-03 2.250932157039642334e-02 -2.286215079948306084e-03 1.949358172714710236e-02 2.240234985947608948e-02 2.182705327868461609e-02 -2.803783491253852844e-02 1.467509474605321884e-02 -2.230167388916015625e-02 1.784609444439411163e-02 -5.282404273748397827e-02 -1.476521044969558716e-02 -4.458578303456306458e-03 -2.062073536217212677e-02 4.737994633615016937e-03 2.412611385807394981e-03 1.755915768444538116e-02 -2.794669382274150848e-02 -4.774602130055427551e-02 1.482913549989461899e-02 1.617739535868167877e-02 6.990670412778854370e-02 1.347231399267911911e-02 -1.707212068140506744e-02 -2.113974420353770256e-03 2.035632729530334473e-02 8.239088580012321472e-03 -2.589632757008075714e-03 3.046195255592465401e-03 4.274186212569475174e-03
3.641689196228981018e-03 1.184773165732622147e-02 9.855363517999649048e-03 -3.673117607831954956e-03 5.560000613331794739e-02 1.606661453843116760e-02 2.685168944299221039e-02 1.335826329886913300e-02 2.600774355232715607e-02 4.743955284357070923e-02 1.803649589419364929e-02 4.454435035586357117e-02 -3.715485101565718651e-03 -5.085803568363189697e-02 8.281440474092960358e-03 -3.291101753711700439e-02 3.804040839895606041e-03 5.643720272928476334e-03 2.314284211024641991e-03 2.182716131210327148e-02 -1.573187182657420635e-03 1.000000000000000000e+00 -1.560425013303756714e-02 5.108075961470603943e-02 4.949051886796951294e-03 9.523507906123995781e-04 -2.843837253749370575e-03 -2.457669936120510101e-03 9.736482985317707062e-03 3.658713074401021004e-03 7.946786470711231232e-03 1.681025698781013489e-02 3.076190501451492310e-02 -8.595643565058708191e-03 1.700309105217456818e-02 -5.454830452799797058e-02 2.968590240925550461e-03 -8.599042147397994995e-02 -2.519035246223211288e-03 5.783288180828094482e-02 2.617890248075127602e-03 2.454294636845588684e-02 3.417520783841609955e-03 2.648986503481864929e-02 -4.778808914124965668e-03 5.723433569073677063e-04 -1.780598424375057220e-02 -4.934879951179027557e-03 -3.803345141932368279e-03 -1.532309968024492264e-02 -5.755619145929813385e-03 -9.562040679156780243e-03 3.479730105027556419e-03 1.151691935956478119e-02 -2.681686542928218842e-02 1.369356177747249603e-02
1.865243166685104370e-02 2.620069682598114014e-02 9.238907136023044586e-03 9.350212290883064270e-03 -4.879694432020187378e-03 1.118325628340244293e-02 -1.262152194976806641e-02 2.674361690878868103e-03 6.998918950557708740e-03 -4.938652273267507553e-03 4.686319269239902496e-03 9.638752788305282593e-03 8.180813863873481750e-03 1.896418817341327667e-02 8.253094740211963654e-03 9.630464017391204834e-03 6.209375336766242981e-03 3.738850122317671776e-03 1.379517000168561935e-02 -1.535006333142518997e-02 -1.060723513364791870e-02 -1.560425013303756714e-02 1.000000000000000000e+00 8.988385088741779327e-03 1.555683929473161697e-02 5.075585097074508667e-03 3.736491780728101730e-03 8.006751537322998047e-03 2.601466141641139984e-03 1.407516654580831528e-02 1.412099227309226990e-03 2.783507341518998146e-03 1.136555615812540054e-02 7.926579564809799194e-03 9.437034605070948601e-04 1.326152961701154709e-02 2.635954134166240692e-02 2.573213726282119751e-02 -1.830122619867324829e-02 -5.494732875376939774e-03 7.097641006112098694e-03 9.469387587159872055e-04 3.776857163757085800e-03 1.831282302737236023e-02 -1.733266003429889679e-02 1.126286108046770096e-02 -6.938279257155954838e-04 3.913434688001871109e-03 8.639357984066009521e-04 9.776051156222820282e-03 -1.878419541753828526e-03 1.255932729691267014e-02 5.110388156026601791e-03 3.361471742391586304e-02 1.019929721951484680e-02 2.179339155554771423e-02
-1.858223229646682739e-02 -2.655784413218498230e-02 -1.584468968212604523e-02 1.418264023959636688e-02 2.668077312409877777e-02 2.835464896634221077e-03 -7.601051591336727142e-03 -1.375532336533069611e-02 6.579703185707330704e-03 -4.319302737712860107e-03 5.160877481102943420e-03 -5.616249050945043564e-03 6.592071149498224258e-03 -1.384306792169809341e-02 1.276315376162528992e-02 1.775745861232280731e-02 7.395877037197351456e-03 1.364426873624324799e-02 1.216781884431838989e-02 3.424412012100219727e-02 3.662057965993881226e-02 5.108075961470603943e-02 8.988385088741779327e-03 1.000000000000000000e+00 -1.698324689641594887e-03 9.599388577044010162e-03 2.844621799886226654e-02 9.343849495053291321e-03 6.824154406785964966e-03 -3.834436647593975067e-03 1.920028626918792725e-01 -1.860832097008824348e-03 -4.102890845388174057e-03 5.393049679696559906e-03 -1.095977332442998886e-02 -6.587363313883543015e-03 -5.075624678283929825e-03 -1.875866577029228210e-02 -2.789646154269576073e-03 -1.676861755549907684e-02 -2.022927813231945038e-02 3.131161443889141083e-03 -1.050147041678428650e-02 2.597572281956672668e-02 -2.740595117211341858e-02 6.624239031225442886e-03 -2.967229112982749939e-03 7.411697413772344589e-03 -5.478631239384412766e-03 4.125388339161872864e-03 -7.805768400430679321e-03 -2.097466401755809784e-02 6.823355332016944885e-03 2.110785339027643204e-03 -3.619775176048278809e-03 -1.512082107365131378e-02
2.091188356280326843e-02 4.469587281346321106e-02 1.066816505044698715e-02 1.073560118675231934e-02 7.139871013350784779e-04 1.588011719286441803e-02 5.812603980302810669e-03 2.733242884278297424e-02 2.115329727530479431e-02 1.230343896895647049e-02 1.267648953944444656e-02 -2.629803027957677841e-03 7.800427847541868687e-04 2.325118985027074814e-03 8.023559115827083588e-03 1.437383051961660385e-02 1.402897294610738754e-02 1.078721322119235992e-02 2.227586694061756134e-02 3.925379365682601929e-03 9.201950160786509514e-04 4.949051886796951294e-03 1.555683929473161697e-02 -1.698324689641594887e-03 1.000000000000000000e+00 1.188484672456979752e-02 1.963893882930278778e-03 2.378277666866779327e-02 7.493462413549423218e-03 -3.686007112264633179e-04 8.908077143132686615e-03 8.866705931723117828e-03 1.318394392728805542e-02 1.838254556059837341e-02 3.817107994109392166e-03 1.763213612139225006e-02 7.185351569205522537e-03 7.530977018177509308e-03 9.329824708402156830e-03 -1.020459923893213272e-02 -7.789010414853692055e-04 1.326562091708183289e-02 -1.599651388823986053e-02 9.620073251426219940e-03 5.670522805303335190e-03 1.428823173046112061e-02 3.714722115546464920e-03 6.538170389831066132e-03 -4.030039533972740173e-03 1.286541484296321869e-02 -2.492987783625721931e-03 1.017751079052686691e-02 1.250477787107229233e-02 1.180164795368909836e-02 -1.326951384544372559e-02 -6.520352791994810104e-03
2.969228080473840237e-04 -3.460078442003577948e-04 2.863669302314519882e-03 8.330744691193103790e-03 6.499346811324357986e-03 8.704376406967639923e-03 4.853314254432916641e-03 6.668357644230127335e-03 9.897547774016857147e-03 7.737356703728437424e-03 1.192423235625028610e-02 4.256886895745992661e-03 6.015974562615156174e-03 1.637192815542221069e-02 1.185508351773023605e-02 7.932745851576328278e-03 1.279917918145656586e-02 1.210491079837083817e-02 1.389559078961610794e-02 6.679223850369453430e-03 7.433207239955663681e-03 9.523507906123995781e-04 5.075585097074508667e-03 9.599388577044010162e-03 1.188484672456979752e-02 1.000000000000000000e+00 1.200831122696399689e-02 2.070086263120174408e-02 5.327303428202867508e-03 1.281099277548491955e-03 1.530301664024591446e-02 8.434222079813480377e-03 1.290112733840942383e-02 1.277044601738452911e-02 -1.030653715133666992e-02 1.397506706416606903e-02 -8.843140094541013241e-04 9.060610085725784302e-03 4.351841751486063004e-03 -8.998905308544635773e-03 8.063600398600101471e-04 7.688587531447410583e-03 -4.067736677825450897e-03 2.514986786991357803e-03 -1.482102461159229279e-02 9.710592217743396759e-03 6.900811567902565002e-03 1.381906680762767792e-02 1.300170086324214935e-02 3.763933200389146805e-03 5.055740475654602051e-04 1.311754528433084488e-02 1.029836665838956833e-02 6.019614171236753464e-03 7.562158862128853798e-04 -3.063574666157364845e-03
2.250534109771251678e-02 1.856279000639915466e-02 1.282970327883958817e-02 7.774169091135263443e-03 1.271685492247343063e-02 4.094424657523632050e-03 2.924102882388979197e-04 -4.847057629376649857e-03 1.562831737101078033e-02 1.036727521568536758e-02 6.101586855947971344e-03 2.594803832471370697e-02 2.226302400231361389e-02 1.188032561913132668e-03 1.684618555009365082e-02 2.403408288955688477e-02 7.009874563664197922e-03 1.539040729403495789e-02 1.276528276503086090e-02 2.716272883117198944e-02 -4.235283937305212021e-03 -2.843837253749370575e-03 3.736491780728101730e-03 2.844621799886226654e-02 1.963893882930278778e-03 1.200831122696399689e-02 1.000000000000000000e+00 8.207207545638084412e-03 1.435780338943004608e-02 9.418025612831115723e-03 8.771486580371856689e-02 5.624759476631879807e-03 -1.588460989296436310e-02 -4.132412141188979149e-04 -3.712848760187625885e-03 -4.194025881588459015e-03 8.406339329667389393e-04 4.712979774922132492e-03 -6.114009302109479904e-03 -7.081766379997134209e-04 -2.828998956829309464e-03 4.946408793330192566e-03 4.955672193318605423e-03 3.292094543576240540e-02 -9.616399183869361877e-03 1.052832044661045074e-02 -6.979694589972496033e-03 3.675047541037201881e-03 -8.713729679584503174e-03 4.640665836632251740e-03 1.001347415149211884e-02 1.212267484515905380e-02 7.289599161595106125e-03 4.675185307860374451e-03 9.189386852085590363e-03 1.181666553020477295e-02
-1.249728724360466003e-02 5.293287336826324463e-03 1.716606132686138153e-02 1.961743645370006561e-02 4.250464029610157013e-03 2.281703054904937744e-02 1.197859551757574081e-02 2.161409705877304077e-02 1.027885451912879944e-02 2.789125312119722366e-03 1.722394675016403198e-02 -2.174197928979992867e-03 7.961231283843517303e-03 2.855940535664558411e-02 1.987407170236110687e-02 1.759597472846508026e-02 9.566071443259716034e-03 3.776841331273317337e-03 1.786797307431697845e-02 -3.566649509593844414e-03 2.250932157039642334e-02 -2.457669936120510101e-03 8.006751537322998047e-03 9.343849495053291321e-03 2.378277666866779327e-02 2.070086263120174408e-02 8.207207545638084412e-03 1.000000000000000000e+00 1.331527624279260635e-02 1.973281987011432648e-02 9.820341132581233978e-03 1.304514147341251373e-02 7.143249968066811562e-04 1.076989527791738510e-02 2.046927437186241150e-02 2.416060306131839752e-02 1.092576049268245697e-02 3.740634769201278687e-02 1.957387104630470276e-02 2.049949951469898224e-03 -1.761803589761257172e-02 1.236764807254076004e-02 1.965990290045738220e-03 9.901865385472774506e-03 -5.996999796479940414e-03 1.085185445845127106e-02 1.557448226958513260e-02 1.507285609841346741e-02 2.545962668955326080e-02 7.914951071143150330e-03 3.797435434535145760e-03 7.318675983697175980e-03 9.545330889523029327e-03 9.705348871648311615e-03 2.397960238158702850e-02 -2.541952580213546753e-02
