2.470746785402297974e-01 2.455919235944747925e-02 5.308581981807947159e-03 -2.846289135050028563e-04 -2.679549856111407280e-03 4.030229523777961731e-03 4.053711891174316406e-03 -2.451275475323200226e-03 2.984204329550266266e-02 -4.132948350161314011e-03 -1.263844780623912811e-03 8.757525123655796051e-03 -6.242914823815226555e-04 1.599497534334659576e-02 9.901927784085273743e-03 1.141100539825856686e-03 2.481939643621444702e-02 5.965221207588911057e-03 2.271927520632743835e-02 1.438444666564464569e-02 3.789351787418127060e-03 2.615475654602050781e-02 2.286256849765777588e-02 1.172820478677749634e-02 2.473370730876922607e-02 1.362861972302198410e-02 1.977869309484958649e-02 3.992332611232995987e-03 -4.806010983884334564e-03 1.462474651634693146e-02 2.610143274068832397e-02 1.113359699957072735e-03 1.242162659764289856e-02 1.777790952473878860e-03 5.449674092233181000e-03 2.376689761877059937e-02 5.873810965567827225e-03 -1.714019454084336758e-03 1.638701651245355606e-03 5.060127470642328262e-03 -1.714019104838371277e-03 3.437163308262825012e-02 -2.179800794692710042e-04 7.691999431699514389e-03 2.361443452537059784e-02 4.422771744430065155e-03 1.220571529120206833e-02 4.204745404422283173e-03 1.531686726957559586e-02 6.856953725218772888e-03 7.069189567118883133e-03 1.653227210044860840e-02 1.048047933727502823e-02
2.455919235944747925e-02 2.073740065097808838e-01 2.675295993685722351e-02 9.949730709195137024e-03 8.464294951409101486e-04 7.708305027335882187e-03 1.997878961265087128e-02 3.054686821997165680e-04 1.349774934351444244e-02 1.364643033593893051e-02 1.305262092500925064e-02 -1.834354829043149948e-03 2.104480937123298645e-02 1.786107197403907776e-02 7.725736591964960098e-03 5.454280879348516464e-03 7.102236617356538773e-03 2.671103924512863159e-02 1.630989834666252136e-02 2.635629661381244659e-02 9.814525023102760315e-03 2.529400587081909180e-02 1.089823246002197266e-02 6.866678129881620407e-03 1.169079169631004333e-02 5.191191099584102631e-03 1.321695628575980663e-03 7.773028686642646790e-03 6.801354233175516129e-03 2.851513400673866272e-02 1.734005473554134369e-02 5.654917564243078232e-03 6.781083531677722931e-03 1.161803770810365677e-02 2.836061455309391022e-02 8.899418637156486511e-03 2.659658901393413544e-02 4.761349700856953859e-04 2.562133828178048134e-03 6.948645226657390594e-03 1.968603173736482859e-04 3.135429695248603821e-02 9.402837604284286499e-03 1.330243237316608429e-02 9.359099902212619781e-03 1.600117050111293793e-02 -4.440762950252974406e-06 2.834818791598081589e-03 1.272445078939199448e-02 9.320837445557117462e-03 7.205169094959273934e-05 4.636523779481649399e-03 -1.087603252381086349e-02
5.308581981807947159e-03 2.675295993685722351e-02 2.173496037721633911e-01 8.162913843989372253e-03 5.613506771624088287e-03 4.981525242328643799e-03 6.835750769823789597e-03 3.559598000720143318e-03 2.374885417520999908e-02 2.999786101281642914e-02 4.341356456279754639e-03 3.323398996144533157e-04 1.798093318939208984e-02 1.438842341303825378e-02 4.363319370895624161e-03 2.775538479909300804e-03 5.194261670112609863e-03 2.948759309947490692e-02 1.289605349302291870e-02 2.095742151141166687e-02 1.140090078115463257e-02 2.334700711071491241e-02 1.433092448860406876e-02 2.161679556593298912e-03 6.749220192432403564e-03 1.169398985803127289e-02 5.365239921957254410e-03 5.275479052215814590e-03 2.003758400678634644e-02 3.099599108099937439e-02 1.907117664813995361e-02 1.126205828040838242e-02 3.450429532676935196e-03 6.257541012018918991e-03 2.820066362619400024e-02 2.664486505091190338e-02 1.755432225763797760e-02 2.519901143386960030e-03 6.265333504416048527e-04 7.209223229438066483e-03 2.232307335361838341e-03 3.459217399358749390e-02 1.194278523325920105e-02 4.655670374631881714e-03 1.464972551912069321e-02 8.994768373668193817e-03 5.745983216911554337e-03 -1.075104926712810993e-03 1.054055336862802505e-02 1.019230484962463379e-02 3.507059067487716675e-03 6.752865388989448547e-03 -2.418497111648321152e-03
-2.846289135050028563e-04 9.949730709195137024e-03 8.162913843989372253e-03 1.340370178222656250e-01 3.065828233957290649e-03 7.082049269229173660e-03 7.026338018476963043e-03 2.113353228196501732e-03 1.087796222418546677e-02 1.166309695690870285e-02 5.259729921817779541e-03 1.614231034182012081e-03 1.767900772392749786e-03 9.733577258884906769e-03 4.020232241600751877e-03 3.935933113098144531e-03 2.595429308712482452e-03 1.199918612837791443e-02 3.196634352207183838e-03 1.226675137877464294e-02 7.765491958707571030e-03 3.714569844305515289e-03 4.126177169382572174e-03 4.640935454517602921e-03 8.614978869445621967e-04 2.203860552981495857e-03 1.495389849878847599e-03 4.111072514206171036e-03 1.531121600419282913e-02 6.100716069340705872e-03 1.974897226318717003e-03 9.187472984194755554e-03 1.133080339059233665e-03 2.902884967625141144e-03 9.888111613690853119e-03 3.639405185822397470e-04 1.212740875780582428e-02 1.392016885802149773e-03 5.607591592706739902e-04 7.774943020194768906e-03 1.488569541834294796e-03 1.611304760444909334e-04 6.747952662408351898e-03 8.942659012973308563e-03 -2.523940347600728273e-04 9.034950286149978638e-03 4.311365541070699692e-03 5.294801085256040096e-04 2.565887523815035820e-03 7.332290522754192352e-03 8.407241664826869965e-03 3.871367080137133598e-03 2.392140217125415802e-03
-2.679549856111407280e-03 8.464294951409101486e-04 5.613506771624088287e-03 3.065828233957290649e-03 2.042991109192371368e-02 1.735136494971811771e-03 3.910915926098823547e-03 1.224108040332794189e-02 -3.437059640418738127e-04 1.318803755566477776e-03 3.156519494950771332e-03 5.742464563809335232e-04 4.016394959762692451e-04 -6.654314929619431496e-04 -5.463795969262719154e-04 -1.159489038400352001e-04 -1.879337592981755733e-03 5.596361006610095501e-04 -3.520020749419927597e-03 1.091852085664868355e-03 3.232947201468050480e-04 -3.575562033802270889e-03 -3.489703638479113579e-03 1.869403604359831661e-05 -2.538197673857212067e-03 -4.574839258566498756e-04 -2.819322748109698296e-03 -5.184653564356267452e-04 -1.882853102870285511e-04 9.667426929809153080e-04 7.127940771169960499e-04 -5.096269305795431137e-04 -2.342787047382444143e-04 -8.292795391753315926e-04 2.771830884739756584e-03 -2.429656917229294777e-03 -5.589298089034855366e-04 8.138570003211498260e-03 -2.490733168087899685e-04 -3.762500418815761805e-04 8.138570003211498260e-03 -3.507413435727357864e-03 1.316024689003825188e-03 1.592749613337218761e-03 -2.361473860219120979e-03 -6.961597246117889881e-04 -8.062405686359852552e-05 8.801587391644716263e-04 7.387131918221712112e-04 1.130409873439930379e-04 1.313289540121331811e-04 5.022623809054493904e-04 -2.139220014214515686e-03
4.030229523777961731e-03 7.708305027335882187e-03 4.981525242328643799e-03 7.082049269229173660e-03 1.735136494971811771e-03 8.169312775135040283e-02 1.220782194286584854e-02 1.114989281632006168e-03 1.643416588194668293e-03 8.318977430462837219e-03 4.005866590887308121e-03 -7.707286858931183815e-04 4.178521921858191490e-04 9.457902051508426666e-03 2.358645433560013771e-03 2.279576146975159645e-03 -5.945664015598595142e-04 7.953426800668239594e-03 3.380922367796301842e-03 6.285765673965215683e-03 7.630681153386831284e-03 4.678450524806976318e-03 3.329387167468667030e-03 3.487736918032169342e-03 1.377057167701423168e-03 -1.391095225699245930e-03 -1.199722639285027981e-03 6.377530284225940704e-03 6.818684283643960953e-03 2.612010110169649124e-03 3.027792088687419891e-03 5.567565094679594040e-03 -1.137963146902620792e-03 2.292813267558813095e-03 2.123589860275387764e-03 -2.678543569345492870e-05 8.018347434699535370e-03 7.108651334419846535e-04 3.599089686758816242e-04 8.422338403761386871e-03 7.417204324156045914e-04 2.206496894359588623e-03 4.953905008733272552e-03 6.966297514736652374e-03 1.124188769608736038e-03 6.446873303502798080e-03 6.157638505101203918e-03 8.853847393766045570e-04 1.320636644959449768e-02 6.753684021532535553e-03 4.455732647329568863e-03 6.962005980312824249e-03 1.283341320231556892e-03
4.053711891174316406e-03 1.997878961265087128e-02 6.835750769823789597e-03 7.026338018476963043e-03 3.910915926098823547e-03 1.220782194286584854e-02 1.666103005409240723e-01 2.850657096132636070e-03 -1.296569779515266418e-02 -4.586027003824710846e-03 1.052059978246688843e-02 -6.344580091536045074e-03 8.773663081228733063e-03 4.358731675893068314e-03 7.833499461412429810e-03 5.533685907721519470e-03 4.086920060217380524e-03 -1.708808122202754021e-03 2.069169282913208008e-02 9.833672083914279938e-03 6.357472855597734451e-03 1.078572217375040054e-02 6.912635872140526772e-04 5.105720367282629013e-03 6.280370522290468216e-03 3.018332179635763168e-03 -4.118510056287050247e-03 2.746481914073228836e-03 -9.617462754249572754e-03 3.064638469368219376e-03 5.170285236090421677e-03 -2.329352777451276779e-03 1.881325850263237953e-03 8.143102750182151794e-03 5.221433937549591064e-03 -5.119826178997755051e-03 9.280188940465450287e-03 1.613544998690485954e-03 2.396886702626943588e-03 6.704552099108695984e-03 1.902978401631116867e-03 8.454011753201484680e-03 1.424904167652130127e-02 1.713011227548122406e-02 -1.161118620075285435e-03 1.330550108104944229e-02 6.515205372124910355e-03 4.854250233620405197e-03 1.885161735117435455e-02 6.394177209585905075e-03 2.446949947625398636e-03 2.979933982715010643e-03 -4.546938464045524597e-03
-2.451275475323200226e-03 3.054686821997165680e-04 3.559598000720143318e-03 2.113353228196501732e-03 1.224108040332794189e-02 1.114989281632006168e-03 2.850657096132636070e-03 1.386942435055971146e-02 8.641888853162527084e-04 5.079486873000860214e-04 2.802588511258363724e-03 7.892624707892537117e-04 5.873392219655215740e-04 -7.893748115748167038e-04 -7.158198859542608261e-04 -3.032299864571541548e-04 2.393369504716247320e-05 -1.864508521975949407e-04 -2.888827351853251457e-03 9.463156457059085369e-04 1.127106661442667246e-04 -2.884317655116319656e-03 -1.550435670651495457e-03 7.841487240511924028e-05 -1.259153010323643684e-03 -1.795752323232591152e-03 -6.907872739247977734e-04 -5.949430051259696484e-04 2.865604183170944452e-04 2.042757114395499229e-03 2.399241784587502480e-03 -6.429492495954036713e-04 -9.982096962630748749e-04 -1.532825524918735027e-03 2.936546225100755692e-03 -2.285746624693274498e-03 -9.750390308909118176e-04 8.291048929095268250e-03 -1.666844473220407963e-04 -7.808125810697674751e-04 9.713128209114074707e-03 -2.946232445538043976e-03 1.668041804805397987e-03 1.185566536150872707e-03 -1.559783355332911015e-03 -3.609092382248491049e-04 3.850997309200465679e-04 1.050169463269412518e-03 6.613092264160513878e-04 -3.723695840562868398e-07 3.931274986825883389e-04 3.775905643124133348e-04 -3.844996535917744040e-05
2.984204329550266266e-02 1.349774934351444244e-02 2.374885417520999908e-02 1.087796222418546677e-02 -3.437059640418738127e-04 1.643416588194668293e-03 -1.296569779515266418e-02 8.641888853162527084e-04 2.358872592449188232e-01 3.916602209210395813e-02 4.684169311076402664e-03 -2.881248714402318001e-03 -3.251694142818450928e-02 -1.541956420987844467e-02 -2.321461215615272522e-03 4.186528269201517105e-03 -1.997306570410728455e-02 1.117217121645808220e-03 -4.636702593415975571e-03 2.696100808680057526e-02 8.729336783289909363e-03 1.234036777168512344e-02 1.666177064180374146e-02 3.692321246489882469e-03 -1.670452393591403961e-02 -1.493289601057767868e-02 -1.479985099285840988e-02 -4.342424683272838593e-03 1.132169971242547035e-03 3.366839885711669922e-02 1.978160440921783447e-02 1.387048629112541676e-03 -8.172640576958656311e-03 -7.296993862837553024e-03 1.569207943975925446e-02 4.919487517327070236e-03 1.546141132712364197e-02 -1.755269360728561878e-03 8.798463270068168640e-03 7.836454547941684723e-03 -1.755274133756756783e-03 3.880506753921508789e-02 1.653544232249259949e-02 -5.701631307601928711e-04 -2.137385774403810501e-03 5.781514104455709457e-03 1.152590103447437286e-02 4.314561840146780014e-03 1.619667932391166687e-02 2.713440218940377235e-03 5.830523557960987091e-03 6.929577793926000595e-03 2.835174463689327240e-02
-4.132948350161314011e-03 1.364643033593893051e-02 2.999786101281642914e-02 1.166309695690870285e-02 1.318803755566477776e-03 8.318977430462837219e-03 -4.586027003824710846e-03 5.079486873000860214e-04 3.916602209210395813e-02 2.365925610065460205e-01 4.945877939462661743e-03 -7.438181899487972260e-03 -1.739881373941898346e-02 1.745180971920490265e-02 -1.052530761808156967e-02 2.939690137282013893e-03 -1.661747694015502930e-02 5.569553002715110779e-02 -1.777452789247035980e-02 9.118420071899890900e-03 1.749298721551895142e-02 -1.195109635591506958e-02 -1.486437767744064331e-02 -5.635194480419158936e-03 -2.054448798298835754e-02 -2.253677137196063995e-02 -2.203501574695110321e-02 6.330234929919242859e-03 4.268025979399681091e-02 1.114939805120229721e-02 -1.618010364472866058e-02 3.659559041261672974e-02 -1.270282827317714691e-02 3.183924593031406403e-03 6.604371592402458191e-03 -2.801347989588975906e-03 2.445208281278610229e-02 -1.311041531153023243e-03 6.126441527158021927e-03 2.025389857590198517e-02 -1.048035570420324802e-03 8.448095992207527161e-03 5.388474673964083195e-04 4.612870048731565475e-03 -1.504905708134174347e-02 8.233764208853244781e-03 -6.054322700947523117e-03 7.295222952961921692e-03 3.516988363116979599e-04 1.455345936119556427e-02 1.817151089198887348e-03 1.466260384768247604e-02 3.783507505431771278e-03
-1.263844780623912811e-03 1.305262092500925064e-02 4.341356456279754639e-03 5.259729921817779541e-03 3.156519494950771332e-03 4.005866590887308121e-03 1.052059978246688843e-02 2.802588511258363724e-03 4.684169311076402664e-03 4.945877939462661743e-03 2.257651239633560181e-01 9.330150205641984940e-04 1.160132139921188354e-02 5.858318880200386047e-03 -2.710275293793529272e-04 1.737937214784324169e-03 -2.634493401274085045e-03 4.495000466704368591e-04 5.996990017592906952e-03 8.661242201924324036e-03 2.899792511016130447e-03 8.076271042227745056e-03 -2.951781731098890305e-03 4.207065794616937637e-03 -3.298207186162471771e-03 -5.009322427213191986e-03 1.489636139012873173e-03 3.871584311127662659e-03 3.492393996566534042e-03 6.719018798321485519e-03 7.127050310373306274e-03 -6.569454853888601065e-05 8.932494092732667923e-04 -4.925859975628554821e-04 -1.054758322425186634e-03 -6.309310439974069595e-03 4.808583762496709824e-03 1.823104568757116795e-03 7.062804070301353931e-04 5.224566906690597534e-03 2.180054550990462303e-03 1.468962291255593300e-03 3.882023273035883904e-03 8.769045583903789520e-03 -6.415430834749713540e-05 3.067771671339869499e-03 2.579007064923644066e-03 1.645193900913000107e-03 5.496213678270578384e-03 5.534246098250150681e-03 2.440934535115957260e-03 1.037076581269502640e-03 -6.010857410728931427e-03
8.757525123655796051e-03 -1.834354829043149948e-03 3.323398996144533157e-04 1.614231034182012081e-03 5.742464563809335232e-04 -7.707286858931183815e-04 -6.344580091536045074e-03 7.892624707892537117e-04 -2.881248714402318001e-03 -7.438181899487972260e-03 9.330150205641984940e-04 6.788809597492218018e-02 2.734258770942687988e-02 1.913156546652317047e-02 8.389913477003574371e-03 1.526062987977638841e-04 1.557510625571012497e-02 6.944603752344846725e-03 2.020207419991493225e-02 5.762084387242794037e-03 -5.680219619534909725e-04 1.290920935571193695e-02 1.574811711907386780e-02 3.367973025888204575e-03 1.605576835572719574e-02 3.020688705146312714e-02 3.311801701784133911e-02 5.408080760389566422e-03 2.140713669359683990e-02 1.257497817277908325e-02 1.559953112155199051e-02 1.493581337854266167e-03 8.467718027532100677e-03 2.685114042833447456e-03 5.623093340545892715e-03 2.486185915768146515e-02 3.897090442478656769e-03 1.024507451802492142e-03 -8.462491095997393131e-04 -1.983416586881503463e-04 -3.451875236351042986e-04 4.190606530755758286e-03 1.059927628375589848e-03 1.146562863141298294e-03 2.791585400700569153e-02 -4.519192734733223915e-04 3.804611740633845329e-03 9.486934286542236805e-04 -1.845769234932959080e-03 1.507466426119208336e-03 -1.143033616244792938e-03 1.525376806966960430e-03 1.107914093881845474e-02
-6.242914823815226555e-04 2.104480937123298645e-02 1.798093318939208984e-02 1.767900772392749786e-03 4.016394959762692451e-04 4.178521921858191490e-04 8.773663081228733063e-03 5.873392219655215740e-04 -3.251694142818450928e-02 -1.739881373941898346e-02 1.160132139921188354e-02 2.734258770942687988e-02 2.360584586858749390e-01 5.578778684139251709e-02 3.977464139461517334e-02 5.565090570598840714e-03 5.576132982969284058e-02 3.147926926612854004e-02 6.605765223503112793e-02 2.298378758132457733e-02 4.883964080363512039e-03 5.716358125209808350e-02 4.170834645628929138e-02 1.666891202330589294e-02 5.587150156497955322e-02 8.832608163356781006e-02 6.134758144617080688e-02 1.608859375119209290e-02 3.524576500058174133e-02 3.453390672802925110e-02 4.207139089703559875e-02 6.052881013602018356e-03 1.409229729324579239e-02 1.537359599024057388e-02 2.569055184721946716e-02 6.457153707742691040e-02 1.132505293935537338e-02 3.226294356863945723e-04 2.068655099719762802e-03 2.436202019453048706e-03 3.226294356863945723e-04 3.174168616533279419e-02 5.728560034185647964e-03 5.755468271672725677e-03 4.936749860644340515e-02 1.224143430590629578e-02 4.840908106416463852e-03 -2.258274471387267113e-03 1.181040052324533463e-02 3.980177920311689377e-03 -5.035541835241019726e-05 2.760810311883687973e-03 -4.064853768795728683e-03
1.599497534334659576e-02 1.786107197403907776e-02 1.438842341303825378e-02 9.733577258884906769e-03 -6.654314929619431496e-04 9.457902051508426666e-03 4.358731675893068314e-03 -7.893748115748167038e-04 -1.541956420987844467e-02 1.745180971920490265e-02 5.858318880200386047e-03 1.913156546652317047e-02 5.578778684139251709e-02 2.402194738388061523e-01 2.630818635225296021e-02 8.949258364737033844e-03 4.535726830363273621e-02 6.561802327632904053e-02 3.366936743259429932e-02 2.394068054854869843e-02 2.603567577898502350e-02 2.811917848885059357e-02 4.589339345693588257e-02 1.504646427929401398e-02 4.432843625545501709e-02 5.703882873058319092e-02 5.111491680145263672e-02 3.786868602037429810e-02 8.518547564744949341e-02 1.975248754024505615e-02 2.148713730275630951e-02 2.990981750190258026e-02 5.546035710722208023e-03 4.687232896685600281e-03 3.171472111716866493e-03 4.840316623449325562e-02 2.046399004757404327e-02 -1.044475473463535309e-03 2.378533128648996353e-03 1.699198782444000244e-02 -1.044475589878857136e-03 1.503758691251277924e-02 4.291097633540630341e-03 7.148985750973224640e-03 2.176300063729286194e-02 1.288475096225738525e-02 1.776956953108310699e-02 1.609305269084870815e-03 3.069209400564432144e-03 2.152659185230731964e-02 5.282353144139051437e-03 1.192418672144412994e-02 8.598432032158598304e-05
9.901927784085273743e-03 7.725736591964960098e-03 4.363319370895624161e-03 4.020232241600751877e-03 -5.463795969262719154e-04 2.358645433560013771e-03 7.833499461412429810e-03 -7.158198859542608261e-04 -2.321461215615272522e-03 -1.052530761808156967e-02 -2.710275293793529272e-04 8.389913477003574371e-03 3.977464139461517334e-02 2.630818635225296021e-02 1.863109469413757324e-01 8.500726893544197083e-03 2.569534257054328918e-02 2.229865174740552902e-03 3.094170987606048584e-02 1.579144597053527832e-02 8.600795641541481018e-03 3.594367206096649170e-02 2.261804789304733276e-02 1.928694173693656921e-02 3.033502586185932159e-02 4.212808609008789062e-02 2.870300970971584320e-02 9.788494557142257690e-03 1.214015390723943710e-02 9.778302162885665894e-03 2.362961135804653168e-02 2.242014976218342781e-03 1.239670626819133759e-02 2.945662476122379303e-03 9.891394525766372681e-03 3.352844342589378357e-02 6.095875520259141922e-03 -2.632353425724431872e-05 3.284532343968749046e-03 6.750921718776226044e-03 -2.665124520717654377e-05 1.769007742404937744e-02 8.010781370103359222e-03 6.000855006277561188e-03 2.073053643107414246e-02 9.214974939823150635e-03 1.456079445779323578e-02 2.297633094713091850e-03 1.056387927383184433e-02 4.165214486420154572e-03 5.165467504411935806e-03 3.870165906846523285e-03 5.453590303659439087e-03
1.141100539825856686e-03 5.454280879348516464e-03 2.775538479909300804e-03 3.935933113098144531e-03 -1.159489038400352001e-04 2.279576146975159645e-03 5.533685907721519470e-03 -3.032299864571541548e-04 4.186528269201517105e-03 2.939690137282013893e-03 1.737937214784324169e-03 1.526062987977638841e-04 5.565090570598840714e-03 8.949258364737033844e-03 8.500726893544197083e-03 1.079356223344802856e-01 1.404160726815462112e-02 8.907553739845752716e-03 7.654205895960330963e-03 7.371096871793270111e-03 5.614884197711944580e-03 7.373149972409009933e-03 8.446216583251953125e-03 4.903671797364950180e-03 3.339574206620454788e-03 6.123551167547702789e-03 1.606954145245254040e-03 3.969095647335052490e-03 4.698159173130989075e-03 2.073356183245778084e-03 3.428640542551875114e-03 5.038191564381122589e-03 -2.639658981934189796e-03 1.300278119742870331e-03 4.637973848730325699e-03 6.765962578356266022e-03 3.804398002102971077e-03 -2.224392374046146870e-04 1.589557155966758728e-03 3.362026298418641090e-03 -2.669899367901962250e-05 1.065105898305773735e-03 3.310806583613157272e-03 3.553062677383422852e-03 -2.798245288431644440e-03 3.366509918123483658e-03 3.169129136949777603e-03 1.703933376120403409e-04 3.604531055316329002e-03 2.595736179500818253e-03 2.600148785859346390e-03 1.558866351842880249e-03 -1.447230344638228416e-03
2.481939643621444702e-02 7.102236617356538773e-03 5.194261670112609863e-03 2.595429308712482452e-03 -1.879337592981755733e-03 -5.945664015598595142e-04 4.086920060217380524e-03 2.393369504716247320e-05 -1.997306570410728455e-02 -1.661747694015502930e-02 -2.634493401274085045e-03 1.557510625571012497e-02 5.576132982969284058e-02 4.535726830363273621e-02 2.569534257054328918e-02 1.404160726815462112e-02 1.547790467739105225e-01 5.816206336021423340e-02 7.172606885433197021e-02 2.515698596835136414e-02 9.238598868250846863e-03 5.940192937850952148e-02 6.338188797235488892e-02 2.660303376615047455e-02 6.993883103132247925e-02 8.517928421497344971e-02 7.823432236909866333e-02 5.899456795305013657e-03 1.056123990565538406e-02 1.722476258873939514e-02 3.989271819591522217e-02 7.254603318870067596e-03 3.257253393530845642e-02 8.425107225775718689e-03 1.814294606447219849e-02 7.407304644584655762e-02 8.199230767786502838e-03 -8.891623583622276783e-04 -9.863143786787986755e-04 2.956210635602474213e-03 3.971852420363575220e-04 2.870149910449981689e-02 4.484807141125202179e-03 4.623392131179571152e-03 2.688752301037311554e-02 5.021477583795785904e-03 1.435440033674240112e-02 -3.134423634037375450e-03 7.874831557273864746e-03 1.012986409477889538e-03 7.054045796394348145e-03 8.908246643841266632e-03 3.106685820966959000e-03
5.965221207588911057e-03 2.671103924512863159e-02 2.948759309947490692e-02 1.199918612837791443e-02 5.596361006610095501e-04 7.953426800668239594e-03 -1.708808122202754021e-03 -1.864508521975949407e-04 1.117217121645808220e-03 5.569553002715110779e-02 4.495000466704368591e-04 6.944603752344846725e-03 3.147926926612854004e-02 6.561802327632904053e-02 2.229865174740552902e-03 8.907553739845752716e-03 5.816206336021423340e-02 2.269199490547180176e-01 1.642708107829093933e-02 3.890664875507354736e-02 3.186962753534317017e-02 1.327797025442123413e-02 2.760939300060272217e-02 7.904911413788795471e-03 3.109656646847724915e-02 3.142073005437850952e-02 1.241580490022897720e-02 1.086074113845825195e-02 8.690126985311508179e-02 2.809000946581363678e-02 9.912730893120169640e-04 4.356878623366355896e-02 1.340345200151205063e-02 1.398721337318420410e-02 3.524772822856903076e-02 7.036811113357543945e-02 3.273745253682136536e-02 -1.389475306496024132e-03 -3.097061300650238991e-03 1.078293099999427795e-02 -1.480479142628610134e-03 3.363680839538574219e-02 7.910416461527347565e-03 1.368973636999726295e-03 6.412396207451820374e-03 1.092815026640892029e-02 -4.670814145356416702e-03 1.440466963686048985e-03 -2.777979010716080666e-03 1.500404719263315201e-02 -5.386214470490813255e-04 2.617096994072198868e-03 -2.112303115427494049e-02
2.271927520632743835e-02 1.630989834666252136e-02 1.289605349302291870e-02 3.196634352207183838e-03 -3.520020749419927597e-03 3.380922367796301842e-03 2.069169282913208008e-02 -2.888827351853251457e-03 -4.636702593415975571e-03 -1.777452789247035980e-02 5.996990017592906952e-03 2.020207419991493225e-02 6.605765223503112793e-02 3.366936743259429932e-02 3.094170987606048584e-02 7.654205895960330963e-03 7.172606885433197021e-02 1.642708107829093933e-02 2.476780861616134644e-01 5.785020440816879272e-02 2.516084164381027222e-02 1.055567413568496704e-01 5.925427004694938660e-02 4.813589528203010559e-02 8.115179836750030518e-02 7.397611439228057861e-02 7.211292535066604614e-02 1.098219677805900574e-02 7.047786377370357513e-03 3.110676258802413940e-02 5.416630953550338745e-02 2.153623849153518677e-03 3.135506808757781982e-02 1.701676845550537109e-02 2.749858610332012177e-02 5.760451778769493103e-02 1.759882457554340363e-02 -2.039958490058779716e-03 2.475766465067863464e-03 9.688883088529109955e-03 -2.039958490058779716e-03 5.001705512404441833e-02 1.420772261917591095e-02 2.250996045768260956e-02 5.100667476654052734e-02 1.509666815400123596e-02 2.638502046465873718e-02 1.206679083406925201e-02 3.120176121592521667e-02 9.703154675662517548e-03 5.694077350199222565e-03 8.753656409680843353e-03 1.251941639930009842e-02
1.438444666564464569e-02 2.635629661381244659e-02 2.095742151141166687e-02 1.226675137877464294e-02 1.091852085664868355e-03 6.285765673965215683e-03 9.833672083914279938e-03 9.463156457059085369e-04 2.696100808680057526e-02 9.118420071899890900e-03 8.661242201924324036e-03 5.762084387242794037e-03 2.298378758132457733e-02 2.394068054854869843e-02 1.579144597053527832e-02 7.371096871793270111e-03 2.515698596835136414e-02 3.890664875507354736e-02 5.785020440816879272e-02 1.486747562885284424e-01 3.122314810752868652e-02 5.970910564064979553e-02 4.317282140254974365e-02 2.934164181351661682e-02 3.314509987831115723e-02 3.063009865581989288e-02 2.827445045113563538e-02 1.013388857245445251e-02 2.149336785078048706e-02 2.430873364210128784e-02 2.966923825442790985e-02 7.398781832307577133e-03 7.090177852660417557e-03 5.123074632138013840e-03 2.649381384253501892e-02 3.680208325386047363e-02 2.379509247839450836e-02 8.146609761752188206e-04 1.508035813458263874e-03 1.167872734367847443e-02 8.146608015522360802e-04 3.727423399686813354e-02 1.368829980492591858e-02 1.029528211802244186e-02 2.097770571708679199e-02 1.211563497781753540e-02 1.236511860042810440e-02 3.081274218857288361e-03 1.670059002935886383e-02 1.055393368005752563e-02 5.118976812809705734e-03 4.116609226912260056e-03 -1.348899211734533310e-03
3.789351787418127060e-03 9.814525023102760315e-03 1.140090078115463257e-02 7.765491958707571030e-03 3.232947201468050480e-04 7.630681153386831284e-03 6.357472855597734451e-03 1.127106661442667246e-04 8.729336783289909363e-03 1.749298721551895142e-02 2.899792511016130447e-03 -5.680219619534909725e-04 4.883964080363512039e-03 2.603567577898502350e-02 8.600795641541481018e-03 5.614884197711944580e-03 9.238598868250846863e-03 3.186962753534317017e-02 2.516084164381027222e-02 3.122314810752868652e-02 9.167123585939407349e-02 3.208464756608009338e-02 2.425895445048809052e-02 1.700947992503643036e-02 1.503784302622079849e-02 1.334437914192676544e-02 9.164717048406600952e-03 1.111171487718820572e-02 2.121829427778720856e-02 8.786655962467193604e-03 8.626843802630901337e-03 1.369782816618680954e-02 6.320275133475661278e-04 3.263473045080900192e-03 6.211858708411455154e-03 1.673888787627220154e-02 1.224235910922288895e-02 1.000689881038852036e-04 2.472261257935315371e-04 1.270772423595190048e-02 4.173173510935157537e-05 8.946288377046585083e-03 7.723683957010507584e-03 1.084103900939226151e-02 6.265887990593910217e-03 7.159842643886804581e-03 1.553889457136392593e-02 2.169059356674551964e-03 6.986112799495458603e-03 1.103024091571569443e-02 6.236452143639326096e-03 5.052372347563505173e-03 2.675319556146860123e-03
2.615475654602050781e-02 2.529400587081909180e-02 2.334700711071491241e-02 3.714569844305515289e-03 -3.575562033802270889e-03 4.678450524806976318e-03 1.078572217375040054e-02 -2.884317655116319656e-03 1.234036777168512344e-02 -1.195109635591506958e-02 8.076271042227745056e-03 1.290920935571193695e-02 5.716358125209808350e-02 2.811917848885059357e-02 3.594367206096649170e-02 7.373149972409009933e-03 5.940192937850952148e-02 1.327797025442123413e-02 1.055567413568496704e-01 5.970910564064979553e-02 3.208464756608009338e-02 2.397379875183105469e-01 5.922843515872955322e-02 4.424255341291427612e-02 6.050614267587661743e-02 6.930127739906311035e-02 7.913256436586380005e-02 1.818098686635494232e-02 7.445740979164838791e-03 2.721111662685871124e-02 6.209170445799827576e-02 5.913342349231243134e-03 2.441695518791675568e-02 1.239475701004266739e-02 4.134608060121536255e-02 7.354646921157836914e-02 1.395280566066503525e-02 -2.087412634864449501e-03 -1.281045610085129738e-03 1.357208937406539917e-02 -2.087412402033805847e-03 5.782973766326904297e-02 3.431510925292968750e-02 1.719390042126178741e-02 6.137033179402351379e-02 1.165251433849334717e-02 4.150309786200523376e-02 4.380500875413417816e-03 3.390818461775779724e-02 9.373326785862445831e-03 6.918116007000207901e-03 5.401853471994400024e-03 1.584551297128200531e-02
2.286256849765777588e-02 1.089823246002197266e-02 1.433092448860406876e-02 4.126177169382572174e-03 -3.489703638479113579e-03 3.329387167468667030e-03 6.912635872140526772e-04 -1.550435670651495457e-03 1.666177064180374146e-02 -1.486437767744064331e-02 -2.951781731098890305e-03 1.574811711907386780e-02 4.170834645628929138e-02 4.589339345693588257e-02 2.261804789304733276e-02 8.446216583251953125e-03 6.338188797235488892e-02 2.760939300060272217e-02 5.925427004694938660e-02 4.317282140254974365e-02 2.425895445048809052e-02 5.922843515872955322e-02 2.379266172647476196e-01 3.177755698561668396e-02 6.071846559643745422e-02 6.541729718446731567e-02 5.939159542322158813e-02 1.067248545587062836e-02 2.584439702332019806e-02 3.099582344293594360e-02 4.181311652064323425e-02 1.413263846188783646e-02 1.513459347188472748e-02 -2.463028067722916603e-03 1.148978713899850845e-02 6.215637549757957458e-02 1.424144674092531204e-02 -1.329242018982768059e-03 -1.835386618040502071e-03 5.216921679675579071e-03 -7.503670058213174343e-04 2.884191088378429413e-02 9.900609031319618225e-03 1.247723679989576340e-02 2.841213718056678772e-02 1.117668859660625458e-02 1.090198103338479996e-02 -1.244673971086740494e-03 4.967288114130496979e-03 3.892820095643401146e-03 7.922630757093429565e-03 5.625697784125804901e-03 2.255017316201701760e-04
1.172820478677749634e-02 6.866678129881620407e-03 2.161679556593298912e-03 4.640935454517602921e-03 1.869403604359831661e-05 3.487736918032169342e-03 5.105720367282629013e-03 7.841487240511924028e-05 3.692321246489882469e-03 -5.635194480419158936e-03 4.207065794616937637e-03 3.367973025888204575e-03 1.666891202330589294e-02 1.504646427929401398e-02 1.928694173693656921e-02 4.903671797364950180e-03 2.660303376615047455e-02 7.904911413788795471e-03 4.813589528203010559e-02 2.934164181351661682e-02 1.700947992503643036e-02 4.424255341291427612e-02 3.177755698561668396e-02 1.664473563432693481e-01 3.688447177410125732e-02 3.583076223731040955e-02 3.072930499911308289e-02 9.581196121871471405e-03 5.638954695314168930e-03 9.266128763556480408e-03 2.411438524723052979e-02 6.953483447432518005e-03 7.573065347969532013e-03 2.840705681592226028e-03 4.375424236059188843e-03 2.522654458880424500e-02 5.528843495994806290e-03 4.071698931511491537e-04 1.043643569573760033e-03 7.163355126976966858e-03 4.071698349434882402e-04 1.541169174015522003e-02 8.581537753343582153e-03 1.081087999045848846e-02 1.743327639997005463e-02 5.002981517463922501e-03 1.281138788908720016e-02 2.763336990028619766e-03 6.696296390146017075e-03 3.857155097648501396e-03 3.981782589107751846e-03 5.164182279258966446e-03 6.697830744087696075e-03
2.473370730876922607e-02 1.169079169631004333e-02 6.749220192432403564e-03 8.614978869445621967e-04 -2.538197673857212067e-03 1.377057167701423168e-03 6.280370522290468216e-03 -1.259153010323643684e-03 -1.670452393591403961e-02 -2.054448798298835754e-02 -3.298207186162471771e-03 1.605576835572719574e-02 5.587150156497955322e-02 4.432843625545501709e-02 3.033502586185932159e-02 3.339574206620454788e-03 6.993883103132247925e-02 3.109656646847724915e-02 8.115179836750030518e-02 3.314509987831115723e-02 1.503784302622079849e-02 6.050614267587661743e-02 6.071846559643745422e-02 3.688447177410125732e-02 2.483460456132888794e-01 7.593243569135665894e-02 6.660526245832443237e-02 1.142490003257989883e-02 2.008782140910625458e-02 2.547634206712245941e-02 3.822162374854087830e-02 1.687506330199539661e-03 2.530403807759284973e-02 9.674286469817161560e-03 9.949618950486183167e-03 6.333500146865844727e-02 1.069313939660787582e-02 -1.820288365706801414e-03 1.738848513923585415e-04 1.993256853893399239e-03 -1.820288831368088722e-03 2.991982549428939819e-02 5.334821064025163651e-03 7.004985585808753967e-03 3.338509425520896912e-02 1.073312945663928986e-02 1.148547977209091187e-02 1.259999698959290981e-03 9.398539550602436066e-03 3.051858860999345779e-03 5.148768424987792969e-03 3.332861931994557381e-03 1.314244582317769527e-03
1.362861972302198410e-02 5.191191099584102631e-03 1.169398985803127289e-02 2.203860552981495857e-03 -4.574839258566498756e-04 -1.391095225699245930e-03 3.018332179635763168e-03 -1.795752323232591152e-03 -1.493289601057767868e-02 -2.253677137196063995e-02 -5.009322427213191986e-03 3.020688705146312714e-02 8.832608163356781006e-02 5.703882873058319092e-02 4.212808609008789062e-02 6.123551167547702789e-03 8.517928421497344971e-02 3.142073005437850952e-02 7.397611439228057861e-02 3.063009865581989288e-02 1.334437914192676544e-02 6.930127739906311035e-02 6.541729718446731567e-02 3.583076223731040955e-02 7.593243569135665894e-02 2.133676111698150635e-01 8.847781270742416382e-02 1.229818351566791534e-02 3.798270970582962036e-02 2.200238034129142761e-02 5.216235667467117310e-02 9.748864918947219849e-03 3.360043466091156006e-02 1.074195001274347305e-02 2.335096336901187897e-02 9.667520225048065186e-02 1.074581034481525421e-02 -1.109449294744990766e-04 2.226975338999181986e-04 3.506108419969677925e-03 -1.281077507883310318e-03 4.320763051509857178e-02 6.803327240049839020e-03 5.047559272497892380e-03 4.316118732094764709e-02 4.283847752958536148e-03 1.264897547662258148e-02 1.585888909175992012e-03 3.459002822637557983e-03 -7.159664528444409370e-05 5.576445721089839935e-03 1.506772451102733612e-02 1.914434134960174561e-02
1.977869309484958649e-02 1.321695628575980663e-03 5.365239921957254410e-03 1.495389849878847599e-03 -2.819322748109698296e-03 -1.199722639285027981e-03 -4.118510056287050247e-03 -6.907872739247977734e-04 -1.479985099285840988e-02 -2.203501574695110321e-02 1.489636139012873173e-03 3.311801701784133911e-02 6.134758144617080688e-02 5.111491680145263672e-02 2.870300970971584320e-02 1.606954145245254040e-03 7.823432236909866333e-02 1.241580490022897720e-02 7.211292535066604614e-02 2.827445045113563538e-02 9.164717048406600952e-03 7.913256436586380005e-02 5.939159542322158813e-02 3.072930499911308289e-02 6.660526245832443237e-02 8.847781270742416382e-02 2.119510620832443237e-01 1.992819644510746002e-02 3.370248526334762573e-02 2.630417048931121826e-02 5.284106731414794922e-02 -1.938090892508625984e-03 1.836714893579483032e-02 8.501600474119186401e-03 6.987604312598705292e-03 7.661976665258407593e-02 7.689819671213626862e-03 -1.292115426622331142e-03 2.537345280870795250e-03 4.345349501818418503e-03 -1.022527067107148468e-04 3.939622640609741211e-02 1.610411331057548523e-02 5.301131866872310638e-03 6.481025367975234985e-02 3.291290719062089920e-03 1.545045245438814163e-02 -3.094365820288658142e-03 1.686993404291570187e-03 4.643558990210294724e-03 3.247351385653018951e-03 3.881372278556227684e-03 1.013290695846080780e-02
3.992332611232995987e-03 7.773028686642646790e-03 5.275479052215814590e-03 4.111072514206171036e-03 -5.184653564356267452e-04 6.377530284225940704e-03 2.746481914073228836e-03 -5.949430051259696484e-04 -4.342424683272838593e-03 6.330234929919242859e-03 3.871584311127662659e-03 5.408080760389566422e-03 1.608859375119209290e-02 3.786868602037429810e-02 9.788494557142257690e-03 3.969095647335052490e-03 5.899456795305013657e-03 1.086074113845825195e-02 1.098219677805900574e-02 1.013388857245445251e-02 1.111171487718820572e-02 1.818098686635494232e-02 1.067248545587062836e-02 9.581196121871471405e-03 1.142490003257989883e-02 1.229818351566791534e-02 1.992819644510746002e-02 1.355765908956527710e-01 2.635213918983936310e-02 1.044951938092708588e-02 2.159614674746990204e-02 9.383822791278362274e-03 5.586702027358114719e-04 3.889601211994886398e-03 1.765504595823585987e-03 1.182220596820116043e-02 8.112016133964061737e-03 -6.754650967195630074e-04 2.409640728728845716e-04 6.382730323821306229e-03 -6.754648638889193535e-04 6.135119125247001648e-03 6.286107469350099564e-03 3.830106696113944054e-03 9.512096643447875977e-03 3.067115787416696548e-03 1.055269222706556320e-02 6.284391274675726891e-04 2.397967502474784851e-03 9.966827929019927979e-03 4.587235860526561737e-03 3.766027279198169708e-03 -2.677620854228734970e-03
-4.806010983884334564e-03 6.801354233175516129e-03 2.003758400678634644e-02 1.531121600419282913e-02 -1.882853102870285511e-04 6.818684283643960953e-03 -9.617462754249572754e-03 2.865604183170944452e-04 1.132169971242547035e-03 4.268025979399681091e-02 3.492393996566534042e-03 2.140713669359683990e-02 3.524576500058174133e-02 8.518547564744949341e-02 1.214015390723943710e-02 4.698159173130989075e-03 1.056123990565538406e-02 8.690126985311508179e-02 7.047786377370357513e-03 2.149336785078048706e-02 2.121829427778720856e-02 7.445740979164838791e-03 2.584439702332019806e-02 5.638954695314168930e-03 2.008782140910625458e-02 3.798270970582962036e-02 3.370248526334762573e-02 2.635213918983936310e-02 2.567314505577087402e-01 2.547527290880680084e-02 9.510718286037445068e-03 7.897911220788955688e-02 -1.246203319169580936e-04 3.895487403497099876e-03 1.179462671279907227e-02 4.370342195034027100e-02 2.593512833118438721e-02 -9.788780007511377335e-04 -2.961452351883053780e-03 2.249654941260814667e-02 -5.648579099215567112e-04 9.181704372167587280e-03 8.257149718701839447e-03 2.628895686939358711e-03 2.861094474792480469e-02 2.795111387968063354e-03 6.093927193433046341e-03 2.765337470918893814e-03 -5.343111231923103333e-03 2.101018652319908142e-02 2.535839332267642021e-03 3.503212006762623787e-03 8.491761946061160415e-06
