7.195120304822921753e-02 4.912426695227622986e-02 1.204464491456747055e-02 2.242724644020199776e-03 -4.904436878859996796e-03 -4.775725246872752905e-04 3.210189053788781166e-03 8.765282109379768372e-03 -6.878685089759528637e-04 2.777348738163709641e-03 -3.268155851401388645e-04 1.711780205368995667e-04 -1.813189941458404064e-03 2.223744057118892670e-03 -2.040625782683491707e-03 -4.302259068936109543e-03 6.454918766394257545e-04 7.114396430552005768e-04 -1.246219733729958534e-03 -6.001211586408317089e-04 -3.964016214013099670e-03 4.745959304273128510e-04 2.504252828657627106e-03 -2.417221898213028908e-03 1.728953677229583263e-03 5.225657514529302716e-05 2.179580740630626678e-03 -1.150834723375737667e-03 -1.861849799752235413e-03 4.094163596164435148e-04 1.003483543172478676e-03 6.825633463449776173e-04 -4.389189707580953836e-04 -2.123208716511726379e-03 3.685042960569262505e-03 2.916332799941301346e-03 3.661436494439840317e-03 4.748516716063022614e-03 -2.020984422415494919e-03 6.073701195418834686e-03 -3.574400674551725388e-03 6.382355932146310806e-04 -8.935807854868471622e-04 -1.291665248572826385e-03 4.517765715718269348e-03 -7.112300227163359523e-05 -3.053615102544426918e-03 -1.794117852114140987e-03 -2.065288601443171501e-03 1.883432152681052685e-03 -3.725476562976837158e-04 -9.158717584796249866e-04 1.751362869981676340e-04 -3.913756154361180961e-05 -2.124147256836295128e-03 -2.913706412073224783e-04
4.912426695227622986e-02 2.276721000671386719e-01 5.600596964359283447e-02 9.987475350499153137e-03 -1.948684826493263245e-02 5.060658440925180912e-04 4.781199677381664515e-04 1.036549732089042664e-02 -2.577878301963210106e-03 5.710596684366464615e-03 7.209545001387596130e-04 -1.178260892629623413e-02 -6.481113377958536148e-03 -1.258134283125400543e-02 -1.980588538572192192e-03 -5.348136764951050282e-04 5.567155312746763229e-04 2.529824618250131607e-03 3.855769988149404526e-03 4.595965612679719925e-03 -4.953222349286079407e-03 2.781289629638195038e-03 6.594887468963861465e-03 -5.883785430341959000e-03 6.606568582355976105e-03 9.309431334258988500e-05 3.293492831289768219e-03 9.955369168892502785e-04 -5.768327391706407070e-04 -7.695604581385850906e-04 -8.091034833341836929e-04 -6.155421142466366291e-04 -3.676124382764101028e-03 -9.553864947520196438e-04 2.350389404455199838e-04 1.046539051458239555e-03 3.646441735327243805e-03 -6.037615705281496048e-03 6.338256876915693283e-03 -1.543243764899671078e-03 -7.281661964952945709e-03 3.192316973581910133e-03 -3.175335703417658806e-03 -1.311904867179691792e-03 1.375188236124813557e-03 1.151051372289657593e-03 3.485595807433128357e-03 -1.467108377255499363e-03 5.200685118325054646e-04 4.470466636121273041e-03 -9.820731356739997864e-04 4.422121215611696243e-03 1.739179133437573910e-03 1.299983006902039051e-03 -4.022371489554643631e-03 -6.873392965644598007e-03
1.204464491456747055e-02 5.600596964359283447e-02 1.850712001323699951e-01 3.266935423016548157e-02 -1.756563968956470490e-02 4.264946561306715012e-03 -1.972594996914267540e-03 -1.499000703915953636e-03 2.191858598962426186e-03 -3.541039186529815197e-04 1.784165855497121811e-03 -1.366475597023963928e-02 -5.546339671127498150e-04 -9.745284914970397949e-03 -8.001780952326953411e-04 -1.935159205459058285e-03 5.711453268304467201e-04 6.443924503400921822e-04 2.384349005296826363e-03 1.887884718598797917e-04 1.573688117787241936e-03 2.176958136260509491e-03 2.116306452080607414e-03 -3.106207121163606644e-03 1.695231301710009575e-03 6.778704118914902210e-04 2.126360544934868813e-03 2.997156465426087379e-03 6.525113712996244431e-04 -2.479301474522799253e-04 -1.622056879568845034e-04 1.080058747902512550e-03 -1.016591209918260574e-03 -2.090847119688987732e-04 -7.619321113452315331e-04 -5.898443050682544708e-03 3.211988834664225578e-03 -4.490258870646357536e-04 2.173021202906966209e-03 -7.618592935614287853e-04 -2.440979238599538803e-03 7.875711889937520027e-04 -1.067733508534729481e-03 -1.029138336889445782e-03 -4.016517661511898041e-03 8.414909243583679199e-04 7.198083330877125263e-04 1.098397304303944111e-03 -9.348953026346862316e-04 -9.249321301467716694e-04 -3.940210444852709770e-04 3.021255834028124809e-03 6.819810369051992893e-04 6.400471902452409267e-04 -2.245767973363399506e-03 -1.672350917942821980e-04
2.242724644020199776e-03 9.987475350499153137e-03 3.266935423016548157e-02 9.350773692131042480e-02 -4.308791831135749817e-03 6.033630575984716415e-03 4.543695598840713501e-03 2.796132816001772881e-03 5.151990335434675217e-03 3.360904054716229439e-03 4.208314232528209686e-03 -5.141877569258213043e-03 3.042250638827681541e-03 1.256542280316352844e-03 2.645629225298762321e-03 1.234002294950187206e-03 1.657820306718349457e-03 1.380108646117150784e-03 1.461058855056762695e-03 -2.016279846429824829e-03 2.691915025934576988e-03 -2.986757899634540081e-04 1.705201808363199234e-03 2.440335694700479507e-03 1.303646480664610863e-03 1.025104196742177010e-03 1.172353862784802914e-03 2.691169967874884605e-03 1.278470153920352459e-03 1.578550873091444373e-04 9.847988840192556381e-04 1.413675374351441860e-03 -8.397395722568035126e-04 9.556919685564935207e-04 1.552731846459209919e-03 6.317134248092770576e-04 -3.870594955515116453e-04 4.036681260913610458e-03 2.166785066947340965e-03 -4.770885861944407225e-04 -1.918405410833656788e-03 2.381516620516777039e-03 -1.777367870090529323e-04 2.274463477078825235e-04 2.344706095755100250e-03 1.877314527519047260e-03 1.253905938938260078e-03 6.748250452801585197e-04 4.717702977359294891e-04 7.180534885264933109e-04 -2.399397926637902856e-04 2.510660095140337944e-03 1.718228217214345932e-03 2.060270635411143303e-03 -1.382661634124815464e-03 -1.698336680419743061e-03
-4.904436878859996796e-03 -1.948684826493263245e-02 -1.756563968956470490e-02 -4.308791831135749817e-03 1.202019825577735901e-01 1.060739718377590179e-02 3.272006660699844360e-02 4.468194395303726196e-02 1.319180335849523544e-02 1.772056706249713898e-02 9.304325096309185028e-03 7.917241007089614868e-02 1.414027530699968338e-02 5.296662077307701111e-02 7.750875782221555710e-03 9.057224728167057037e-03 4.841104615479707718e-03 6.357678677886724472e-03 1.356355729512870312e-03 9.319468401372432709e-03 -3.886964695993810892e-04 8.988597430288791656e-03 -8.073316421359777451e-04 4.548748489469289780e-03 1.356325665256008506e-04 7.007004460319876671e-04 1.557194511406123638e-03 5.697537562809884548e-04 -1.673267688602209091e-04 8.470821194350719452e-04 2.863340079784393311e-03 1.004956866381689906e-04 1.091656461358070374e-02 1.233393559232354164e-03 -2.415588125586509705e-03 2.306728065013885498e-02 -2.618677914142608643e-03 2.661535982042551041e-03 -3.360980423167347908e-03 -4.298384301364421844e-03 -4.165116697549819946e-04 2.757498528808355331e-03 -7.856910815462470055e-04 3.014706308022141457e-03 6.742767989635467529e-03 2.301699947565793991e-03 -3.697281645145267248e-04 -1.243599690496921539e-04 4.246544558554887772e-03 3.452595556154847145e-03 8.349919226020574570e-04 -3.348366357386112213e-03 6.966212531551718712e-04 3.872898523695766926e-04 2.387428656220436096e-03 -4.763738252222537994e-04
-4.775725246872752905e-04 5.060658440925180912e-04 4.264946561306715012e-03 6.033630575984716415e-03 1.060739718377590179e-02 6.655784696340560913e-02 6.856488063931465149e-03 9.134370833635330200e-03 5.960776004940271378e-03 5.403862800449132919e-03 4.567861557006835938e-03 5.133755505084991455e-03 3.285813843831419945e-03 3.310624277219176292e-03 3.037674585357308388e-03 2.524725394323468208e-03 2.022895729169249535e-03 1.675681909546256065e-03 1.636460539884865284e-03 3.277569776400923729e-03 1.241410151124000549e-03 2.274643629789352417e-03 1.724441419355571270e-03 6.185843958519399166e-04 1.702259993180632591e-03 9.297352517023682594e-04 7.122689276002347469e-04 2.528685610741376877e-03 1.286560203880071640e-03 9.690417209640145302e-05 1.730991178192198277e-03 1.175836776383221149e-03 7.027382962405681610e-04 1.258746488019824028e-03 -6.460945587605237961e-05 1.573240733705461025e-03 -5.957872490398585796e-04 1.451275747967883945e-04 7.975330227054655552e-04 -1.322124968282878399e-03 -2.317470731213688850e-03 1.092912862077355385e-03 -2.311654679942876101e-04 1.039284747093915939e-03 -4.533805768005549908e-04 1.578691299073398113e-03 8.668587543070316315e-04 9.861966827884316444e-04 1.556597650051116943e-03 6.684722611680626869e-04 -1.727058406686410308e-04 1.698815613053739071e-03 1.481785788200795650e-03 1.893211272545158863e-03 -1.118236687034368515e-04 -1.020952942781150341e-03
3.210189053788781166e-03 4.781199677381664515e-04 -1.972594996914267540e-03 4.543695598840713501e-03 3.272006660699844360e-02 6.856488063931465149e-03 1.810069978237152100e-01 3.211300075054168701e-02 5.828708410263061523e-03 8.470498956739902496e-03 5.179606843739748001e-03 2.505796961486339569e-02 8.957782760262489319e-03 1.472829654812812805e-02 3.796886652708053589e-03 4.144428763538599014e-03 2.642106963321566582e-03 2.117113908752799034e-03 6.411210051737725735e-04 -2.449163934215903282e-03 -6.336955120787024498e-04 5.533964838832616806e-03 -2.614307915791869164e-03 -1.419549342244863510e-03 9.916090639308094978e-04 9.521085303276777267e-04 3.358593676239252090e-04 1.932932762429118156e-03 1.199613208882510662e-03 -6.321401451714336872e-04 1.536713243694975972e-04 1.233884249813854694e-03 2.596128731966018677e-03 1.166392030427232385e-04 5.934436339884996414e-03 1.425370573997497559e-02 8.247940801084041595e-03 1.897888869279995561e-04 -3.923851530998945236e-03 6.699424702674150467e-03 1.056786347180604935e-02 1.007791515439748764e-02 -8.243340998888015747e-04 2.848151139914989471e-03 1.926453411579132080e-02 1.661148271523416042e-03 6.510884501039981842e-03 -4.369159869384020567e-04 4.973158240318298340e-03 4.801776260137557983e-03 -8.628689683973789215e-04 3.565962892025709152e-03 1.845784485340118408e-03 1.869192346930503845e-03 1.678418775554746389e-04 -6.096167489886283875e-03
8.765282109379768372e-03 1.036549732089042664e-02 -1.499000703915953636e-03 2.796132816001772881e-03 4.468194395303726196e-02 9.134370833635330200e-03 3.211300075054168701e-02 2.270190566778182983e-01 7.956016808748245239e-03 2.704836660996079445e-03 6.359549704939126968e-03 3.586933761835098267e-02 3.978118766099214554e-03 2.052038721740245819e-02 1.237330376170575619e-03 6.270142272114753723e-03 4.135819617658853531e-03 3.821192076429724693e-03 3.026445163413882256e-03 6.614795885980129242e-03 -1.325164339505136013e-03 3.164261812344193459e-03 7.718896376900374889e-04 -3.016395261511206627e-03 4.174007568508386612e-03 1.180869061499834061e-03 -5.989017663523554802e-04 3.878950141370296478e-03 5.967511242488399148e-05 -7.104446995072066784e-04 1.293450714001664892e-05 2.448382321745157242e-03 6.868857890367507935e-03 4.141382873058319092e-03 -1.319756032899022102e-03 9.140322916209697723e-03 8.586831390857696533e-03 -3.187566762790083885e-03 -9.429493802599608898e-04 -4.712748806923627853e-03 5.834975672769360244e-05 4.221115726977586746e-03 -2.373011957388371229e-04 3.632057690992951393e-03 1.297193579375743866e-02 1.897732581710442901e-04 -1.916312321554869413e-04 -2.819393528625369072e-03 8.752917638048529625e-04 -3.674129722639918327e-03 2.423962869215756655e-04 6.347093149088323116e-04 1.321708550676703453e-03 -6.320310058072209358e-05 4.012567515019327402e-04 5.755439051426947117e-04
-6.878685089759528637e-04 -2.577878301963210106e-03 2.191858598962426186e-03 5.151990335434675217e-03 1.319180335849523544e-02 5.960776004940271378e-03 5.828708410263061523e-03 7.956016808748245239e-03 8.973491191864013672e-02 6.449636537581682205e-03 5.962635856121778488e-03 6.548686418682336807e-03 4.709988832473754883e-03 8.644429966807365417e-03 3.464808687567710876e-03 4.453839734196662903e-03 2.512775128707289696e-03 2.614632016047835350e-03 2.613567514345049858e-03 1.047513214871287346e-03 2.014273632084950805e-04 4.132726695388555527e-03 1.342408009804785252e-03 1.256151590496301651e-03 2.452383982017636299e-03 1.168591901659965515e-03 1.846961211413145065e-03 1.340058632194995880e-03 1.598156522959470749e-03 3.519076199154369533e-05 2.449414227157831192e-03 1.259595621377229691e-03 6.155814044177532196e-04 2.017059130594134331e-03 5.967202596366405487e-04 5.646913778036832809e-03 -1.521428348496556282e-03 3.731121076270937920e-03 1.472141710110008717e-03 -1.648967852815985680e-03 -6.049326038919389248e-04 1.426532980985939503e-03 -1.788936206139624119e-04 7.566786953248083591e-04 1.189462142065167427e-03 2.792077837511897087e-03 8.542565628886222839e-04 1.321503892540931702e-03 1.713159610517323017e-03 -5.611758024315349758e-05 2.007825969485566020e-04 1.329345512203872204e-03 1.187558867968618870e-03 1.335230073891580105e-03 -3.789849870372563601e-04 1.518426463007926941e-03
2.777348738163709641e-03 5.710596684366464615e-03 -3.541039186529815197e-04 3.360904054716229439e-03 1.772056706249713898e-02 5.403862800449132919e-03 8.470498956739902496e-03 2.704836660996079445e-03 6.449636537581682205e-03 1.284847259521484375e-01 6.840288173407316208e-03 1.384940836578607559e-02 7.232659030705690384e-03 1.772669516503810883e-02 4.676526412367820740e-03 3.147795796394348145e-03 3.156002843752503395e-03 2.996030729264020920e-03 2.765965182334184647e-04 -3.699145512655377388e-03 -1.496295211836695671e-03 8.593188598752021790e-03 -7.199054816737771034e-04 -6.190269486978650093e-04 1.678561558946967125e-03 1.113616977818310261e-03 1.573932939209043980e-03 6.382039282470941544e-04 7.025243830867111683e-04 -8.426504209637641907e-04 1.236120355315506458e-03 1.218905090354382992e-03 3.067640587687492371e-03 5.625121993944048882e-04 5.254982039332389832e-03 1.198168843984603882e-02 3.926528443116694689e-04 6.827019155025482178e-03 2.167301718145608902e-03 8.071592077612876892e-03 5.567838903516530991e-03 1.204462139867246151e-03 -5.099751069792546332e-05 -1.053887535817921162e-03 3.583534155040979385e-03 9.308888111263513565e-04 2.674696734175086021e-03 -1.349805970676243305e-04 1.330255647189915180e-03 1.844373764470219612e-03 -5.512883071787655354e-04 -1.262975740246474743e-03 1.548780943267047405e-03 1.196055556647479534e-03 2.990234133903868496e-05 -1.026696292683482170e-03
-3.268155851401388645e-04 7.209545001387596130e-04 1.784165855497121811e-03 4.208314232528209686e-03 9.304325096309185028e-03 4.567861557006835938e-03 5.179606843739748001e-03 6.359549704939126968e-03 5.962635856121778488e-03 6.840288173407316208e-03 7.213822752237319946e-02 7.679673843085765839e-03 5.982632283121347427e-03 6.460747215896844864e-03 4.825175739824771881e-03 4.551769699901342392e-03 2.753956476226449013e-03 3.674776991829276085e-03 2.949574496597051620e-03 1.078439643606543541e-03 1.138982363045215607e-03 2.502099378034472466e-03 8.176959236152470112e-04 9.061071323230862617e-04 1.384139643050730228e-03 1.174120465293526649e-03 9.211112046614289284e-04 2.006744500249624252e-03 9.637090843170881271e-04 3.399688284844160080e-04 1.581428805366158485e-03 1.412612502463161945e-03 1.012534135952591896e-03 2.428854582831263542e-03 1.116382190957665443e-03 6.464173085987567902e-03 1.306862104684114456e-03 1.814072951674461365e-03 3.306585422251373529e-04 -4.734341055154800415e-04 -5.989641649648547173e-04 1.273163128644227982e-03 1.310034713242202997e-04 1.683432259596884251e-03 -1.046737888827919960e-03 1.853485940955579281e-03 7.829288952052593231e-04 1.773815834894776344e-03 1.252516522072255611e-03 1.202892628498375416e-03 -5.338116352504584938e-06 1.281323260627686977e-03 1.063860720023512840e-03 1.435815123841166496e-03 4.066347610205411911e-04 -1.263808517251163721e-04
1.711780205368995667e-04 -1.178260892629623413e-02 -1.366475597023963928e-02 -5.141877569258213043e-03 7.917241007089614868e-02 5.133755505084991455e-03 2.505796961486339569e-02 3.586933761835098267e-02 6.548686418682336807e-03 1.384940836578607559e-02 7.679673843085765839e-03 1.584421247243881226e-01 1.749597117304801941e-02 4.566306993365287781e-02 1.201136875897645950e-02 9.848244488239288330e-03 5.713314283639192581e-03 8.175877854228019714e-03 1.791251124814152718e-03 2.658038772642612457e-02 -2.913251752033829689e-03 7.853846065700054169e-03 1.940027810633182526e-03 -1.010116422548890114e-03 -2.436068898532539606e-04 5.157737177796661854e-04 3.486485220491886139e-03 -2.888318849727511406e-04 1.398164778947830200e-03 -7.811465911800041795e-05 2.960315439850091934e-03 2.626157598569989204e-03 2.426708303391933441e-02 2.235139021649956703e-03 2.921195887029170990e-02 1.762589998543262482e-02 3.402283787727355957e-02 -3.392039099708199501e-03 -8.822256859275512397e-06 3.847002610564231873e-02 7.282722741365432739e-03 3.199339611455798149e-03 1.581672928296029568e-03 2.596652321517467499e-02 2.714091679081320763e-03 2.176460810005664825e-03 -1.651078695431351662e-03 1.306201331317424774e-03 1.249864813871681690e-03 5.414340645074844360e-03 -1.119713298976421356e-03 -3.014414571225643158e-03 2.527516102418303490e-03 1.939474168466404080e-04 -2.524504670873284340e-03 3.158871317282319069e-03
-1.813189941458404064e-03 -6.481113377958536148e-03 -5.546339671127498150e-04 3.042250638827681541e-03 1.414027530699968338e-02 3.285813843831419945e-03 8.957782760262489319e-03 3.978118766099214554e-03 4.709988832473754883e-03 7.232659030705690384e-03 5.982632283121347427e-03 1.749597117304801941e-02 1.247554495930671692e-01 2.963877283036708832e-02 1.188867259770631790e-02 1.313364692032337189e-02 3.193953540176153183e-03 5.184187553822994232e-03 3.022966440767049789e-03 -1.710969372652471066e-03 3.609902632888406515e-04 -4.230625345371663570e-04 1.700220629572868347e-03 1.409921911545097828e-03 3.739236271940171719e-04 8.683172054588794708e-04 2.961233491078019142e-03 1.349238329567015171e-03 2.160896779969334602e-03 3.638237103587016463e-05 3.417398314923048019e-03 1.577036804519593716e-03 2.916780998930335045e-03 2.954658819362521172e-03 7.406891323626041412e-03 4.778176918625831604e-02 5.901263561099767685e-03 2.116802148520946503e-02 -5.083034746348857880e-03 1.195208169519901276e-03 -5.207580761634744704e-05 2.121842000633478165e-03 -2.251710684504359961e-04 1.633247709833085537e-03 -4.411511588841676712e-03 1.520251622423529625e-03 5.162052693776786327e-04 2.319714287295937538e-03 3.003407036885619164e-03 3.843331942334771156e-03 -3.538040036801248789e-04 1.741333835525438190e-04 1.531967776827514172e-03 2.139268675819039345e-03 3.037876740563660860e-04 -1.954264007508754730e-03
2.223744057118892670e-03 -1.258134283125400543e-02 -9.745284914970397949e-03 1.256542280316352844e-03 5.296662077307701111e-02 3.310624277219176292e-03 1.472829654812812805e-02 2.052038721740245819e-02 8.644429966807365417e-03 1.772669516503810883e-02 6.460747215896844864e-03 4.566306993365287781e-02 2.963877283036708832e-02 1.920427381992340088e-01 1.552515849471092224e-02 1.771541312336921692e-02 7.771280594170093536e-03 8.996373042464256287e-03 6.021257955580949783e-03 -1.419511903077363968e-02 -4.122641403228044510e-04 -1.051397621631622314e-02 4.385027103126049042e-03 -2.844382310286164284e-03 3.907506179530173540e-04 2.127792453393340111e-03 2.292608551215380430e-04 4.378322046250104904e-03 4.083323001395910978e-04 -3.456269914750009775e-04 3.659001085907220840e-03 -1.323668402619659901e-03 9.500736370682716370e-03 3.190994728356599808e-03 -7.316768169403076172e-03 7.305070012807846069e-02 -6.828168872743844986e-03 1.359459310770034790e-01 -5.097617860883474350e-03 -1.019722595810890198e-02 -1.615836634300649166e-03 3.692880971357226372e-03 -1.481082057580351830e-03 -1.149517670273780823e-02 -2.464675577357411385e-03 2.461755881085991859e-03 -3.307011444121599197e-03 2.264614216983318329e-03 8.696998469531536102e-03 7.750384975224733353e-03 -7.897396571934223175e-04 -1.583026605658233166e-03 4.256570828147232533e-04 -5.139691638760268688e-04 -1.151190022937953472e-03 2.094683470204472542e-03
-2.040625782683491707e-03 -1.980588538572192192e-03 -8.001780952326953411e-04 2.645629225298762321e-03 7.750875782221555710e-03 3.037674585357308388e-03 3.796886652708053589e-03 1.237330376170575619e-03 3.464808687567710876e-03 4.676526412367820740e-03 4.825175739824771881e-03 1.201136875897645950e-02 1.188867259770631790e-02 1.552515849471092224e-02 9.531533718109130859e-02 1.289671845734119415e-02 3.927480895072221756e-03 6.518466863781213760e-03 5.057929083704948425e-03 3.226206637918949127e-03 9.275267948396503925e-04 1.463340362533926964e-03 1.454279641620814800e-03 2.184323500841856003e-03 1.082230126485228539e-03 1.438045990653336048e-03 2.294646808877587318e-03 2.434077206999063492e-03 2.551076002418994904e-03 2.395608025835826993e-04 1.989549724385142326e-03 9.192009456455707550e-04 1.334381639026105404e-03 2.761000068858265877e-03 3.629273502156138420e-03 2.242518402636051178e-02 3.349946346133947372e-03 9.892496280372142792e-03 -1.913146697916090488e-03 -1.072986633516848087e-03 6.068344227969646454e-04 1.803087769076228142e-03 -8.586298790760338306e-04 1.785287982784211636e-03 -4.963418468832969666e-03 2.121171681210398674e-03 -3.463744942564517260e-04 1.523788785561919212e-03 3.907426260411739349e-03 3.635461442172527313e-03 -8.844760595820844173e-04 1.742126478347927332e-04 1.902608899399638176e-03 2.332739066332578659e-03 -8.933766512200236320e-04 -8.351400902029126883e-05
-4.302259068936109543e-03 -5.348136764951050282e-04 -1.935159205459058285e-03 1.234002294950187206e-03 9.057224728167057037e-03 2.524725394323468208e-03 4.144428763538599014e-03 6.270142272114753723e-03 4.453839734196662903e-03 3.147795796394348145e-03 4.551769699901342392e-03 9.848244488239288330e-03 1.313364692032337189e-02 1.771541312336921692e-02 1.289671845734119415e-02 1.576597690582275391e-01 4.187232814729213715e-03 9.802044369280338287e-03 1.108205877244472504e-02 6.958848331123590469e-03 -6.613571895286440849e-04 -5.905283149331808090e-03 2.005066722631454468e-03 3.337432164698839188e-03 1.868981402367353439e-03 1.134596881456673145e-03 3.374487860128283501e-03 2.582187065854668617e-03 3.047569654881954193e-03 1.909234124468639493e-04 5.813018884509801865e-03 1.507097855210304260e-03 2.861167304217815399e-03 8.600177243351936340e-03 8.914097212255001068e-03 2.630097046494483948e-02 6.084298249334096909e-03 9.685140103101730347e-03 1.072258222848176956e-03 -2.853793790563941002e-03 7.053392473608255386e-04 1.970600336790084839e-03 -1.556709641590714455e-03 6.827950477600097656e-03 -5.039853509515523911e-03 1.817128155380487442e-03 4.733543377369642258e-03 1.281977165490388870e-03 3.676324151456356049e-03 1.179122598841786385e-03 -8.500157273374497890e-04 5.166752962395548820e-04 1.838616910390555859e-03 2.999249845743179321e-03 2.450688625685870647e-04 -1.286969636566936970e-03
6.454918766394257545e-04 5.567155312746763229e-04 5.711453268304467201e-04 1.657820306718349457e-03 4.841104615479707718e-03 2.022895729169249535e-03 2.642106963321566582e-03 4.135819617658853531e-03 2.512775128707289696e-03 3.156002843752503395e-03 2.753956476226449013e-03 5.713314283639192581e-03 3.193953540176153183e-03 7.771280594170093536e-03 3.927480895072221756e-03 4.187232814729213715e-03 7.235435396432876587e-02 3.416265826672315598e-03 3.676546271890401840e-03 1.414934406057000160e-03 4.509445279836654663e-03 7.497425540350377560e-04 9.859105339273810387e-04 1.279509626328945160e-03 1.463865395635366440e-03 1.242508296854794025e-03 1.006798353046178818e-03 1.134015386924147606e-03 8.871129830367863178e-04 2.129364584106951952e-04 1.158905331976711750e-03 1.984119415283203125e-03 9.969244711101055145e-04 3.979093395173549652e-03 1.155644655227661133e-03 1.052134670317173004e-02 2.695982810109853745e-03 2.708425745368003845e-03 1.457894919440150261e-03 1.551672234199941158e-03 8.874672348611056805e-04 1.337051740847527981e-03 1.585868158144876361e-04 2.496270462870597839e-03 -1.409654971212148666e-03 1.749158138409256935e-03 3.826149331871420145e-04 2.604274544864892960e-03 2.310721203684806824e-03 1.864566700533032417e-03 -1.578858209541067481e-04 2.077234676107764244e-03 1.351084560155868530e-03 9.481679298914968967e-04 -3.470457522780634463e-05 2.106473548337817192e-03
7.114396430552005768e-04 2.529824618250131607e-03 6.443924503400921822e-04 1.380108646117150784e-03 6.357678677886724472e-03 1.675681909546256065e-03 2.117113908752799034e-03 3.821192076429724693e-03 2.614632016047835350e-03 2.996030729264020920e-03 3.674776991829276085e-03 8.175877854228019714e-03 5.184187553822994232e-03 8.996373042464256287e-03 6.518466863781213760e-03 9.802044369280338287e-03 3.416265826672315598e-03 8.398995548486709595e-02 6.390156224370002747e-03 4.613816738128662109e-03 3.160117776133120060e-04 1.015642541460692883e-03 7.368414662778377533e-04 2.171768341213464737e-03 1.401410438120365143e-03 1.412827172316610813e-03 1.858622417785227299e-03 6.917269784025847912e-04 1.988624688237905502e-03 1.393295970046892762e-04 2.093381946906447411e-03 1.450903946533799171e-03 1.708258874714374542e-03 3.939858172088861465e-03 2.384650986641645432e-03 1.095889601856470108e-02 3.831845009699463844e-03 4.310754302423447371e-04 2.908984315581619740e-04 9.250820148736238480e-04 -1.907647128973621875e-05 1.769016264006495476e-03 -6.021823501214385033e-04 3.817980876192450523e-03 -1.636298722587525845e-03 2.125315135344862938e-03 7.163981208577752113e-04 1.378440414555370808e-03 1.776804565452039242e-03 2.355242846533656120e-03 -1.178266829811036587e-04 5.928616737946867943e-04 1.372181926853954792e-03 1.585343619808554649e-03 9.994535048463148996e-07 1.336768968030810356e-03
-1.246219733729958534e-03 3.855769988149404526e-03 2.384349005296826363e-03 1.461058855056762695e-03 1.356355729512870312e-03 1.636460539884865284e-03 6.411210051737725735e-04 3.026445163413882256e-03 2.613567514345049858e-03 2.765965182334184647e-04 2.949574496597051620e-03 1.791251124814152718e-03 3.022966440767049789e-03 6.021257955580949783e-03 5.057929083704948425e-03 1.108205877244472504e-02 3.676546271890401840e-03 6.390156224370002747e-03 8.821805566549301147e-02 4.175524692982435226e-03 2.877829596400260925e-03 5.638255970552563667e-04 2.388445427641272545e-03 2.009854884818196297e-03 2.516685752198100090e-03 1.567400642670691013e-03 1.632564701139926910e-03 2.146004932001233101e-03 1.975641353055834770e-03 1.226200110977515578e-04 1.952214399352669716e-03 2.517911838367581367e-03 2.108152722939848900e-03 6.478602532297372818e-03 1.977614592760801315e-03 1.105179637670516968e-02 2.146431943401694298e-03 3.519709222018718719e-03 1.395924715325236320e-03 7.130153826437890530e-04 1.627098070457577705e-03 1.708753174170851707e-03 3.674916297313757241e-05 3.025104757398366928e-03 -3.444551257416605949e-03 2.210088074207305908e-03 3.593181027099490166e-04 1.180311432108283043e-03 4.587505944073200226e-03 -2.747524376900400966e-06 -3.804180887527763844e-04 1.799699617549777031e-03 1.583054196089506149e-03 1.541197882033884525e-03 3.821708378382027149e-05 1.095364918000996113e-03
-6.001211586408317089e-04 4.595965612679719925e-03 1.887884718598797917e-04 -2.016279846429824829e-03 9.319468401372432709e-03 3.277569776400923729e-03 -2.449163934215903282e-03 6.614795885980129242e-03 1.047513214871287346e-03 -3.699145512655377388e-03 1.078439643606543541e-03 2.658038772642612457e-02 -1.710969372652471066e-03 -1.419511903077363968e-02 3.226206637918949127e-03 6.958848331123590469e-03 1.414934406057000160e-03 4.613816738128662109e-03 4.175524692982435226e-03 2.432323396205902100e-01 -9.492691024206578732e-04 5.190438590943813324e-03 -3.524160245433449745e-03 8.356082253158092499e-03 8.327678078785538673e-04 1.126067130826413631e-03 4.548519849777221680e-03 -3.373638610355556011e-04 6.466594059020280838e-04 -1.347631769021973014e-04 3.239121520891785622e-03 1.899405382573604584e-03 1.565406098961830139e-02 3.339454066008329391e-03 -8.538636757293716073e-05 -1.223354693502187729e-02 1.551635656505823135e-02 -2.168316766619682312e-02 -7.307040970772504807e-03 5.513485521078109741e-03 4.519254434853792191e-03 7.936852052807807922e-04 3.763579006772488356e-04 9.326449036598205566e-02 -8.942445740103721619e-03 1.073820237070322037e-02 -8.403535932302474976e-03 -4.686703323386609554e-04 4.839117464143782854e-04 -5.782056134194135666e-03 -7.883069338276982307e-04 -3.383613191545009613e-03 8.850357262417674065e-04 6.171535351313650608e-04 -1.785768079571425915e-03 7.223872467875480652e-03
-3.964016214013099670e-03 -4.953222349286079407e-03 1.573688117787241936e-03 2.691915025934576988e-03 -3.886964695993810892e-04 1.241410151124000549e-03 -6.336955120787024498e-04 -1.325164339505136013e-03 2.014273632084950805e-04 -1.496295211836695671e-03 1.138982363045215607e-03 -2.913251752033829689e-03 3.609902632888406515e-04 -4.122641403228044510e-04 9.275267948396503925e-04 -6.613571895286440849e-04 4.509445279836654663e-03 3.160117776133120060e-04 2.877829596400260925e-03 -9.492691024206578732e-04 2.237162739038467407e-01 -1.612807536730542779e-04 -2.303564222529530525e-03 8.806932717561721802e-03 3.831594367511570454e-04 1.113076228648424149e-03 -4.370655806269496679e-04 3.774102078750729561e-03 -1.004162695608101785e-04 9.047846542671322823e-04 3.614040091633796692e-03 3.228039480745792389e-03 -3.961836919188499451e-03 2.257833490148186684e-03 -4.616795107722282410e-03 4.249315243214368820e-03 -8.091358467936515808e-03 -2.922133775427937508e-03 -6.312333280220627785e-04 -3.886047285050153732e-03 8.015304338186979294e-04 5.870753666386008263e-04 1.222707447595894337e-03 -6.182504352182149887e-03 -7.985848933458328247e-03 2.164691686630249023e-03 3.875184105709195137e-03 1.115865446627140045e-02 2.606808440759778023e-03 -3.183090128004550934e-03 -1.444693334633484483e-04 3.688036231324076653e-03 1.267445273697376251e-03 -1.467060646973550320e-04 3.400674322620034218e-04 8.641079184599220753e-04
4.745959304273128510e-04 2.781289629638195038e-03 2.176958136260509491e-03 -2.986757899634540081e-04 8.988597430288791656e-03 2.274643629789352417e-03 5.533964838832616806e-03 3.164261812344193459e-03 4.132726695388555527e-03 8.593188598752021790e-03 2.502099378034472466e-03 7.853846065700054169e-03 -4.230625345371663570e-04 -1.051397621631622314e-02 1.463340362533926964e-03 -5.905283149331808090e-03 7.497425540350377560e-04 1.015642541460692883e-03 5.638255970552563667e-04 5.190438590943813324e-03 -1.612807536730542779e-04 2.266397178173065186e-01 -3.533826209604740143e-03 1.140820514410734177e-02 9.173958096653223038e-04 3.723913396243005991e-04 -2.137187839252874255e-04 -2.612203534226864576e-04 1.552002388052642345e-03 1.512761227786540985e-04 1.404973794706165791e-03 2.781265880912542343e-03 4.325553309172391891e-03 -1.003033132292330265e-03 3.610479878261685371e-03 -1.258385088294744492e-02 4.484013479668647051e-04 -1.667154766619205475e-02 -2.007641887757927179e-04 1.070577278733253479e-02 4.787280922755599022e-04 3.778015961870551109e-03 2.442707482259720564e-04 6.206174846738576889e-03 -8.095743251033127308e-04 3.332335618324577808e-04 -3.819530131295323372e-03 -5.494892830029129982e-04 -4.763555480167269707e-04 -2.566233510151505470e-03 -4.477972688619047403e-04 -1.389606157317757607e-03 7.244867156259715557e-04 1.821241690777242184e-03 -2.878951607272028923e-03 2.697366289794445038e-03
2.504252828657627106e-03 6.594887468963861465e-03 2.116306452080607414e-03 1.705201808363199234e-03 -8.073316421359777451e-04 1.724441419355571270e-03 -2.614307915791869164e-03 7.718896376900374889e-04 1.342408009804785252e-03 -7.199054816737771034e-04 8.176959236152470112e-04 1.940027810633182526e-03 1.700220629572868347e-03 4.385027103126049042e-03 1.454279641620814800e-03 2.005066722631454468e-03 9.859105339273810387e-04 7.368414662778377533e-04 2.388445427641272545e-03 -3.524160245433449745e-03 -2.303564222529530525e-03 -3.533826209604740143e-03 2.500001192092895508e-01 2.274545840919017792e-03 2.609626390039920807e-03 8.591830264776945114e-04 8.387525449506938457e-04 1.620788942091166973e-03 5.356349865905940533e-04 7.367655052803456783e-04 3.978436870966106653e-04 6.228136480785906315e-04 1.873528352007269859e-03 1.505320193246006966e-03 2.791408332996070385e-04 3.532883943989872932e-03 4.478128161281347275e-03 5.206532310694456100e-03 -3.315345849841833115e-03 -1.070596743375062943e-03 1.282837591134011745e-03 3.381322312634438276e-04 3.102185728494077921e-04 5.120154004544019699e-03 -3.127929288893938065e-03 1.758606638759374619e-03 -4.839259781874716282e-05 8.552010986022651196e-04 3.445131296757608652e-04 2.090735826641321182e-03 -1.467163383495062590e-04 2.488481113687157631e-03 8.514293585903942585e-04 5.617512855678796768e-03 1.117121079005300999e-03 4.247999750077724457e-03
-2.417221898213028908e-03 -5.883785430341959000e-03 -3.106207121163606644e-03 2.440335694700479507e-03 4.548748489469289780e-03 6.185843958519399166e-04 -1.419549342244863510e-03 -3.016395261511206627e-03 1.256151590496301651e-03 -6.190269486978650093e-04 9.061071323230862617e-04 -1.010116422548890114e-03 1.409921911545097828e-03 -2.844382310286164284e-03 2.184323500841856003e-03 3.337432164698839188e-03 1.279509626328945160e-03 2.171768341213464737e-03 2.009854884818196297e-03 8.356082253158092499e-03 8.806932717561721802e-03 1.140820514410734177e-02 2.274545840919017792e-03 2.297588586807250977e-01 -2.337934347451664507e-05 1.520223449915647507e-03 4.819607362151145935e-03 1.794418087229132652e-03 1.304287696257233620e-03 -1.671212376095354557e-04 3.047498874366283417e-02 -4.889026240562088788e-05 -5.984359304420650005e-04 1.037000911310315132e-03 -2.246570773422718048e-03 -1.481342245824635029e-03 -7.494160672649741173e-04 -3.666141303256154060e-03 -3.109555982518941164e-04 -2.852893900126218796e-03 -3.463472938165068626e-03 6.822395953349769115e-04 -7.877668831497430801e-04 6.228497251868247986e-03 -5.130774341523647308e-03 1.172997872345149517e-03 -5.351238651201128960e-04 1.519554760307073593e-03 -7.962623494677245617e-04 1.059883390553295612e-03 -6.213818560354411602e-04 -3.159048967063426971e-03 1.150322728790342808e-03 5.426198476925492287e-04 -3.798670659307390451e-04 -2.997820731252431870e-03
1.728953677229583263e-03 6.606568582355976105e-03 1.695231301710009575e-03 1.303646480664610863e-03 1.356325665256008506e-04 1.702259993180632591e-03 9.916090639308094978e-04 4.174007568508386612e-03 2.452383982017636299e-03 1.678561558946967125e-03 1.384139643050730228e-03 -2.436068898532539606e-04 3.739236271940171719e-04 3.907506179530173540e-04 1.082230126485228539e-03 1.868981402367353439e-03 1.463865395635366440e-03 1.401410438120365143e-03 2.516685752198100090e-03 8.327678078785538673e-04 3.831594367511570454e-04 9.173958096653223038e-04 2.609626390039920807e-03 -2.337934347451664507e-05 8.628273010253906250e-02 1.272133435122668743e-03 5.386982229538261890e-04 2.833080245181918144e-03 1.059711794368922710e-03 1.345272693242804962e-07 1.191562740132212639e-03 1.089119585230946541e-03 1.209324575029313564e-03 2.019050763919949532e-03 6.146234227344393730e-04 2.635268960148096085e-03 7.615961949340999126e-04 1.033678650856018066e-03 1.400375389494001865e-03 -1.086299191229045391e-03 -1.480237824580399320e-05 1.508283778093755245e-03 -7.599473465234041214e-04 1.609879313036799431e-03 6.621722714044153690e-04 1.609043451026082039e-03 7.517245248891413212e-04 1.036842819303274155e-03 -1.905066164908930659e-04 1.789688831195235252e-03 -1.215981610585004091e-04 1.334890956059098244e-03 1.422526198439300060e-03 1.293252804316580296e-03 -8.728870889171957970e-04 -7.039395859465003014e-04
5.225657514529302716e-05 9.309431334258988500e-05 6.778704118914902210e-04 1.025104196742177010e-03 7.007004460319876671e-04 9.297352517023682594e-04 9.521085303276777267e-04 1.180869061499834061e-03 1.168591901659965515e-03 1.113616977818310261e-03 1.174120465293526649e-03 5.157737177796661854e-04 8.683172054588794708e-04 2.127792453393340111e-03 1.438045990653336048e-03 1.134596881456673145e-03 1.242508296854794025e-03 1.412827172316610813e-03 1.567400642670691013e-03 1.126067130826413631e-03 1.113076228648424149e-03 3.723913396243005991e-04 8.591830264776945114e-04 1.520223449915647507e-03 1.272133435122668743e-03 7.267753034830093384e-02 1.388854580000042915e-03 2.335278782993555069e-03 7.475417223758995533e-04 3.314351488370448351e-05 1.535005518235266209e-03 9.940525051206350327e-04 1.123597845435142517e-03 1.318094087764620781e-03 -1.195087446831166744e-03 2.200498478487133980e-03 -2.801949267450254411e-05 1.112012891098856926e-03 7.675490342080593109e-04 -8.427439024671912193e-04 1.276402035728096962e-04 1.003021723590791225e-03 -1.638741086935624480e-04 5.696766311302781105e-04 -1.516447635367512703e-03 1.099922577850520611e-03 1.115791033953428268e-03 1.624628785066306591e-03 1.729010837152600288e-03 6.781357806175947189e-04 3.668868521344847977e-05 1.459159539081156254e-03 1.165741123259067535e-03 8.043257985264062881e-04 6.817146640969440341e-05 -2.557438565418124199e-04
2.179580740630626678e-03 3.293492831289768219e-03 2.126360544934868813e-03 1.172353862784802914e-03 1.557194511406123638e-03 7.122689276002347469e-04 3.358593676239252090e-04 -5.989017663523554802e-04 1.846961211413145065e-03 1.573932939209043980e-03 9.211112046614289284e-04 3.486485220491886139e-03 2.961233491078019142e-03 2.292608551215380430e-04 2.294646808877587318e-03 3.374487860128283501e-03 1.006798353046178818e-03 1.858622417785227299e-03 1.632564701139926910e-03 4.548519849777221680e-03 -4.370655806269496679e-04 -2.137187839252874255e-04 8.387525449506938457e-04 4.819607362151145935e-03 5.386982229538261890e-04 1.388854580000042915e-03 1.151541322469711304e-01 1.383311348035931587e-03 1.886083162389695644e-03 3.095397551078349352e-04 9.936462156474590302e-03 8.752785506658256054e-04 -1.613396685570478439e-03 2.614079567138105631e-04 -4.647047317121177912e-04 -3.724149719346314669e-04 1.441580971004441381e-04 7.790276431478559971e-04 -5.357141490094363689e-04 -3.751847907551564276e-05 -2.857368090189993382e-04 7.877299794927239418e-04 2.736017922870814800e-04 6.040711421519517899e-03 -1.122132060118019581e-03 1.437818864360451698e-03 -9.324451675638556480e-04 7.439549081027507782e-04 -8.315338054671883583e-04 9.026475599966943264e-04 5.805513355880975723e-04 1.758300815708935261e-03 1.116350293159484863e-03 8.286310476250946522e-04 7.291325600817799568e-04 1.735907746478915215e-03
-1.150834723375737667e-03 9.955369168892502785e-04 2.997156465426087379e-03 2.691169967874884605e-03 5.697537562809884548e-04 2.528685610741376877e-03 1.932932762429118156e-03 3.878950141370296478e-03 1.340058632194995880e-03 6.382039282470941544e-04 2.006744500249624252e-03 -2.888318849727511406e-04 1.349238329567015171e-03 4.378322046250104904e-03 2.434077206999063492e-03 2.582187065854668617e-03 1.134015386924147606e-03 6.917269784025847912e-04 2.146004932001233101e-03 -3.373638610355556011e-04 3.774102078750729561e-03 -2.612203534226864576e-04 1.620788942091166973e-03 1.794418087229132652e-03 2.833080245181918144e-03 2.335278782993555069e-03 1.383311348035931587e-03 1.173746362328529358e-01 1.654608058743178844e-03 6.468424107879400253e-04 1.433429541066288948e-03 1.761680818162858486e-03 1.012612701742909849e-04 1.418790547177195549e-03 3.077718196436762810e-03 4.291377495974302292e-03 1.243930077180266380e-03 5.517586134374141693e-03 2.721249824389815331e-03 3.461666055954992771e-04 -2.114563016220927238e-03 1.621362054720520973e-03 1.231749629369005561e-04 1.926878234371542931e-03 -6.886175833642482758e-04 1.294449786655604839e-03 2.916088327765464783e-03 2.066446235403418541e-03 3.629109822213649750e-03 1.435552141629159451e-03 2.179521834477782249e-04 1.243412028998136520e-03 1.168356277048587799e-03 1.301994081586599350e-03 1.779074664227664471e-03 -3.425950650125741959e-03
