1.000000000000000000e+00 -3.128955140709877014e-02 -4.279351606965065002e-02 6.820508837699890137e-02 3.627384081482887268e-02 -6.169186532497406006e-02 2.910344302654266357e-02 9.559801220893859863e-02 -5.512315407395362854e-02 1.169345304369926453e-01 7.538536190986633301e-02 1.166471391916275024e-01 -4.432430863380432129e-02 -1.389175374060869217e-02 8.168404549360275269e-02 5.629933252930641174e-02 1.429014205932617188e-01 -7.153303921222686768e-02 -3.641420975327491760e-02 5.736476927995681763e-02 5.815152451395988464e-02 1.434559077024459839e-01 4.206036403775215149e-02 8.679860085248947144e-02 5.074039567261934280e-03 1.513308882713317871e-01 -3.669414203613996506e-03 1.249681115150451660e-01 1.043224483728408813e-01 9.751056879758834839e-02 6.303030252456665039e-02 7.140962034463882446e-02 1.660547703504562378e-01 6.029826123267412186e-03 1.563573926687240601e-01 2.563233375549316406e-01 1.854285784065723419e-02 -2.209439687430858612e-02 4.624792840331792831e-03 1.204775273799896240e-01 1.938224583864212036e-01 -3.390112891793251038e-02 2.192653343081474304e-02 -2.431375160813331604e-02 -6.635027378797531128e-02 5.480385385453701019e-03 -7.243954390287399292e-02 -6.423118710517883301e-02 3.063895367085933685e-02 8.166192471981048584e-02 4.868837445974349976e-02 8.558393269777297974e-02 7.975701242685317993e-02 8.630160987377166748e-02 1.868093162775039673e-01 3.199717402458190918e-02 -2.017475292086601257e-02 8.055202662944793701e-02 7.176133245229721069e-02 8.961059898138046265e-02 3.025425225496292114e-02 4.024529829621315002e-02 3.470949232578277588e-01 1.330877887085080147e-03 9.949020110070705414e-03 -7.870986126363277435e-03 7.346636056900024414e-02 1.165200695395469666e-01 5.479307845234870911e-03 6.873311847448348999e-02 -1.234348863363265991e-02 -4.714353755116462708e-02 6.052762642502784729e-02 1.481341719627380371e-01 7.198935002088546753e-02 -1.684369333088397980e-02 -2.981210872530937195e-02 3.481649979948997498e-02 1.732735782861709595e-01 -8.040318638086318970e-02 -7.890982553362846375e-03 5.663367360830307007e-02 -4.848579317331314087e-02 -3.262470476329326630e-03 5.778044834733009338e-02 3.208974003791809082e-02 0.000000000000000000e+00
-3.128955140709877014e-02 1.000000000000000000e+00 3.830036148428916931e-02 2.009740620851516724e-01 3.350051864981651306e-02 -5.791797488927841187e-02 -4.957092553377151489e-02 -9.943497925996780396e-02 -6.313862651586532593e-02 1.471972018480300903e-01 2.087828665971755981e-01 7.306076586246490479e-02 3.932119309902191162e-01 1.497140806168317795e-02 4.270062968134880066e-02 1.888646371662616730e-02 4.550336301326751709e-02 -2.839026506990194321e-03 -2.443601563572883606e-02 9.088210761547088623e-02 6.315076351165771484e-02 1.027743518352508545e-01 2.038878798484802246e-01 2.137995325028896332e-02 2.236331254243850708e-01 7.416912913322448730e-02 1.717190593481063843e-01 2.015006244182586670e-01 1.209115516394376755e-02 -7.826991379261016846e-02 4.439602419734001160e-02 9.359261393547058105e-02 9.381729364395141602e-02 7.437752187252044678e-02 1.446575857698917389e-02 1.473406404256820679e-01 2.614656686782836914e-01 2.989716231822967529e-01 7.176080346107482910e-02 8.611048542661592364e-05 4.379833117127418518e-02 1.520866751670837402e-01 4.439441561698913574e-01 2.171072065830230713e-01 1.501358486711978912e-02 2.596498131752014160e-01 -6.860287487506866455e-02 5.073796492069959641e-03 1.001617088913917542e-01 8.267067372798919678e-02 1.313861608505249023e-01 1.071108058094978333e-01 -3.118825145065784454e-02 8.827485889196395874e-02 1.458085179328918457e-01 3.151436522603034973e-02 9.846794605255126953e-02 -4.085198417305946350e-02 5.949461832642555237e-02 3.154850900173187256e-01 2.893584780395030975e-02 2.232115417718887329e-01 4.612148702144622803e-01 3.497512936592102051e-01 1.687888503074645996e-01 1.280013620853424072e-01 2.879080474376678467e-01 5.428392067551612854e-02 1.273304820060729980e-01 2.007894031703472137e-02 1.560888588428497314e-01 2.770240008831024170e-01 1.161621510982513428e-01 4.465280473232269287e-02 1.552318930625915527e-01 1.588970422744750977e-01 2.761703431606292725e-01 1.195570975542068481e-01 3.190076947212219238e-01 -4.039137810468673706e-02 1.810714602470397949e-01 -1.907058432698249817e-02 1.054006218910217285e-01 2.076289802789688110e-02 1.227178350090980530e-01 3.262631595134735107e-02 0.000000000000000000e+00
-4.279351606965065002e-02 3.830036148428916931e-02 1.000000000000000000e+00 -1.318725291639566422e-03 4.180573672056198120e-02 -4.419644363224506378e-03 1.175752840936183929e-02 2.285884134471416473e-02 -6.759707466699182987e-04 2.302217297255992889e-02 -5.944549571722745895e-03 1.569034648127853870e-03 1.312955655157566071e-02 7.471278309822082520e-02 4.562817513942718506e-02 4.528919234871864319e-02 9.763741865754127502e-03 1.109427586197853088e-01 6.023345887660980225e-02 2.715273201465606689e-02 4.202737659215927124e-02 -2.243233472108840942e-02 -5.843647755682468414e-03 -1.419302192516624928e-03 -6.238112691789865494e-03 -3.967573502450250089e-05 1.793979667127132416e-03 -2.127129770815372467e-02 1.686805509962141514e-03 2.472535893321037292e-02 1.310327276587486267e-02 1.778941415250301361e-02 2.518048137426376343e-02 3.814590722322463989e-02 7.139845285564661026e-03 4.446244798600673676e-03 -6.240938790142536163e-03 7.408948149532079697e-03 6.661177147179841995e-03 4.227866418659687042e-03 4.700161889195442200e-02 3.855765983462333679e-02 -3.922312334179878235e-02 2.350902929902076721e-02 2.196701243519783020e-02 1.799688674509525299e-02 2.010259032249450684e-02 5.043143872171640396e-03 -1.224196329712867737e-02 -5.584244150668382645e-03 1.887559518218040466e-02 8.493592031300067902e-03 -1.595705398358404636e-04 8.987142704427242279e-03 4.573821090161800385e-03 2.326160855591297150e-02 7.922534644603729248e-02 1.690798066556453705e-02 2.205749042332172394e-02 1.088575366884469986e-02 5.688882991671562195e-02 7.959354668855667114e-03 1.190980374813079834e-01 -2.116252295672893524e-02 2.517051622271537781e-02 -1.729604601860046387e-02 -5.239939782768487930e-03 2.543499507009983063e-02 2.902214787900447845e-02 5.161073524504899979e-03 3.402730450034141541e-02 1.577463746070861816e-02 5.530785396695137024e-02 2.731661498546600342e-02 4.966932907700538635e-02 1.554695237427949905e-02 2.963769063353538513e-02 2.868104726076126099e-02 -2.426436543464660645e-02 -6.678859703242778778e-03 4.915083572268486023e-02 4.079775884747505188e-02 -1.906540594063699245e-03 5.157766118645668030e-02 -4.009948577731847763e-03 1.556796208024024963e-02 0.000000000000000000e+00
6.820508837699890137e-02 2.009740620851516724e-01 -1.318725291639566422e-03 1.000000000000000000e+00 1.266280114650726318e-01 -1.479396317154169083e-02 2.201411873102188110e-02 1.050902232527732849e-01 -1.234922185540199280e-02 8.786418288946151733e-02 1.939411908388137817e-01 5.376361683011054993e-02 9.457638859748840332e-02 3.310806304216384888e-02 1.634400188922882080e-01 1.299441698938608170e-02 3.386649861931800842e-02 1.144400145858526230e-02 -4.594085272401571274e-03 9.322229772806167603e-02 6.170818582177162170e-02 4.058903828263282776e-02 1.204139459878206253e-02 3.715695440769195557e-02 5.604016408324241638e-02 5.149416252970695496e-02 -9.129597805440425873e-03 3.148772194981575012e-02 6.441075354814529419e-02 1.097184419631958008e-01 1.309344768524169922e-01 6.187027320265769958e-02 5.833705142140388489e-02 4.202010110020637512e-02 4.127651080489158630e-02 9.405291825532913208e-02 1.190404668450355530e-01 1.670814901590347290e-01 1.833104491233825684e-01 9.352730214595794678e-02 8.972181379795074463e-02 1.523123830556869507e-01 1.243246421217918396e-01 2.705844864249229431e-02 -9.760162793099880219e-03 2.390910983085632324e-01 -2.211333997547626495e-02 -9.055707603693008423e-03 4.497232660651206970e-02 7.428634911775588989e-02 1.070706322789192200e-01 1.130142584443092346e-01 5.002774298191070557e-03 7.019542157649993896e-02 6.363491714000701904e-02 6.487746257334947586e-03 1.295159198343753815e-02 8.966141939163208008e-02 1.105404552072286606e-02 1.829374879598617554e-01 5.923639610409736633e-02 5.740925669670104980e-02 3.382679522037506104e-01 4.679282009601593018e-02 5.264028534293174744e-02 6.793785374611616135e-03 8.561408519744873047e-02 1.435218602418899536e-01 1.474178023636341095e-02 1.097951903939247131e-01 3.628251701593399048e-02 9.409066289663314819e-02 1.233685165643692017e-01 4.725545644760131836e-02 6.898715347051620483e-02 1.220046281814575195e-01 1.782197207212448120e-01 1.140562221407890320e-01 8.371739089488983154e-02 -1.449119113385677338e-02 2.285311222076416016e-01 6.160700693726539612e-02 3.862196579575538635e-02 4.632852226495742798e-02 1.353695616126060486e-02 1.822286285459995270e-02 0.000000000000000000e+00
3.627384081482887268e-02 3.350051864981651306e-02 4.180573672056198120e-02 1.266280114650726318e-01 1.000000000000000000e+00 1.218424178659915924e-02 4.236487299203872681e-02 1.558951735496520996e-01 2.117151953279972076e-02 6.995499134063720703e-02 1.735082454979419708e-02 5.304348096251487732e-02 2.427724003791809082e-02 1.394772678613662720e-01 1.256671398878097534e-01 6.897272169589996338e-02 3.845604136586189270e-02 1.322734057903289795e-01 2.336102165281772614e-02 5.748065561056137085e-02 3.099658340215682983e-02 -2.515872009098529816e-02 -5.445670336484909058e-02 3.830572590231895447e-02 -2.137653902173042297e-02 7.347497344017028809e-02 -5.100588500499725342e-02 1.115719601511955261e-02 4.074925556778907776e-02 2.141620069742202759e-01 1.017785146832466125e-01 8.378725498914718628e-02 8.950832486152648926e-02 4.145945608615875244e-02 5.866789072751998901e-02 6.785451620817184448e-02 3.110342100262641907e-02 1.293782442808151245e-01 2.473591268062591553e-01 1.699837744235992432e-01 5.574619770050048828e-02 2.696629166603088379e-01 -3.593793511390686035e-02 -6.455249618738889694e-03 -2.515926212072372437e-02 1.688653826713562012e-01 1.250752713531255722e-02 -2.812749519944190979e-02 2.080198377370834351e-02 6.865543127059936523e-02 5.983610823750495911e-02 1.172527372837066650e-01 2.064762637019157410e-02 5.673647299408912659e-02 4.158847406506538391e-02 2.613233774900436401e-02 1.650700420141220093e-01 2.107017636299133301e-01 7.179778814315795898e-02 1.323870122432708740e-01 2.460969239473342896e-01 3.302408754825592041e-02 2.487587630748748779e-01 -2.003440074622631073e-02 2.228361181914806366e-02 -3.709181025624275208e-02 2.003391832113265991e-02 1.164890527725219727e-01 3.700612112879753113e-02 7.398401945829391479e-02 5.113637540489435196e-03 -8.161214180290699005e-03 7.526541501283645630e-02 1.546092331409454346e-02 9.506545215845108032e-02 1.078270971775054932e-01 1.141391992568969727e-01 6.160101294517517090e-02 -1.814186200499534607e-02 2.121340110898017883e-02 1.944295465946197510e-01 9.497056156396865845e-02 3.125847503542900085e-02 1.977130770683288574e-02 -2.621354535222053528e-02 3.187254816293716431e-02 0.000000000000000000e+00
-6.169186532497406006e-02 -5.791797488927841187e-02 -4.419644363224506378e-03 -1.479396317154169083e-02 1.218424178659915924e-02 1.000000000000000000e+00 -9.319826960563659668e-03 1.548786908388137817e-01 6.176309585571289062e-01 -4.792794585227966309e-02 1.601653173565864563e-02 -1.220392137765884399e-01 1.018291115760803223e-01 1.753806322813034058e-01 -2.405537292361259460e-02 8.185916393995285034e-02 6.635034456849098206e-03 2.309946566820144653e-01 1.557219177484512329e-01 -6.186501309275627136e-02 1.205249801278114319e-01 9.997986257076263428e-02 5.355990305542945862e-02 1.098299492150545120e-02 9.221700578927993774e-02 1.324810180813074112e-02 1.806443184614181519e-01 3.906107973307371140e-03 -1.556316204369068146e-02 -7.257499732077121735e-03 -5.065612867474555969e-02 1.179948356002569199e-02 1.610272750258445740e-02 3.669444937258958817e-03 9.909429401159286499e-02 3.667622432112693787e-02 8.974077552556991577e-02 1.014552190899848938e-01 8.440023660659790039e-02 -1.016460545361042023e-02 2.564967796206474304e-02 5.413818359375000000e-02 8.143768459558486938e-02 6.374255567789077759e-02 4.640755653381347656e-01 7.609405368566513062e-02 4.734498560428619385e-01 4.764435589313507080e-01 3.376121446490287781e-02 9.706200659275054932e-02 -9.587739594280719757e-03 -1.059199403971433640e-02 -2.614788524806499481e-02 -6.173983961343765259e-02 -2.035306207835674286e-02 -2.278563007712364197e-02 2.718136645853519440e-02 6.167031452059745789e-02 1.178719326853752136e-01 1.808314584195613861e-02 4.681550711393356323e-02 1.420150548219680786e-01 1.041255220770835876e-01 1.018401235342025757e-01 1.657280921936035156e-01 1.971137225627899170e-01 5.422368273138999939e-02 1.142932996153831482e-01 -4.232578352093696594e-02 -9.913904592394828796e-03 2.270743995904922485e-02 6.745212245732545853e-03 1.056506484746932983e-02 -3.200810775160789490e-02 -1.733771339058876038e-02 -3.027652855962514877e-04 1.594081521034240723e-02 5.368775501847267151e-02 -2.605551108717918396e-02 4.620607197284698486e-01 1.993337273597717285e-01 1.186538115143775940e-02 1.308913975954055786e-01 1.340811252593994141e-01 7.798884063959121704e-02 -9.826181456446647644e-03 0.000000000000000000e+00
2.910344302654266357e-02 -4.957092553377151489e-02 1.175752840936183929e-02 2.201411873102188110e-02 4.236487299203872681e-02 -9.319826960563659668e-03 1.000000000000000000e+00 9.802056849002838135e-02 4.255859181284904480e-02 1.152521464973688126e-02 -3.597390651702880859e-02 -3.581625968217849731e-02 -1.812671683728694916e-02 -3.030877932906150818e-02 2.198746055364608765e-02 2.689462155103683472e-03 1.879580435343086720e-03 -3.324172273278236389e-02 1.527277287095785141e-02 -3.269188338890671730e-03 -7.641601841896772385e-03 -1.123093347996473312e-02 6.542922556400299072e-02 2.088007517158985138e-03 2.196529880166053772e-02 1.346332952380180359e-02 3.423166275024414062e-02 1.540941558778285980e-02 1.025004088878631592e-01 1.180578172206878662e-01 1.455075107514858246e-02 -2.388892509043216705e-02 -1.266959309577941895e-02 -1.756580732762813568e-02 3.475496545433998108e-02 2.016929350793361664e-02 -6.602964829653501511e-03 -3.086091205477714539e-02 1.224914658814668655e-02 5.032399296760559082e-02 1.859032176434993744e-02 3.745545819401741028e-02 2.844552975147962570e-03 -1.404848881065845490e-02 -5.525383725762367249e-02 1.629900373518466949e-02 3.149342909455299377e-02 -1.120766438543796539e-02 2.199249714612960815e-02 3.342720866203308105e-02 -1.415080390870571136e-02 6.456615775823593140e-02 1.703211665153503418e-02 6.445574760437011719e-02 5.793903768062591553e-02 -4.558615759015083313e-02 3.760793060064315796e-02 1.337742954492568970e-01 4.371893033385276794e-02 2.637624181807041168e-02 7.059708237648010254e-02 1.236870698630809784e-02 -6.430261582136154175e-02 7.416932843625545502e-03 2.950414083898067474e-02 8.135911077260971069e-02 -2.190778218209743500e-02 1.213061958551406860e-01 -2.510344237089157104e-02 6.733960658311843872e-02 -9.906467050313949585e-03 2.606642059981822968e-02 2.241538837552070618e-02 -8.667618036270141602e-03 -3.909657243639230728e-03 2.902898378670215607e-02 -6.531961727887392044e-03 1.301220059394836426e-02 2.431254135444760323e-03 -2.816256135702133179e-03 3.099224716424942017e-02 3.425351530313491821e-02 -1.251588482409715652e-02 -2.772816084325313568e-02 5.671202018857002258e-02 -1.699067885056138039e-03 0.000000000000000000e+00
9.559801220893859863e-02 -9.943497925996780396e-02 2.285884134471416473e-02 1.050902232527732849e-01 1.558951735496520996e-01 1.548786908388137817e-01 9.802056849002838135e-02 1.000000000000000000e+00 6.885118782520294189e-02 1.681413128972053528e-02 -4.110090062022209167e-02 -1.118849590420722961e-01 -1.834239624440670013e-02 -9.944068267941474915e-03 1.905800253152847290e-01 3.254767134785652161e-02 5.712377652525901794e-02 1.086640357971191406e-01 4.214472696185112000e-02 3.070745803415775299e-02 2.272392436861991882e-02 -6.665021926164627075e-02 -1.418586075305938721e-01 -9.770978987216949463e-02 -2.035738341510295868e-02 -6.555140763521194458e-02 -1.247180625796318054e-01 -3.083288203924894333e-03 8.398690819740295410e-02 5.196462869644165039e-01 9.211990237236022949e-02 8.361358940601348877e-02 -3.917699307203292847e-02 1.229842100292444229e-02 1.169769242405891418e-01 1.606577187776565552e-01 -1.189233269542455673e-02 2.888307906687259674e-02 1.145514771342277527e-01 8.698345720767974854e-02 1.212208345532417297e-02 5.795259401202201843e-02 -1.217285916209220886e-01 -9.658347815275192261e-02 1.331380903720855713e-01 1.104294881224632263e-01 1.860457658767700195e-01 1.804065555334091187e-01 4.961726814508438110e-02 2.501276731491088867e-01 2.492113597691059113e-02 8.639434725046157837e-02 6.160354986786842346e-02 6.105294823646545410e-02 8.499465882778167725e-02 -6.514748930931091309e-02 -4.006487876176834106e-02 3.421507775783538818e-01 -4.224281385540962219e-02 2.179676741361618042e-01 2.502406835556030273e-01 -1.386457309126853943e-02 1.981058865785598755e-01 -1.382658630609512329e-01 6.797645241022109985e-02 1.906647160649299622e-02 -3.354263678193092346e-02 3.269820213317871094e-01 -1.553854644298553467e-01 1.667570471763610840e-01 6.290660798549652100e-02 -3.751931246370077133e-03 4.883872717618942261e-02 -6.752552837133407593e-02 4.973774310201406479e-03 7.339945435523986816e-02 5.346028879284858704e-02 4.684525728225708008e-02 -6.254787743091583252e-02 1.423773169517517090e-01 2.973154187202453613e-01 8.501677960157394409e-02 1.042097993195056915e-02 5.849700793623924255e-02 5.911421496421098709e-03 -6.007869727909564972e-03 0.000000000000000000e+00
-5.512315407395362854e-02 -6.313862651586532593e-02 -6.759707466699182987e-04 -1.234922185540199280e-02 2.117151953279972076e-02 6.176309585571289062e-01 4.255859181284904480e-02 6.885118782520294189e-02 1.000000000000000000e+00 -2.420573867857456207e-02 -9.424019604921340942e-03 -9.849902242422103882e-02 1.043663024902343750e-01 1.495054662227630615e-01 -3.953205794095993042e-02 1.074551492929458618e-01 2.893284149467945099e-02 2.210523635149002075e-01 1.221939697861671448e-01 -4.084676504135131836e-02 9.876803308725357056e-02 1.145586892962455750e-01 7.713123410940170288e-02 4.794295877218246460e-02 8.823944628238677979e-02 1.726561225950717926e-02 1.862862855195999146e-01 -1.841867109760642052e-03 -2.442537620663642883e-02 4.899420589208602905e-02 -5.588859692215919495e-02 5.435522180050611496e-03 7.512451149523258209e-03 5.341471638530492783e-03 8.769392222166061401e-02 2.254605107009410858e-02 5.773164331912994385e-02 8.380989730358123779e-02 5.735136941075325012e-02 -2.764024585485458374e-02 5.719767138361930847e-02 3.633629903197288513e-02 3.465027734637260437e-02 7.858539372682571411e-02 2.619100511074066162e-01 5.750359222292900085e-02 3.403879404067993164e-01 3.670759797096252441e-01 2.211441658437252045e-02 3.510658815503120422e-02 -8.737633936107158661e-03 -3.443196881562471390e-03 -3.028803318738937378e-02 -4.838792234659194946e-02 5.796075332909822464e-03 -5.982198566198348999e-02 1.835073828697204590e-01 8.572615683078765869e-02 1.541573852300643921e-01 -1.439502928406000137e-02 8.497274667024612427e-02 2.002555429935455322e-01 3.152269124984741211e-02 1.866860836744308472e-01 1.469112336635589600e-01 1.392049789428710938e-01 1.705019548535346985e-02 8.452701568603515625e-02 4.032968357205390930e-02 2.402841811999678612e-03 1.760536059737205505e-02 1.995660737156867981e-02 8.359054103493690491e-03 1.620185747742652893e-02 3.047512844204902649e-02 6.885150447487831116e-03 -4.391860589385032654e-02 6.563489139080047607e-02 2.975911833345890045e-03 4.523837566375732422e-01 1.337483823299407959e-01 5.315667390823364258e-02 1.342475414276123047e-01 6.616491824388504028e-02 5.162795633077621460e-02 -1.452765893191099167e-02 0.000000000000000000e+00
1.169345304369926453e-01 1.471972018480300903e-01 2.302217297255992889e-02 8.786418288946151733e-02 6.995499134063720703e-02 -4.792794585227966309e-02 1.152521464973688126e-02 1.681413128972053528e-02 -2.420573867857456207e-02 1.000000000000000000e+00 9.519711136817932129e-02 1.128588244318962097e-01 6.184669956564903259e-02 5.700441449880599976e-02 1.187897771596908569e-01 4.361515119671821594e-02 4.094285890460014343e-02 2.215233258903026581e-02 -3.302756696939468384e-02 6.752872467041015625e-02 7.600638549774885178e-03 5.653998255729675293e-02 3.035274893045425415e-02 4.531495645642280579e-02 6.239252910017967224e-02 7.208579033613204956e-02 -9.453332982957363129e-03 4.380718246102333069e-02 6.322817504405975342e-02 7.100399583578109741e-02 5.691719055175781250e-02 3.707695752382278442e-02 9.771259129047393799e-02 5.521220341324806213e-02 2.471539750695228577e-02 6.870507448911666870e-02 9.001181274652481079e-02 9.012414515018463135e-02 9.411212056875228882e-02 9.048323333263397217e-02 7.868558168411254883e-02 9.241937100887298584e-02 7.948619127273559570e-02 8.617208153009414673e-02 -1.292105531319975853e-03 1.400790661573410034e-01 -5.164917930960655212e-02 -5.923862382769584656e-02 7.434829324483871460e-02 7.844136655330657959e-02 1.208235621452331543e-01 8.439478278160095215e-02 -3.625446464866399765e-03 6.475922465324401855e-02 5.354620888829231262e-02 2.240706421434879303e-02 2.750963903963565826e-02 9.728545695543289185e-02 2.642077766358852386e-02 1.254291832447052002e-01 9.572293609380722046e-02 5.683898180723190308e-02 4.209979772567749023e-01 2.748772129416465759e-02 3.071485273540019989e-02 1.604880765080451965e-02 6.316708028316497803e-02 5.982727557420730591e-02 3.505211323499679565e-02 4.178961366415023804e-02 4.847231507301330566e-02 1.014690622687339783e-01 7.828932255506515503e-02 3.851953521370887756e-02 1.140845641493797302e-01 7.258898764848709106e-02 1.063627973198890686e-01 8.019479364156723022e-02 5.737487599253654480e-02 -3.243706375360488892e-02 1.118379533290863037e-01 2.695940621197223663e-02 1.505834329873323441e-02 4.943285882472991943e-02 3.069695457816123962e-02 3.502203896641731262e-02 0.000000000000000000e+00
7.538536190986633301e-02 2.087828665971755981e-01 -5.944549571722745895e-03 1.939411908388137817e-01 1.735082454979419708e-02 1.601653173565864563e-02 -3.597390651702880859e-02 -4.110090062022209167e-02 -9.424019604921340942e-03 9.519711136817932129e-02 1.000000000000000000e+00 8.267852477729320526e-03 1.066855266690254211e-01 1.042068656533956528e-02 6.471911072731018066e-02 2.247721329331398010e-02 2.701441571116447449e-02 -2.212099730968475342e-02 4.199438728392124176e-03 8.422031253576278687e-02 -1.801644265651702881e-02 1.301349103450775146e-01 1.594039648771286011e-01 2.537382766604423523e-02 1.695564687252044678e-01 5.730359628796577454e-02 8.502251654863357544e-02 1.261396706104278564e-01 2.980642765760421753e-02 -1.352440845221281052e-02 1.147465258836746216e-01 3.900129720568656921e-02 6.389994174242019653e-02 5.656069144606590271e-02 5.026980862021446228e-02 1.026466041803359985e-01 2.446442991495132446e-01 1.942976117134094238e-01 7.404628396034240723e-02 5.960131995379924774e-03 3.182940557599067688e-02 7.577221840620040894e-02 3.231129944324493408e-01 8.835126459598541260e-02 5.030882731080055237e-02 2.888832986354827881e-01 -6.632302538491785526e-04 8.317074738442897797e-03 1.539183594286441803e-02 8.156281709671020508e-02 6.743554770946502686e-02 7.664345949888229370e-02 -1.161168911494314671e-03 1.627967320382595062e-02 4.644288122653961182e-02 3.479682654142379761e-02 1.489410270005464554e-02 -2.794219553470611572e-02 3.118398971855640411e-02 2.432086765766143799e-01 -3.088692389428615570e-02 1.416040509939193726e-01 3.281673192977905273e-01 1.125054210424423218e-01 7.867853343486785889e-02 5.168451368808746338e-02 2.617195844650268555e-01 2.215588465332984924e-02 8.777267485857009888e-02 2.520643919706344604e-02 1.572211459279060364e-02 1.429913491010665894e-01 1.926973015069961548e-01 6.495239585638046265e-02 3.709559887647628784e-02 9.124511480331420898e-02 2.677447795867919922e-01 8.484030514955520630e-02 1.012755855917930603e-01 -1.683479547500610352e-02 1.898512244224548340e-01 1.415600720793008804e-02 4.368840157985687256e-02 5.036370083689689636e-02 1.269922405481338501e-01 1.630465686321258545e-02 0.000000000000000000e+00
1.166471391916275024e-01 7.306076586246490479e-02 1.569034648127853870e-03 5.376361683011054993e-02 5.304348096251487732e-02 -1.220392137765884399e-01 -3.581625968217849731e-02 -1.118849590420722961e-01 -9.849902242422103882e-02 1.128588244318962097e-01 8.267852477729320526e-03 1.000000000000000000e+00 2.040502615272998810e-02 1.505583524703979492e-01 1.739860177040100098e-01 5.635056644678115845e-02 1.187258772552013397e-02 4.607323929667472839e-02 -3.681468963623046875e-02 5.118190869688987732e-02 -2.302103489637374878e-02 6.593770347535610199e-03 -8.945617079734802246e-02 8.693809807300567627e-02 2.881411928683519363e-03 2.819810807704925537e-01 -7.119719684123992920e-02 -2.180063538253307343e-02 4.695257917046546936e-02 -1.045031026005744934e-01 3.648293763399124146e-02 5.857192724943161011e-02 1.844538748264312744e-01 8.099468052387237549e-02 -2.050723647698760033e-03 7.186365872621536255e-02 -4.167233034968376160e-02 -2.133274264633655548e-02 1.163639053702354431e-01 6.863962113857269287e-02 6.304902583360671997e-02 8.936955779790878296e-02 -5.095730721950531006e-02 -1.380378566682338715e-02 1.661788672208786011e-02 4.339045658707618713e-02 -7.816329598426818848e-02 1.685252413153648376e-02 1.440810561180114746e-01 -1.086334232240915298e-02 1.102977544069290161e-01 3.179557248950004578e-02 3.147115185856819153e-02 1.116888374090194702e-01 6.175901740789413452e-02 1.002825126051902771e-01 1.115284860134124756e-02 -7.664196193218231201e-02 5.099108815193176270e-02 8.792787790298461914e-02 8.910848200321197510e-02 3.171352297067642212e-02 2.052013874053955078e-01 -9.642672538757324219e-02 -8.837906271219253540e-02 -5.618481710553169250e-02 -6.567459553480148315e-02 3.950761631131172180e-02 1.148998662829399109e-01 -2.037470787763595581e-02 -4.657847806811332703e-02 4.346436820924282074e-03 1.308531016111373901e-01 1.065019890666007996e-01 2.295118272304534912e-01 4.333705455064773560e-02 -8.499050512909889221e-03 9.113126248121261597e-02 -1.946513354778289795e-02 -2.992279827594757080e-02 5.663425475358963013e-02 -3.794005885720252991e-02 3.155721351504325867e-02 1.922806650400161743e-01 -1.523108873516321182e-02 5.505637079477310181e-02 0.000000000000000000e+00
-4.432430863380432129e-02 3.932119309902191162e-01 1.312955655157566071e-02 9.457638859748840332e-02 2.427724003791809082e-02 1.018291115760803223e-01 -1.812671683728694916e-02 -1.834239624440670013e-02 1.043663024902343750e-01 6.184669956564903259e-02 1.066855266690254211e-01 2.040502615272998810e-02 1.000000000000000000e+00 5.581077933311462402e-02 5.100042745471000671e-02 8.276731520891189575e-02 6.182607635855674744e-02 1.334882378578186035e-01 5.881992354989051819e-02 6.602203100919723511e-02 6.027233228087425232e-02 1.453156918287277222e-01 1.246324703097343445e-01 7.555355876684188843e-02 1.527785658836364746e-01 3.805272653698921204e-02 1.014337241649627686e-01 1.479038149118423462e-01 4.356248676776885986e-02 -1.816841587424278259e-02 1.315635293722152710e-01 9.044490754604339600e-02 8.149226009845733643e-02 4.666603729128837585e-02 3.787086531519889832e-02 8.383671194314956665e-02 1.721173375844955444e-01 1.413964331150054932e-01 4.445586726069450378e-02 -4.258820787072181702e-03 4.673530533909797668e-02 8.143165707588195801e-02 2.313773185014724731e-01 9.731391817331314087e-02 1.766903847455978394e-01 1.818433701992034912e-01 8.605810999870300293e-02 6.222800165414810181e-02 1.220369562506675720e-01 9.127214550971984863e-02 1.256096363067626953e-01 6.215858086943626404e-02 1.154121593572199345e-03 7.167303562164306641e-02 6.022837013006210327e-02 1.432803575880825520e-03 8.130605518817901611e-02 2.504934184253215790e-02 5.609311535954475403e-02 1.507542431354522705e-01 6.448780745267868042e-02 1.944270431995391846e-01 3.461550772190093994e-01 8.762513846158981323e-02 1.272419095039367676e-01 1.503928005695343018e-01 1.469236612319946289e-01 6.112652365118265152e-03 9.995433688163757324e-02 5.761459004133939743e-03 8.184047788381576538e-02 1.351139098405838013e-01 7.150261849164962769e-02 6.726782768964767456e-02 5.210560187697410583e-02 1.398982554674148560e-01 1.739095002412796021e-01 7.614435255527496338e-02 1.030609384179115295e-01 6.608230620622634888e-02 1.454583406448364258e-01 9.624786907806992531e-04 7.435864210128784180e-02 3.836771473288536072e-02 1.571180075407028198e-01 2.380185201764106750e-02 0.000000000000000000e+00
-1.389175374060869217e-02 1.497140806168317795e-02 7.471278309822082520e-02 3.310806304216384888e-02 1.394772678613662720e-01 1.753806322813034058e-01 -3.030877932906150818e-02 -9.944068267941474915e-03 1.495054662227630615e-01 5.700441449880599976e-02 1.042068656533956528e-02 1.505583524703979492e-01 5.581077933311462402e-02 1.000000000000000000e+00 1.316779702901840210e-01 1.418108940124511719e-01 2.744033187627792358e-02 4.717026650905609131e-01 2.316791415214538574e-01 4.710937663912773132e-02 6.250013411045074463e-02 -3.967947885394096375e-02 -3.363499790430068970e-02 1.753093898296356201e-01 2.087367000058293343e-03 1.751233786344528198e-01 -3.675928711891174316e-02 -4.531474318355321884e-03 -3.111408650875091553e-02 -7.197159528732299805e-02 1.339565403759479523e-02 7.532321661710739136e-02 2.748697102069854736e-01 1.754363328218460083e-01 6.238084286451339722e-02 9.974766522645950317e-02 -2.500600554049015045e-02 3.531514853239059448e-02 2.220929116010665894e-01 -5.907773040235042572e-03 2.783004567027091980e-02 1.253672540187835693e-01 -6.135132908821105957e-02 6.238358560949563980e-03 1.696500480175018311e-01 5.685080960392951965e-02 1.485724151134490967e-01 8.551277220249176025e-02 4.822135344147682190e-02 3.376455977559089661e-02 3.256965428590774536e-02 6.320382654666900635e-02 3.392894193530082703e-02 -2.295193029567599297e-03 2.034652233123779297e-02 3.325003781355917454e-04 3.450823426246643066e-01 1.104243844747543335e-01 9.223865717649459839e-02 7.800281792879104614e-02 3.617479801177978516e-01 9.553392976522445679e-02 2.193147093057632446e-01 1.094809081405401230e-02 3.545514494180679321e-02 2.600659057497978210e-02 -5.467987060546875000e-02 2.871261909604072571e-02 2.627888917922973633e-01 -2.475364692509174347e-02 1.921064965426921844e-02 3.317402675747871399e-03 1.036178544163703918e-01 5.620980635285377502e-02 2.268041223287582397e-01 5.474372953176498413e-02 -4.391839727759361267e-02 4.800417274236679077e-02 -4.052584990859031677e-02 2.266557663679122925e-01 1.677072793245315552e-01 6.796424090862274170e-02 7.496959716081619263e-02 2.308014184236526489e-01 -4.804842919111251831e-02 8.200480788946151733e-02 0.000000000000000000e+00
8.168404549360275269e-02 4.270062968134880066e-02 4.562817513942718506e-02 1.634400188922882080e-01 1.256671398878097534e-01 -2.405537292361259460e-02 2.198746055364608765e-02 1.905800253152847290e-01 -3.953205794095993042e-02 1.187897771596908569e-01 6.471911072731018066e-02 1.739860177040100098e-01 5.100042745471000671e-02 1.316779702901840210e-01 1.000000000000000000e+00 9.812799096107482910e-02 8.392523974180221558e-03 5.063989013433456421e-02 4.090589284896850586e-02 1.346061527729034424e-01 4.143022373318672180e-02 3.838350996375083923e-02 -8.449677377939224243e-02 7.844101637601852417e-02 3.097261860966682434e-02 1.251881420612335205e-01 -1.149613186717033386e-01 2.096545416861772537e-03 8.558382838964462280e-02 1.496977955102920532e-01 1.304516196250915527e-01 7.829510420560836792e-02 1.279995739459991455e-01 6.192895397543907166e-02 3.504023328423500061e-02 7.958766818046569824e-02 3.158288449048995972e-02 6.106289476156234741e-02 2.062156051397323608e-01 8.767654746770858765e-02 1.010036095976829529e-01 1.393402963876724243e-01 -5.770783498883247375e-02 -4.336208850145339966e-02 1.952961646020412445e-02 2.251561135053634644e-01 5.304225161671638489e-02 4.364696331322193146e-03 1.263444870710372925e-01 6.330104917287826538e-02 1.547643989324569702e-01 1.229329109191894531e-01 2.807019045576453209e-03 6.857261061668395996e-02 6.202878803014755249e-02 1.625469140708446503e-02 6.367113441228866577e-02 1.115177050232887268e-01 -1.436163298785686493e-02 2.771883904933929443e-01 2.132861167192459106e-01 4.762278497219085693e-02 3.477086722850799561e-01 -8.522954583168029785e-02 -3.355305176228284836e-03 -6.999272108078002930e-02 2.847587130963802338e-02 2.073399573564529419e-01 2.670110575854778290e-02 8.164510130882263184e-02 4.510002210736274719e-02 2.020065113902091980e-02 1.987199336290359497e-01 1.209157183766365051e-01 1.181520745158195496e-01 1.270343512296676636e-01 1.328802555799484253e-01 1.797432154417037964e-01 -4.812206327915191650e-02 4.382107406854629517e-02 3.224693536758422852e-01 6.069133803248405457e-02 1.821096614003181458e-02 1.882443428039550781e-01 -2.945623826235532761e-03 5.920314043760299683e-02 0.000000000000000000e+00
5.629933252930641174e-02 1.888646371662616730e-02 4.528919234871864319e-02 1.299441698938608170e-02 6.897272169589996338e-02 8.185916393995285034e-02 2.689462155103683472e-03 3.254767134785652161e-02 1.074551492929458618e-01 4.361515119671821594e-02 2.247721329331398010e-02 5.635056644678115845e-02 8.276731520891189575e-02 1.418108940124511719e-01 9.812799096107482910e-02 1.000000000000000000e+00 7.282485067844390869e-02 1.077360436320304871e-01 6.903158128261566162e-02 2.500769309699535370e-02 3.953351825475692749e-02 4.846156015992164612e-02 1.274752151221036911e-02 9.763382375240325928e-02 1.676909811794757843e-02 8.566232025623321533e-02 1.755611039698123932e-02 1.445218268781900406e-02 7.603903114795684814e-02 4.866669699549674988e-02 4.373688995838165283e-02 4.655243456363677979e-02 1.413875222206115723e-01 8.073550462722778320e-02 7.482662051916122437e-02 7.473194599151611328e-02 3.229121491312980652e-02 4.094034805893898010e-02 1.011900082230567932e-01 9.471417218446731567e-02 8.434831351041793823e-02 5.544701963663101196e-02 2.289887890219688416e-02 2.011746540665626526e-02 5.939163267612457275e-02 3.483434394001960754e-02 5.296437069773674011e-02 2.473912760615348816e-02 6.598182767629623413e-02 1.269105076789855957e-01 6.205542758107185364e-02 8.963783830404281616e-02 1.576782017946243286e-02 4.123418033123016357e-02 5.100821331143379211e-02 1.506557222455739975e-03 1.116048768162727356e-01 8.996919542551040649e-02 7.839521020650863647e-02 2.866216562688350677e-02 1.136769875884056091e-01 6.602406501770019531e-02 1.937043815851211548e-01 1.131002418696880341e-02 9.117538481950759888e-02 3.685800731182098389e-02 2.838145941495895386e-02 7.451238483190536499e-02 8.165685832500457764e-02 4.034727811813354492e-02 3.581309318542480469e-02 2.670751139521598816e-02 8.398111909627914429e-02 6.677962094545364380e-02 1.142545789480209351e-01 6.386764347553253174e-02 -1.760491728782653809e-02 4.693993553519248962e-02 3.318342193961143494e-02 9.865413606166839600e-02 7.934046536684036255e-02 9.559118002653121948e-02 2.278910763561725616e-02 1.083640456199645996e-01 1.061614528298377991e-01 7.775922864675521851e-02 0.000000000000000000e+00
1.429014205932617188e-01 4.550336301326751709e-02 9.763741865754127502e-03 3.386649861931800842e-02 3.845604136586189270e-02 6.635034456849098206e-03 1.879580435343086720e-03 5.712377652525901794e-02 2.893284149467945099e-02 4.094285890460014343e-02 2.701441571116447449e-02 1.187258772552013397e-02 6.182607635855674744e-02 2.744033187627792358e-02 8.392523974180221558e-03 7.282485067844390869e-02 1.000000000000000000e+00 7.230900228023529053e-02 1.197518128901720047e-02 1.832259632647037506e-02 1.106805633753538132e-03 2.102661319077014923e-02 3.984637558460235596e-02 2.607658132910728455e-02 1.761909201741218567e-02 1.958482339978218079e-02 3.391696512699127197e-02 3.941229358315467834e-02 2.252262830734252930e-02 9.131631255149841309e-02 5.590295419096946716e-02 4.298600926995277405e-02 3.517042100429534912e-02 3.639461472630500793e-02 2.422658726572990417e-02 3.383508697152137756e-02 1.131049543619155884e-02 1.940153725445270538e-02 4.414288327097892761e-02 5.800382047891616821e-02 2.367587573826313019e-02 1.867130212485790253e-02 5.609811842441558838e-02 -3.974834457039833069e-03 1.469114702194929123e-02 3.407714143395423889e-02 -1.676550135016441345e-02 -7.521498017013072968e-03 3.478041291236877441e-02 6.597616523504257202e-02 5.514199659228324890e-02 4.448543861508369446e-02 1.058238837867975235e-02 4.099917411804199219e-02 6.537914276123046875e-02 -7.348728831857442856e-03 6.738644093275070190e-02 7.435368001461029053e-02 1.075751520693302155e-02 3.444496542215347290e-02 4.678132012486457825e-02 5.208527296781539917e-02 2.021476924419403076e-01 2.454607188701629639e-02 5.258086696267127991e-02 4.611929878592491150e-02 3.251320123672485352e-02 4.112520720809698105e-03 4.993653856217861176e-04 3.318621963262557983e-02 1.853174157440662384e-02 2.545756846666336060e-02 3.137130662798881531e-02 2.753575891256332397e-02 3.699066489934921265e-02 5.523122847080230713e-02 1.674032583832740784e-02 3.180219978094100952e-02 3.670573234558105469e-02 -1.995264366269111633e-02 3.086407110095024109e-02 2.464378252625465393e-02 9.836105164140462875e-04 -5.264775361865758896e-03 5.219531059265136719e-02 4.142377898097038269e-02 0.000000000000000000e+00
-7.153303921222686768e-02 -2.839026506990194321e-03 1.109427586197853088e-01 1.144400145858526230e-02 1.322734057903289795e-01 2.309946566820144653e-01 -3.324172273278236389e-02 1.086640357971191406e-01 2.210523635149002075e-01 2.215233258903026581e-02 -2.212099730968475342e-02 4.607323929667472839e-02 1.334882378578186035e-01 4.717026650905609131e-01 5.063989013433456421e-02 1.077360436320304871e-01 7.230900228023529053e-02 1.000000000000000000e+00 2.851167321205139160e-01 3.215015400201082230e-03 7.568556070327758789e-02 8.942761458456516266e-03 2.274626120924949646e-02 6.014380976557731628e-02 6.944300234317779541e-02 2.301145344972610474e-02 2.807373926043510437e-02 -1.648585125803947449e-02 -6.223819032311439514e-02 -5.133741535246372223e-03 -1.502115838229656219e-02 3.886554017663002014e-02 7.055732607841491699e-02 4.186449944972991943e-02 1.624537445604801178e-02 4.736600443720817566e-03 -2.277369983494281769e-02 5.260631069540977478e-02 1.078351661562919617e-01 -3.455871343612670898e-02 1.735573285259306431e-03 6.169414520263671875e-02 -4.411217197775840759e-02 1.894990727305412292e-02 3.008511066436767578e-01 3.112909942865371704e-02 2.834285795688629150e-01 1.869120150804519653e-01 7.904445379972457886e-02 5.947514250874519348e-02 1.341775897890329361e-02 5.973418592475354671e-04 6.041236594319343567e-02 -1.381063368171453476e-02 2.084629982709884644e-02 4.154381901025772095e-02 3.931476473808288574e-01 1.572633534669876099e-01 8.707394450902938843e-02 3.847876563668251038e-02 3.520045876502990723e-01 1.071219593286514282e-01 1.321933269500732422e-01 2.504336088895797729e-02 1.541017144918441772e-01 9.290147572755813599e-02 -4.489922523498535156e-02 8.501695841550827026e-02 1.013221889734268188e-01 -1.421110518276691437e-02 7.105600833892822266e-02 4.046974703669548035e-02 1.256702840328216553e-02 5.954888183623552322e-03 7.771109789609909058e-02 4.502842202782630920e-02 -4.188431799411773682e-02 3.025468997657299042e-02 1.067858468741178513e-02 2.942477464675903320e-01 1.564047783613204956e-01 3.623833507299423218e-02 3.797857835888862610e-02 1.339683234691619873e-01 2.692385111004114151e-03 3.385517001152038574e-02 0.000000000000000000e+00
