"","1","2","3","4","5","6","7","8","9","10","11","12","13","14","15","16","17","18","19","20","21","22","23","24","25","26","27","28","29","30","31","32","33","34","35","36","37","38","39","40","41","42","43","44","45","46","47","48","49","50","51","52","53","54","55","56","57","58","59","60","61","62","63","64","65","66","67","68","69","70","71","72","73","74","75","76","77","78","79","80","81","82","83","84","85","86","87"
"1",0.999999733197869,0.493348707475888,0.131926707717615,0.159742378006805,0.0823003365167577,0.0331071642434274,0.0484248798224105,-0.0256318523665994,0.0573129630249377,0.111159293935585,0.204400011990988,0.0838948316344695,0.200083075385142,0.0956984342667311,0.0380180907614975,0.0588214209476087,0.0753017811362709,0.0687733155970069,0.056504990528585,0.0731835013160611,0.0309978085995542,0.102529817824654,0.136160546023682,0.0863816472284778,0.138576323099132,0.0726998377834404,0.111036411876512,0.118567958267093,0.00403791166463612,-0.0281602966276912,0.0247501251021954,0.0846276882366773,0.10516120675217,0.0724533665293357,0.0263699291695079,0.0862216294371432,0.0753031658562872,0.0831485791426009,0.00803997403579414,-0.0260486070090144,0.066950225532556,0.0168973013719706,0.219887490736027,0.0840056435648114,0.0107258144510253,0.060940946712143,-0.0537106797283841,-0.0444210444543373,0.00122959073743683,-0.0125995221610155,0.0622197162833993,0.0282228374584933,-0.00229845295457487,0.0208982969070137,0.037957477011025,0.00653209714280952,0.074615703343096,-0.0288249973260292,0.0712347083244503,0.0959522286126187,0.00345618289234149,0.138060580123703,0.213377486198403,0.12867340563668,0.0516021405285849,0.0599182714160853,0.15577490427467,-0.00454114726920913,0.191820879291618,0.00916909659933543,0.0907828811821635,0.163906022067724,0.0348627635987083,0.0408401257506177,0.105376816370148,0.0909539562016364,0.0874584788523378,0.060012931816899,0.139065767234056,0.0150935425841287,0.00390745718225288,0.00744131858664882,0.0698088478139035,-0.0319108310770971,0.00187706874040149,-0.0259672378440002,0.160973867797814
"2",0.493348707475888,0.999999733197869,0.31477454149604,0.223248198496513,0.191503478891039,0.177877988867878,0.174500947451535,0.0428948218983171,0.191372365404897,0.174187177349399,0.257357714432659,0.095132721157879,0.319279474194536,0.14514678854759,0.047834247606308,0.0826535751877151,0.133308497324565,0.158226167063723,0.157792351601983,0.116249439914283,0.0889704219978682,0.167136774519737,0.228162996931611,0.112987299326122,0.231438419876688,0.105699102685751,0.216405017212602,0.19639211551158,0.0347725105661939,-0.000204192714318046,0.0569814704301238,0.111150623304907,0.0780151631199168,0.0612035244381897,0.0637187111917628,0.108757242465243,0.183661291470607,0.154235652623774,-0.0192533182391982,-0.0275511575750456,0.0209053311101086,0.0475525646627323,0.3382356805104,0.143592435444731,0.0767284406030451,0.114167211727475,-0.00879639857607018,-0.017978136888538,0.0356663981529158,0.0168939712613134,0.0170631799698083,0.0487468615378887,-0.0224068607243639,0.009329017921653,0.0495594405616827,0.00501528459436786,0.107717437960529,-0.0595307188158659,0.0601870780682754,0.104606558316674,-0.00321854854684999,0.170678239195879,0.157933675306227,0.180727500912872,0.0748551290615858,0.121282367438109,0.211254169762966,-0.025032985589356,0.134858696831523,0.000776693486391568,0.0870162946881719,0.1760477175854,0.0525026233080365,0.0329039677911869,0.0624072068861827,0.0932058134604895,0.15364663546291,0.0721064930380269,0.143298902152113,0.0219103984005179,0.0379096983538433,0.0318417094489148,0.0884625465117799,-0.00711210477520986,0.0697221368920537,0.0154429867696988,0.13785083016948
"3",0.131926707717615,0.31477454149604,0.999999733197869,0.460295024950143,0.559564294514382,0.507655853893661,0.550733986553992,0.397914186952334,0.578091524031164,0.32833208460017,0.238546337193082,0.293703098829487,0.304018841618024,0.423569563435542,0.24064123460101,0.257469331593062,0.273475177666677,0.423366232282167,0.446833884362213,0.228184371055082,0.297167967377602,0.183404329020597,0.258602057600649,0.260450458446915,0.254982361319203,0.183146284491313,0.266543935901545,0.162631700963456,0.130088901320439,0.19947430405314,0.103795821583177,0.196987372567338,0.15415394687101,0.113858833025296,0.163716663586385,0.101306019080471,0.0883344159150891,0.0280613682434079,0.0228169411411686,-0.0120096482732235,0.0631434901378958,0.0541956009419865,0.0449901760040201,0.0526144686583482,0.050197454070114,0.00835217444260396,0.0332231741949262,-0.0372469851123915,-0.0191675218123017,-0.0191634025083361,-0.0182806090737373,0.0197267362080498,0.010483739674554,0.00668290151700178,0.0131012510447657,-0.0054413621768978,0.160508438343094,0.0253248523929002,0.0885993478139184,-0.0326664385756985,0.0571792218544209,0.068784919077554,0.0383700626455767,0.0901552125911066,0.00683601522653922,-0.00286983631381672,0.00391193311489338,-0.00606104572973672,0.0694237190010354,-0.0311181432701425,0.00391946891577776,0.0155335016606712,0.00694318695922482,0.000270756270101775,0.0244907642222693,0.0139481103149558,-0.00107666404942433,0.0157451611780167,0.01036063661944,0.0669871022778905,0.0226242381275919,0.0369185272068049,0.0247434620521644,0.0355466096739467,0.0307221824885913,0.0218635712695629,0.0395269697527697
"4",0.159742378006805,0.223248198496513,0.460295024950143,0.999999733197869,0.502608731087287,0.403584845795879,0.461491771211141,0.392696274801272,0.462746255034992,0.3164237769354,0.329959348080492,0.295739326570328,0.296247789317904,0.31035858426721,0.296541584573853,0.203603099430241,0.24886963038922,0.2904352176613,0.341565667650326,0.24315202475628,0.262542320193054,0.187680936818939,0.207357684604857,0.217978274267744,0.229343113722313,0.187925421036499,0.190916057312433,0.146437255449028,0.153912925094785,0.202505093518652,0.170379431062624,0.193304238722442,0.14584117929707,0.0879765604963772,0.116054054888637,0.129508804938199,0.134763437815032,0.117497320556872,0.123233238247735,0.0650183268345992,0.0921946340934073,0.118152376051388,0.123624946704027,0.0338399020828309,0.015549503354473,0.166318466524619,-0.0178677377133627,-0.0333922504166552,0.0225941826349018,0.0351586207554735,0.0540093923819872,0.0895515275750924,-0.0111617047688005,0.0559392846148161,0.0637200102403937,-0.024863389385654,0.039895857435009,0.0359773204055393,0.0448596906942807,0.0989486571315995,0.0364665858199006,0.080881819980004,0.0570765879253018,0.0573040519623901,0.0307497205012825,-0.0120671062015825,0.0611799280372833,0.0817399344909811,0.0602347377004783,0.0521920892579476,0.00422932938424398,0.0515354998372815,0.0661743624328323,0.0128737032952775,0.0240605508431593,0.0640628543272205,0.0580206951177028,0.0501417582375735,0.039458156117335,0.00535981675732153,0.113057291629755,0.00905495402763106,-0.0234058349992185,-0.0215083691927876,-0.00297207627437864,-0.0195658719331608,0.0393183211647329
"5",0.0823003365167577,0.191503478891039,0.559564294514382,0.502608731087287,0.999999733197869,0.62599989769333,0.725114758782986,0.618157098999342,0.664198835608753,0.445733528090188,0.347012094183502,0.470846800420429,0.373567901758763,0.460275915841242,0.385565752875878,0.31332203926361,0.383857550574954,0.459678407485794,0.534467064331349,0.330873248275701,0.363242471555886,0.224006163103049,0.268486875791258,0.283971803875844,0.311759300112942,0.250139017604104,0.283822854328634,0.211370364210091,0.206776788235007,0.307477759405479,0.195937283183031,0.269497093500276,0.196048493384479,0.128887285331584,0.151526510543168,0.125957669705679,0.0933622533626014,0.0880230353959316,0.106586956074005,0.0958014530008653,0.0566688927939135,0.114603855331388,0.0324098080564024,-0.00329782975541494,0.010519249042651,0.0827424420076502,0.0113707235678202,-0.0425718145665719,-0.00226257266707894,0.0331543840602675,0.00110427746878481,0.0644272209660656,-0.0136947515191253,0.0506227558588553,0.0398869863091035,-0.0194464757282956,0.0224759157033125,0.0266420114665921,0.0164674718235245,0.036306992309422,0.0706900842794648,0.0379286148727109,0.0142693766355085,-0.0486972066166113,-0.0177069475867378,-0.0670492006032034,0.0174310456514105,0.00880085650606159,0.0195386239369717,-0.0022406967974928,-0.0397568101271091,-0.0376174797647189,0.00542837422898422,-0.0200258058126938,-0.00481484886223622,0.0362603013810931,0.0148439780329581,-0.00530881490404617,-0.0224717640022268,-0.012692568158152,0.056261176301987,-0.00382306503222108,-0.0125000175643058,-0.0160207241669875,-0.00128858842344091,-0.00405911097544341,0.00585470483119125
"6",0.0331071642434274,0.177877988867878,0.507655853893661,0.403584845795879,0.62599989769333,0.999999733197869,0.640596611548584,0.584433040949492,0.809279272188243,0.351087083166131,0.313758702876573,0.349705429780288,0.38467895063228,0.451897631415258,0.284572389727927,0.3041715400947,0.340106848570686,0.477905993908538,0.534273375436827,0.23955102252892,0.379886633486068,0.273843172331686,0.302123888207209,0.251431723614185,0.335459537862147,0.203114930793633,0.366228908740707,0.19286868027527,0.162528483079265,0.182390086649917,0.0957361212520164,0.223399731516596,0.151389217231453,0.104999641957055,0.169382585704197,0.123264730953478,0.13298908539115,0.0884085458871772,0.0494197118060899,0.009478886219691,0.0455670807290674,0.0105316847042289,0.0932032576824165,0.0311325215737278,0.303139941745459,0.0427842169423235,0.27894968310393,0.271455621199418,0.00665293129311589,0.0631621346445949,-0.0268624638573813,0.00129647682086147,-0.0256636788880028,-0.0170832594873089,0.00255338961012561,-0.0443404889141344,-0.0332089679929014,-0.0300812327417615,0.0447191822237857,-0.0106384029180591,-0.0166940222749819,0.0966942578176568,0.0269080969902851,0.0141670017853755,0.0831795894172841,0.0742665781360672,0.0464482482061788,0.0332348313974861,-0.0140933521403382,-0.0153934794032224,-0.00677747768241357,-0.0113831756472745,-0.000159928846138196,-0.0243914816212207,-0.0383646113606164,0.00819302360900115,0.0108921509837474,0.0136254350729411,-0.00795490309353148,0.148632102782293,0.085515672674647,-0.0278934968460993,0.0306110364004496,0.129219532778595,0.161987972058347,0.18001867167348,0.038876232996394
"7",0.0484248798224105,0.174500947451535,0.550733986553992,0.461491771211141,0.725114758782986,0.640596611548584,0.999999733197869,0.629806226560159,0.706046692798368,0.44856067272181,0.34256314015536,0.471276831963339,0.378210686245153,0.407403576713335,0.35813482939526,0.302995565371334,0.397929796217766,0.413330309051342,0.562990176325192,0.320344601686242,0.367387426604541,0.24664728678034,0.338544545072648,0.297596609036069,0.341726406251666,0.237745467283165,0.320993273158945,0.213427618778659,0.245317672884984,0.259518572966392,0.154422223992625,0.229925339122805,0.157008989713336,0.0988393459514628,0.108197187826696,0.099355564359128,0.0732898548228284,0.0130870689398774,-0.0030298482203194,0.0321481237156743,0.0410703993267951,-0.00987764122693227,0.0494758938582341,-0.0155819104611677,-0.00966797024117712,-0.00149349273103527,-0.00997469719233445,-0.0324252310061198,-0.00880686020915986,0.0155936632016489,-0.0287476541135599,0.0371493209432025,-0.0174963246072629,0.0564078196559269,0.0447406608638591,-0.0561526140675367,-0.0399147962877981,-0.0201133488751191,-0.0113115795880855,-0.0157835300685924,-0.0248173608553151,0.0177230754421292,-0.0225889116198709,-0.037136622686687,-0.0120172169352383,-0.000138554240833884,0.00945801126299096,0.0121573766241725,0.0075962458979639,0.0152422734538878,-0.0235241326560801,-0.0125587479401139,-0.00939635740453198,-0.0212296660173219,-0.0349056798274757,0.0197604890182539,-0.000400855561210749,-0.0150035298431567,0.00234312564219636,-0.000449922278464805,-0.0124209633830431,-0.0289633083397102,-0.0238921819907399,-0.0250801043372384,0.0300098975711155,-0.0116336192114437,-0.0213467849662831
"8",-0.0256318523665994,0.0428948218983171,0.397914186952334,0.392696274801272,0.618157098999342,0.584433040949492,0.629806226560159,0.999999733197869,0.589081035651193,0.371419292882823,0.266363238650202,0.339968156240567,0.303774152818087,0.338979690470344,0.400533330888478,0.267105295536412,0.356889275457175,0.400678231286827,0.473440758312666,0.280257794321067,0.317467727624973,0.164779397103812,0.168189279196487,0.173408787053676,0.261498140100589,0.148180244836946,0.182277073407314,0.166856344490776,0.215536994220399,0.491048197332683,0.17835055751552,0.24332150034533,0.105919443810244,0.097675767743909,0.18062449334561,0.153245592840745,0.0411937493931956,0.0303415327114717,0.0600366493912181,0.053718886593281,0.032132749560366,0.0137900944079889,-0.042328991482131,-0.0718611425910247,0.105502250034506,0.0666485959926489,0.107564137816683,0.100714260485082,0.0182951368498349,0.160451724966006,-0.00368461015663415,0.060630568804538,0.00892195061322552,0.0572798104366276,0.0706015543919653,-0.073329167970608,-0.0726081879184981,0.157135150494521,-0.0486411066320728,0.118086992963509,0.11127679190091,-0.00353248058089913,-0.0351945017583064,-0.11172999837267,0.0208127719612651,-0.0230782629400618,-0.00616792940314229,0.162229366623215,-0.0844342364107453,0.0718209179927043,0.00693252409918052,-0.0250826293700327,0.00953723612451653,-0.0576912184180827,-0.0318073108685909,0.0412237241580523,0.0203201578473827,0.00664183403543235,-0.0386076921084128,0.0456290632343738,0.140888154586068,0.0073065780566084,-0.0165322394258226,0.0626775371819378,0.0747747674734988,0.073442245697324,-0.029521625381371
"9",0.0573129630249377,0.191372365404897,0.578091524031164,0.462746255034992,0.664198835608753,0.809279272188243,0.706046692798368,0.589081035651193,0.999999733197869,0.435560491540879,0.351074570975848,0.452430306384111,0.435692810213874,0.491911177243443,0.337744005113479,0.359997148275388,0.413098288258597,0.513453115069693,0.601404002521516,0.298642190577778,0.42179466902128,0.309016621687241,0.34914551597213,0.314030677749105,0.382240509373003,0.241625548115307,0.397759364707434,0.219267962526714,0.192351345380699,0.248299992088387,0.118037601204794,0.257388170362652,0.175476364758832,0.122558473563508,0.189185808296681,0.133559086052278,0.125732312400264,0.0663458813055006,0.0274541745405532,-0.00598093833398976,0.0627597657852974,-0.00852017384846126,0.063436519046928,0.0326962734761632,0.147673859984026,0.0194466914144321,0.146207275786554,0.164030753462218,-0.00355401871140008,0.0133698337640872,-0.0241986142933065,0.00543636118290081,-0.0362484802831277,-0.00259934419567239,0.0198006736351781,-0.0659574650794114,0.0334469725126665,-0.0367997154416526,0.0471580345530777,-0.0338674022220661,-0.0127268212748834,0.104523478315934,0.0345894424166845,0.0388026356066402,0.0377712688620689,0.000628777934804146,0.0158135490504082,-0.00425076542590469,0.024522701034493,-0.0195087974989646,-0.0224631843810398,-0.0177998394594394,-0.0225910384238849,-0.0194662670513759,-0.030446415530452,-0.00459125066372179,-0.0352795263536704,-0.00411886921880047,-0.0148864065063243,0.0923933680757527,0.0187686333074601,-0.0316102670712537,-0.00294085104734978,0.0507500119268982,0.0857207636458409,0.0880583755443838,0.0254449125341552
"10",0.111159293935585,0.174187177349399,0.32833208460017,0.3164237769354,0.445733528090188,0.351087083166131,0.44856067272181,0.371419292882823,0.435560491540879,0.999999733197869,0.303447130366996,0.394669838769661,0.299466900829133,0.321045568798063,0.318425868814234,0.235572671761237,0.290334717216252,0.294587979045474,0.355602358936045,0.257427483635973,0.2512768078038,0.205049758895953,0.231008663598212,0.231891158397597,0.266520055688943,0.206857737399818,0.199532441404787,0.169031693714506,0.181474969467257,0.190932903383007,0.136046753941529,0.179377807054032,0.181801179340566,0.117152750295192,0.0898991135397029,0.108666545785261,0.110352963164814,0.0783604924516484,0.0674362905812523,0.0685326182710394,0.0825089140765323,0.0550115833127783,0.0933989761937121,0.0604648179891902,0.0120241325998882,0.103251009629384,-0.0544377326137771,-0.0577904946879525,0.0486240252874075,0.05900782526862,0.0823546668803477,0.0710930588883381,-0.00555744574188753,0.0675269735917865,0.05525725927378,0.00437614867739133,-0.00342884432210859,0.0285083785849107,0.0132531781791927,0.0850044962352537,0.0455360964232196,0.0566497785842751,0.0933198497223956,0.0196972747315198,0.00732093056897576,-0.0129984538983842,0.0543167376253228,0.017135577934836,0.0280445837124171,0.0234037776995238,0.0203432503192039,0.0566266785701851,0.0400377163613656,0.00940039440181042,0.0498782991830014,0.0465110876752706,0.0510667181280275,0.0346440032737081,0.0279530489112879,-0.0212979319107656,0.0572993121207324,-0.00450259801785533,-0.0014250561860515,0.00304125240972749,0.0201537482684856,0.00289047891645696,0.105193389315207
"11",0.204400011990988,0.257357714432659,0.238546337193082,0.329959348080492,0.347012094183502,0.313758702876573,0.34256314015536,0.266363238650202,0.351074570975848,0.303447130366996,0.999999733197869,0.301206488773617,0.310619099612374,0.265791150136142,0.260057124495341,0.202208069854807,0.255633034184618,0.240151567263352,0.337517362764935,0.251694399142669,0.202998717555452,0.24850002981627,0.299967303995319,0.198249995887602,0.322338469126427,0.183116736904275,0.242277174553029,0.227483677343081,0.147392794635918,0.124791080270524,0.179347075625186,0.173647875987869,0.15291164920387,0.111225441241617,0.0957823880931781,0.138688271650792,0.237447221704415,0.168485400576348,0.0619504051419719,0.0136392561803932,0.0454501074724356,0.0509393497295957,0.295737723511241,0.0693363010766971,0.0527762426779465,0.231811313155498,-0.0195483543089637,-0.00357935119949517,0.0046557581985678,0.0623475674243706,0.044063341779059,0.0690912876904901,-0.00162763389915197,0.0259764667590213,0.046046169627572,0.0134709154530851,-0.0122700162685208,-0.0617991697948965,0.020097043785964,0.184313020213484,-0.0465494975297542,0.125348207692807,0.0777095534297643,0.0694380318171562,0.0502777269510618,0.0192826041254585,0.207155654974984,-0.00509053464218361,0.0602254085933265,0.0197582926511873,0.0105453531246709,0.102233548627509,0.14070580122412,0.0396968635848138,0.0145839700090661,0.0736149817849141,0.16554621282488,0.0541962776729685,0.0725517497969876,0.00861939327999048,0.123521823351782,-0.000439092866949979,0.022096459615069,0.00708475800854367,0.0826481177788672,0.000283289759231359,0.0740008732756184
"12",0.0838948316344695,0.095132721157879,0.293703098829487,0.295739326570328,0.470846800420429,0.349705429780288,0.471276831963339,0.339968156240567,0.452430306384111,0.394669838769661,0.301206488773617,0.999999733197869,0.350379099736089,0.467918936146306,0.422646469397232,0.308130420518604,0.349805275927364,0.395217381753807,0.471678974504753,0.307981987833877,0.293361875488388,0.21420248224182,0.229004670999619,0.318599257105892,0.30335179231705,0.389821375952415,0.223752463105561,0.167142840466189,0.213799566994444,0.119745018737709,0.146204641072393,0.233680431070447,0.268074143805837,0.139827576768657,0.0722315042647739,0.11676926466,0.0318805750027749,0.012094900976349,0.0940709795458193,0.0649732256530483,0.0668429961789705,0.047453658910464,0.00445503325339591,-0.019100477230594,0.02561936914867,0.0224779685795966,-0.0860346407174248,-0.00772969845684357,0.0895089586934743,-0.0122921807109079,0.0621553356294784,0.0317056594577706,0.0216741426896587,0.0986475693567472,0.0564492304862162,0.0537352436807163,-0.0210955383994199,-0.105079787232191,0.0339846915119724,0.0464312276984989,0.0290832680316851,0.0408332123316076,0.0859122715742697,-0.0840906606981949,-0.0577525591040917,-0.0369643852018535,-0.0145427178983451,0.00197875409266939,0.0627432702249234,-0.00416704997577398,-0.0265037120288724,0.0107762261271653,0.0758657906046591,0.0565069131897387,0.116259434278248,0.0430631726295472,0.0203823510866776,0.0524611663768043,0.00681080727137358,0.0197652462773441,0.0234033154905259,-0.0277707634989982,0.0230940536979812,0.0508993441286836,0.0101570811465102,0.0113582690074908,0.0410659765605118
"13",0.200083075385142,0.319279474194536,0.304018841618024,0.296247789317904,0.373567901758763,0.38467895063228,0.378210686245153,0.303774152818087,0.435692810213874,0.299466900829133,0.310619099612374,0.350379099736089,0.999999733197869,0.339624662588244,0.286376902674039,0.282317426494891,0.319688763453384,0.385791795194601,0.422121715233191,0.269496582144305,0.291009554965748,0.284942674520565,0.326268876943568,0.288444960394361,0.347147089682133,0.192377399639962,0.281571955258507,0.264154778731565,0.179287740409533,0.141069158197177,0.204681505216497,0.228221106820813,0.182330170354499,0.111554391687736,0.0955601327537538,0.122835008429689,0.177823526235366,0.125072916244944,0.0433662094607603,0.00829728636730207,0.0568962886213016,0.0548215130510494,0.220170247631129,0.0705876310806293,0.156828731348254,0.140122202805437,0.0467553283861715,0.0356329001597799,0.0893710820061842,0.0692907046593221,0.0862639046579411,0.0533609758175393,-0.0156392846353893,0.0671248229764422,0.055379813304418,-0.0137135152973438,0.0314384564392614,-0.0258427240672394,0.0328125450209062,0.10287020159883,0.0162152064546493,0.158903988959632,0.137655004410326,0.0219120422803633,0.0720410475869825,0.0657143183767334,0.112377981898866,-0.0268367046694343,0.0609208951114562,-0.0178095536548858,0.0250299489454574,0.0789116055612174,0.0390204345752361,0.0345079545334849,0.00912621010557413,0.0928260780480102,0.0918785309007335,0.0305777463877911,0.0499000596569534,0.0109829736365689,0.0709418262208133,-0.0306086508441667,0.00387910106393864,0.00435939830928097,0.124943484160569,0.0537892596386306,0.0908705174395524
"14",0.0956984342667311,0.14514678854759,0.423569563435542,0.31035858426721,0.460275915841242,0.451897631415258,0.407403576713335,0.338979690470344,0.491911177243443,0.321045568798063,0.265791150136142,0.467918936146306,0.339624662588244,0.999999733197868,0.374507593990154,0.351716976956245,0.335980980672871,0.623437879083143,0.554200456606726,0.285910053593998,0.328248605502346,0.159674455218831,0.229237045195789,0.347702593008544,0.281807734958347,0.310170110003293,0.219370741458719,0.166792751519093,0.148302322839158,0.131798012016158,0.128411534945879,0.243731020166313,0.332207479436366,0.218401222981436,0.123183662793504,0.147146159336583,0.0511984160215774,0.0481703682679092,0.162557797200727,0.00589996984454102,0.0415284166684121,0.0793519504018081,-0.0103831275755878,-0.00288759158327499,0.14539910076357,0.0359344086396091,0.0893022851507297,0.0501685045844494,0.0247836991293059,0.0194524490176706,0.0103277271799475,0.0521198557231401,0.0132757164205779,0.0124577692380291,0.0257756713475644,-0.0146706456436368,0.210210780698382,0.0286109027192755,0.0583761408920511,0.0408658485828588,0.225092459732388,0.0805049885141493,0.0680156271573561,0.000430101121856027,0.00961810716121617,0.00268849853948257,-0.0231495936140632,-0.0096039394072066,0.147924447254479,-0.0264590547054388,-0.0103166619472596,-0.00654398650881662,0.0602764205289182,0.0267440105955239,0.121381489018655,0.0406127185758652,-0.0168985615541287,0.0180986785508058,-0.024672220244078,0.089924211440102,0.0967120691430041,0.0317292039783904,0.0420371384509644,0.134273828854832,0.0485429899521367,0.0901177568017891,0.0628364923155048
"15",0.0380180907614975,0.047834247606308,0.24064123460101,0.296541584573853,0.385565752875878,0.284572389727927,0.35813482939526,0.400533330888478,0.337744005113479,0.318425868814234,0.260057124495341,0.422646469397232,0.286376902674039,0.374507593990154,0.999999733197869,0.292039568405062,0.277855001356135,0.325254918576879,0.402152020173699,0.315947952435844,0.276568576410554,0.189314483520898,0.155801764909957,0.252567218273409,0.260740058411994,0.255017845340665,0.130318571365759,0.142157757042447,0.212324949713235,0.267383140658173,0.202848922195419,0.220023634738642,0.218177565690408,0.134054659149682,0.131340282142321,0.117436773245144,0.0702046795588781,0.0703348306907849,0.166615585720934,0.0849259594144447,0.0987070207020603,0.101823672921438,-0.0171364207465956,-0.0386303253096684,0.0275587261864923,0.176628340156842,0.0231204267189769,-0.00871771735872951,0.0939936538855163,0.0483471095615641,0.111543920045212,0.102190287086174,-0.00957270622150352,0.0662563066516761,0.056556400133442,-0.00205589041036507,0.021089176434921,0.045789212995192,-0.018195207087388,0.203140790300882,0.128341437821311,0.0418215261063094,0.0522265821239435,-0.0865640739585218,-0.0174400884157803,-0.0654656471010523,0.0264251276866925,0.118774956506857,-0.00861465623951934,0.0359674558086893,-0.000153378439799217,-0.00210493477592197,0.124829794015446,0.0646725837017165,0.0492926746795124,0.078203730923611,0.0612451227374221,0.101198366192783,-0.0501382819486509,-0.00443646783763401,0.195571186632709,0.0152179962945375,-0.0101975374050047,0.0703648760812615,0.0294178064551675,0.0280988574804463,0.0530491931230364
"16",0.0588214209476087,0.0826535751877151,0.257469331593062,0.203603099430241,0.31332203926361,0.3041715400947,0.302995565371334,0.267105295536412,0.359997148275388,0.235572671761237,0.202208069854807,0.308130420518604,0.282317426494891,0.351716976956245,0.292039568405062,0.999999733197869,0.300143057834894,0.339665800104021,0.382091711153249,0.214726385028394,0.255235345565612,0.186847115975408,0.212817309495306,0.263031479242679,0.231105981501984,0.212266186405681,0.205669214379137,0.141051103783827,0.194133945737302,0.178775888408448,0.124822558949023,0.178146983374888,0.220288904036836,0.130990895826916,0.110540291731113,0.120035826835772,0.0811611402081263,0.0570042147741312,0.087757555931945,0.0837657072156951,0.0882108948012681,0.0396549535084057,0.049925044477067,0.0146173039090673,0.0616844462361364,0.0247433266633975,0.0260356295180149,0.0110755441571503,0.0486584747322018,0.106736693925043,0.0415375560397312,0.0790591316930781,-0.000899984587535084,0.0438043494160089,0.0483810477738918,-0.0107723846232158,0.0651285161427641,0.0381099507025824,0.0559585716144348,0.0103159611514224,0.0653899350075292,0.0620505471296054,0.0625729206543147,-0.0281731757012465,0.0509463484929977,-0.00480853279821965,0.0216359922960418,0.0240970829380136,0.0385302692063404,0.00998371317478878,0.00249506743587227,0.00453562617643556,0.0456107195945816,0.0282669089588373,0.0497672044312778,0.0357189721455901,-0.0281480579725827,0.00875270247548923,0.00200205741786883,0.0131312775508682,0.0229753192312724,0.0215973362511006,-0.0321659042664241,0.0166934395539824,0.0853507360902141,0.0398507284092582,0.0597114122552304
"17",0.0753017811362709,0.133308497324565,0.273475177666677,0.24886963038922,0.383857550574954,0.340106848570686,0.397929796217766,0.356889275457175,0.413098288258597,0.290334717216252,0.255633034184618,0.349805275927364,0.319688763453384,0.335980980672871,0.277855001356135,0.300143057834894,0.999999733197869,0.406834410517019,0.468255513651015,0.272301777685346,0.30508197477114,0.208430124096561,0.301605985139741,0.268608256291174,0.312313733141755,0.204658631256005,0.281126230234437,0.201409213545029,0.196455202783149,0.251396518741907,0.155143033891173,0.217828154833384,0.16720855638326,0.116901605432306,0.113413246372257,0.105179718718563,0.0827396808358594,0.0440898959050559,0.0378432064158367,0.0469516926743677,0.0377144951238582,0.00312998280794927,0.0848715471158809,-0.00741311540393711,0.0281336395750494,0.0204963909049399,-0.0359478668281158,-0.0148403432461548,0.014728588820337,0.0490349534668029,0.0269765059969528,0.0390656893825845,-0.0126421836958871,0.0392521229561461,0.0562133139549315,-0.0174458292613953,0.0220529630945315,0.0114256886238349,0.00665450494126673,0.0115076166734622,0.0076109217734093,0.0562958733692971,0.0234701975751901,-0.0105025365288777,0.0238482701052973,0.00998690486084403,0.03796212979984,-0.0275455430827018,0.000794782817909657,0.0193391977562804,0.0138108186161321,0.0178975895296781,0.00841091657263602,0.00192788649960935,-0.00071988971676929,0.0376932028838181,0.00744929695931074,0.00325365159945113,0.016766648088083,-0.0129727244328821,-0.00959397826671378,-0.0187053780706413,-0.0307501489489172,-0.0304960337068088,0.0362387944823038,-0.00448704738121876,0.0261667574996457
"18",0.0687733155970069,0.158226167063723,0.423366232282167,0.2904352176613,0.459678407485794,0.477905993908538,0.413330309051342,0.400678231286827,0.513453115069693,0.294587979045474,0.240151567263352,0.395217381753807,0.385791795194601,0.623437879083143,0.325254918576879,0.339665800104021,0.406834410517019,0.999999733197869,0.6504365055319,0.294076248431467,0.393064161943623,0.223533464936181,0.318079338968719,0.316223368218156,0.381438037173443,0.229309230677353,0.307890718705894,0.185135171689815,0.161651888114158,0.213196006763122,0.123109970259484,0.252024175941426,0.212001535952263,0.156045721446466,0.12725300877323,0.100527606411622,0.0766248624417597,0.0716631283279161,0.0781094441027529,-0.0122562256094737,0.023302491109324,0.0315966838815169,0.0162279639792492,0.0117329959906653,0.2419568916785,0.0163483217532485,0.180653512148983,0.120113659626644,0.0446387159024621,0.0419685441547992,-0.00683716516652329,0.00663968129907376,0.0173154706089976,0.000304412159435087,0.0245620242836341,0.0121583691176745,0.228024498767335,0.0620019028578598,0.0513401768925681,0.00581772754311177,0.209944829801368,0.0937441724270739,0.0478689295723662,0.00780733062062473,0.0842674115530058,0.0373262956592885,-0.00514099739942817,0.0257530161955351,0.0539785844561914,-0.0152503153536145,0.0288942648305903,0.0189009422425888,0.00031140741610119,-0.00546669856416047,0.0350438832504002,0.0405137370680447,-0.00653931475464573,0.00858370924154542,0.0154334006593827,0.118083609240562,0.0916590173051464,0.0229683806878962,0.0402006316875087,0.141188684777789,0.125802970317673,0.142730150043906,0.0330779152964868
"19",0.056504990528585,0.157792351601983,0.446833884362213,0.341565667650326,0.534467064331349,0.534273375436827,0.562990176325192,0.473440758312666,0.601404002521516,0.355602358936045,0.337517362764935,0.471678974504753,0.422121715233191,0.554200456606726,0.402152020173699,0.382091711153249,0.468255513651015,0.6504365055319,0.999999733197869,0.391489532413031,0.466650655784471,0.289402332251326,0.402111130814675,0.373078884634665,0.456850634316307,0.294057343098653,0.39518603963972,0.265109183340407,0.255936466262114,0.258792793817428,0.169101066681497,0.296460400569913,0.224640651814039,0.148144121237073,0.153264654262396,0.12522192453018,0.10431656718465,0.0854256416692282,0.0716933011831547,0.0156902408297031,0.0345052864329042,-0.00865849939070837,0.0362023255665868,-0.00586887861645623,0.113714059864146,0.0088082634459678,0.0973528853642023,0.0656172733524291,-0.0124724483157804,0.0232446795002461,0.00807688348936738,0.00399655320108856,0.0115531051803323,0.00313184998252613,0.00700192985337839,-0.0302111853252953,0.0402064709149152,-0.0271787547271158,0.0191782981528671,-0.00467650429875458,0.0234785766084994,0.023312837421399,0.0230990544996919,-0.0268240250564281,0.0596322715180327,0.00601464863683844,0.0322159113177514,0.0177617408054945,-0.000410350414152146,-0.00580048084543801,-0.0103202544595594,-0.0132040629281093,-0.0121496102885885,1.24606107623256e-05,-0.0126155887486198,0.0222576882326955,-0.00433848085150033,-0.0140627235961314,0.0108330807851958,0.0583759958107078,0.028097089371205,-0.0165839205702407,-0.0185353798109828,0.0496092420570107,0.0750499696317567,0.0604168910100946,0.02406324378136
"20",0.0731835013160611,0.116249439914283,0.228184371055082,0.24315202475628,0.330873248275701,0.23955102252892,0.320344601686242,0.280257794321067,0.298642190577778,0.257427483635973,0.251694399142669,0.307981987833877,0.269496582144305,0.285910053593998,0.315947952435844,0.214726385028394,0.272301777685346,0.294076248431467,0.391489532413031,0.999999733197869,0.263762201579231,0.198208164266895,0.235940672385544,0.253984544953164,0.265252287528277,0.21669567500685,0.185493642327213,0.243217665819052,0.174184487128834,0.196377159223277,0.209713229427447,0.227564624136947,0.192657298029767,0.136226300327523,0.113133969978255,0.103975987872679,0.15226797565165,0.0856156571086248,0.0690735078472606,0.0212052645448354,0.0448301884346718,0.068735707295202,0.0605024254110348,0.0253095575364277,0.0502668308231596,0.11085335148663,-0.0164987944560401,-0.0294875335904072,0.000289495853344321,0.0213382655569995,0.0615387084202195,0.0723816794446673,-0.0143068434917858,0.0866136599288905,0.0554450132280641,0.0266352012709385,0.000711771943749114,0.00796879912425081,-0.000554306392751557,0.0541453077089027,0.0122390087719471,0.0671075005480831,0.0259885243923483,0.014139438094422,-0.0095028575211306,-0.00736547669922484,0.0564363620199169,0.0311264423565331,0.0523210626123891,0.0453563607285327,0.00640662320868353,0.0041427867369602,0.0998628660658297,0.0792010381043647,0.0345879745128082,0.0704039319937579,0.105864265284571,0.0380636163367098,0.00251755272431402,-0.00450987834014755,0.0612041241679202,0.00104369325639698,0.0168205844497011,0.00222217023834376,0.0241509151780019,-0.0261831446970313,0.0165272056606322
"21",0.0309978085995542,0.0889704219978682,0.297167967377602,0.262542320193054,0.363242471555886,0.379886633486068,0.367387426604541,0.317467727624973,0.42179466902128,0.2512768078038,0.202998717555452,0.293361875488388,0.291009554965748,0.328248605502346,0.276568576410554,0.255235345565612,0.30508197477114,0.393064161943623,0.466650655784471,0.263762201579231,0.999999733197869,0.272683333191752,0.264418077365687,0.260921862409423,0.302368027606037,0.228841225139575,0.310642802240167,0.205065477941787,0.214565750638702,0.170187669924128,0.11944359911068,0.248580087282126,0.16380857088407,0.136731116928796,0.124442947781097,0.12103758496055,0.123872107032614,0.085990206976082,0.0441208574848817,0.0239333296786584,0.0769564352638489,0.00576940052521044,0.0338948743432342,0.0774680507535595,0.056534546649435,0.0351780188630212,0.0442967101951952,0.0662652025561988,0.00548864862858072,0.0171926238454273,0.0152831749757362,0.0543812569405599,-0.0170699454386999,0.0388288304956573,0.04592800002544,-0.0129635125764958,0.00068321020269793,0.007811151201522,0.0156761635287886,-0.000972375426390345,-0.0059569194354257,0.022659459715877,0.0531405140812872,0.0433049256954953,0.0513513609574236,0.0156677197430901,0.0509969886228478,0.0590354246412919,0.076337842437133,0.0427749015629494,0.0307305739887897,-0.0217084740060219,0.00991518948626836,0.0233226609566694,0.0126774121465219,0.0357137911027745,-0.0045050348815622,-0.00644365124103291,0.0274830206285466,0.0282394234903797,0.0271699574309488,0.00118189045134986,-0.0186531307106108,0.0401066294966398,0.0354883899052639,0.0728288234823425,0.0627646736172226
"22",0.102529817824654,0.167136774519737,0.183404329020597,0.187680936818939,0.224006163103049,0.273843172331686,0.24664728678034,0.164779397103812,0.309016621687241,0.205049758895953,0.24850002981627,0.21420248224182,0.284942674520565,0.159674455218831,0.189314483520898,0.186847115975408,0.208430124096561,0.223533464936181,0.289402332251326,0.198208164266895,0.272683333191752,0.999999733197869,0.359831842240555,0.237719228823448,0.268854580030405,0.210833553707889,0.232452605331486,0.284368144826149,0.148471735562181,0.0739374906066435,0.126249165739785,0.170278715744138,0.125222221674425,0.103656135235421,0.0915524341091809,0.153809660260908,0.263035800984204,0.157163906451026,0.0298933511209024,0.00662185848047983,0.0756397321333634,0.0318359799230604,0.207449748997339,0.093236504492476,0.158729777728396,0.137769095725268,0.0336102716437464,0.0835665829410551,0.0564079899681997,0.000815349919032203,0.0563506406268675,0.0774458616934126,-0.0347918704624538,0.0504121248616794,0.0603251639030823,0.0302489471276629,-0.000659142390785614,-0.0264850177998135,0.111510760530202,0.0542535424709739,-0.0693095086367028,0.161680220341975,0.104916084495618,0.0674078304891941,0.0956756471501483,0.128037249720096,0.136095309787531,0.0214326901801205,0.11745694792148,0.0147537597544354,0.0658362585198882,0.056038474005409,0.0818503901855123,0.0915568512467253,0.0405128747234538,0.139511759420299,0.16847668602418,0.0762345367157131,0.0972033005337123,0.0931668652693021,0.0764184524333917,0.00772975017106086,0.0361238155534776,0.0621342389653737,0.115959910991223,0.093886401918405,0.139272464602263
"23",0.136160546023682,0.228162996931611,0.258602057600649,0.207357684604857,0.268486875791258,0.302123888207209,0.338544545072648,0.168189279196487,0.34914551597213,0.231008663598212,0.299967303995319,0.229004670999619,0.326268876943568,0.229237045195789,0.155801764909957,0.212817309495306,0.301605985139741,0.318079338968719,0.402111130814675,0.235940672385544,0.264418077365687,0.359831842240555,0.999999733197869,0.300526400161206,0.483425172910521,0.212447410616221,0.467722922982109,0.300362117656736,0.290098744874897,0.160383762726981,0.102896678914945,0.190604272037645,0.134548759234545,0.0943073796577149,0.12993752993687,0.15819778709125,0.237058887704843,0.152160224707086,-0.0536654603990276,-0.032283069592663,0.0611151582678538,-0.00922491373679985,0.334633507059229,0.215382376315836,0.0915838098433636,0.0716588262683177,-0.022892458916056,-0.00353163001219284,0.0430897978639668,0.0110501574563857,-0.00405291323521201,0.064783768862337,-0.0122697585014986,0.0271349177708214,0.0294937261798449,0.038377394563497,-0.00606281867238256,-0.064930170094236,0.0680007356013067,0.0380610781949425,-0.0795985815323455,0.177996655822029,0.0340918737773854,0.0881519329689005,0.1607967858035,0.177744182814321,0.126638795642802,-0.0724233219402554,0.00572872013460587,-0.0332749599259366,0.041272297412713,0.154400238418283,0.053994861479245,-0.00324746444028643,-0.00508835714592411,0.0532499592968037,0.0913401878860571,0.00546280099496121,0.16676274948846,0.0395996343444878,-0.0333319249166616,-0.0037002726345296,0.0216320551715871,-0.031501628325685,0.157483139420489,0.0474450515446525,0.0545187807650509
"24",0.0863816472284778,0.112987299326122,0.260450458446915,0.217978274267744,0.283971803875844,0.251431723614185,0.297596609036069,0.173408787053676,0.314030677749105,0.231891158397597,0.198249995887602,0.318599257105892,0.288444960394361,0.347702593008544,0.252567218273409,0.263031479242679,0.268608256291174,0.316223368218156,0.373078884634665,0.253984544953164,0.260921862409423,0.237719228823448,0.300526400161206,0.999999733197869,0.332600706905817,0.304098856375685,0.283255084801087,0.213363916204954,0.208994410733291,0.112700005024441,0.180534915014797,0.263533312251923,0.26939220083285,0.149888534614728,0.0723724544013189,0.144356848323427,0.0745409636156511,0.0532281245432746,0.0839696784508966,0.0354393438115235,0.104392066254582,0.0155835222184892,0.0617855981550504,0.0368600160572604,0.0236029005729755,0.0226307470697702,-0.0501044264350616,-0.0446471616491425,0.116394314232922,-0.023190732620393,0.0355776970715745,0.0461577951032386,-0.0200908172420259,0.0520467344226895,0.0430180355370147,-0.0162243983281903,0.0689674083199684,0.00689704254199011,0.0232125291243566,-0.00488869698884438,0.00693666273553642,0.0946781830609951,0.0551865383651211,-0.0426027266300065,0.00499996957798212,0.027454100195796,0.0298651356627842,-0.0449211284117022,0.117224971210355,0.00455626882742182,0.00646185304533806,0.021818075766136,0.0462721074996975,0.0837423294538934,0.0793095256757274,0.0336210937931193,0.0274632441496684,0.00563662182897993,0.022696614858668,0.0134254107194924,-0.00892076390293342,0.0144476774412162,0.00339060911423319,0.0112289650538488,0.048456163560504,0.0324578221304267,0.0531823924163915
