"","1","2","3","4","5","6","7","8","9","10","11","12","13","14","15","16","17","18","19","20","21","22","23","24","25","26","27","28","29","30","31","32","33","34","35","36","37","38","39","40","41","42","43","44","45","46","47","48","49","50","51","52","53","54","55","56","57","58","59","60","61","62","63","64","65","66","67","68","69","70","71","72","73","74","75","76","77","78","79","80","81","82","83","84","85","86","87","88","89","90","91","92","93","94"
"1",0.999998848753891,0.775960555554,0.609696531250054,0.472833586258625,0.33826038563467,0.168052681549875,0.16939971969209,-0.0263488317762161,0.106249390461981,0.0964767136803351,0.046418534895364,-0.011596387341644,0.306385788870122,0.208880813028365,0.137601706965077,0.149375376097197,0.403551816333867,0.344373992162678,0.253914238169033,0.108672652107796,0.124933233225812,0.0820900221511017,0.232478911960047,0.158031976943563,0.205224829059711,0.26832741971248,0.169947914761445,0.259319727599087,0.120129147677756,0.18430421825255,0.113147846549707,0.0157966095490753,0.244648122937546,0.0734973299978018,0.12783191424762,0.446734684270205,0.422807319978768,0.365596412791092,0.18656314517356,0.0620447372816529,0.0871760714833032,-0.0291327576141803,0.194374966504401,0.23890874926473,0.297498476508545,0.0451010460215539,0.0223531276555033,0.0155810087807441,0.156034062746434,0.023423252106312,0.143550542753506,-0.0235421300384094,-0.109828306250682,-0.0369760823552514,0.118695321495233,0.133302477940631,0.0762900400036372,0.165027346243308,-0.0580886892362841,0.0528583326830373,0.0215006559130523,0.0965507104763305,0.201565738473767,0.0252062577078797,-0.0215177836579116,0.153788937460541,-0.0528832678728464,0.105986624427109,0.103842886329617,0.181556997662541,0.10391427612665,0.328341182816763,0.271768954507682,0.18223450664079,0.428573601036482,0.243513346137995,0.265581007053703,0.197760224727592,0.153341675919776,0.153105821922921,0.178270664507993,0.0989730473307085,0.0891709648800118,0.126490969692879,0.048289613822815,-0.00171762602632152,0.0507838247651479,0.0695814706135938,0.0580072579983083,0.152771894102374,0.140853387257199,0.0587482523096691,0.0992194327598243,0.102480508259859
"2",0.775960555554,0.999998848753891,0.710115586373611,0.518573642751529,0.349230654625191,0.213667063859124,0.205094638026184,-0.025982694994451,0.130385228230255,0.0955397910610457,0.052519905141906,0.00538998756023446,0.343655988928999,0.238042859950107,0.130232124636131,0.182391986528925,0.432206071272904,0.349049651187984,0.282446973303028,0.129683266592209,0.124952742583548,0.101271271442426,0.235864853318277,0.170993868048099,0.219265349670876,0.274738441757412,0.164206640791803,0.268875581669082,0.128216223070412,0.213420257875236,0.0990826607971799,-0.00433324264776482,0.251320257263105,0.0824526394789912,0.130764758880222,0.472871155600732,0.425239071538781,0.360029453797153,0.188577539765434,0.0580164317795542,-0.00856976323545978,-0.0419892241829242,0.207776902942222,0.245522883899509,0.308086971893923,0.03892869627428,0.000812608405108664,-0.00479383941125057,0.167145605079249,0.0365120972369325,0.15781104001235,-0.0289832780891508,-0.107705919830685,-0.0591388646983566,0.118887426400993,0.108048060357764,0.0772626111985389,0.162998339721393,-0.0735544157865832,0.0449278400310952,0.00572501181279828,0.0773298036139002,0.176669640466787,-0.0168740475701966,-0.0456708330792905,0.162517318372487,-0.0981451909734365,0.0866009973789663,0.0668687117028729,0.139638326915936,0.0921207257756866,0.324218569238595,0.273066783562465,0.184174402358633,0.465179639051637,0.226390905328516,0.243891905060296,0.170277946451162,0.13261020223594,0.140428658840409,0.1583686299125,0.088154237396387,0.0800008450313016,0.115518551760009,0.0273357733698492,-0.022235529714789,0.0332729855924677,0.0462843898762306,0.0450990173556376,0.145052860461677,0.124684105140386,0.0512657129053667,0.0936128465231677,0.0952726783681412
"3",0.609696531250054,0.710115586373611,0.999998848753891,0.463178082371216,0.299222465424072,0.249988293429939,0.171819116992082,0.00790159024759372,0.171985393797527,0.109333999175442,0.0663220476043822,0.00896036453277143,0.231322386323187,0.168295961085483,0.137303890980154,0.208073241074194,0.332844520928665,0.345684538355321,0.252723433659141,0.163809304606844,0.133367592814532,0.112488829984199,0.194812684643387,0.11320169146408,0.186909958256825,0.181675271695881,0.135581538247028,0.212772811207787,0.0567939997645257,0.112010361828781,0.0985482709375645,-0.0213799898153792,0.17245146775996,0.0853677404460327,0.114553217271983,0.353596522691882,0.28229268703677,0.266291104417005,0.0762546401177468,0.0359914674159605,-0.0660791592290759,-0.0417932690661436,0.109878566296305,0.137783376015962,0.261941059146682,0.042255045671799,0.0184325915174016,-0.00913191139652557,0.0873821463485802,-0.0436600946974802,0.138729942353918,-0.0200044722219828,-0.0944449625116904,-0.0516555012308886,0.0166953054277584,0.00792055887156719,0.0402656732972714,0.138447826196963,-0.0517319361270224,0.0865647325207278,0.00593872620733491,0.0418861060068241,0.133636279420616,-0.113639162848491,-0.0885208111717732,0.0761290379853826,-0.117315320509366,0.081986617550569,0.0439591472554558,0.0385075875609741,0.039704866646042,0.250818894302718,0.203941448944224,0.0806790349947948,0.323880781923157,0.135342998615085,0.187533460645442,0.0878403573926856,0.104656673112495,0.0846427857437852,0.127975048271863,0.050082053894479,0.0563760796196646,0.0991172462684234,0.0428341498540357,-0.0345953656772693,0.0265937892568504,0.0424582247173286,0.0357867557431163,0.136745847864416,0.112912711880107,0.05420334110398,0.0926095719156994,0.0944614026635711
"4",0.472833586258625,0.518573642751529,0.463178082371216,0.999998848753891,0.313965274197064,0.421743124595088,0.245533593844407,0.180615363779604,0.292751425135689,0.179453039436405,0.149201957581765,0.0889884709425789,0.334679088707128,0.157720393847473,0.16463092560329,0.197267908961272,0.417042429640749,0.218270080798604,0.220028203885247,0.236817916944127,0.156884057270487,0.198002780715031,0.134939136260916,0.185234571856081,0.0979839696719915,0.18626307673114,0.0937843435719274,0.235019453081023,0.112649352612135,0.108159029211014,0.0315082187762661,-0.0012421372935744,0.0615335227200627,0.0650141051482514,0.106168569030992,0.328543703368709,0.387792230675893,0.349254234654462,0.119374370674307,0.0711619117356888,0.0116020073978795,-0.0338049977577622,0.255579237214419,0.156270773216225,0.152248785260399,0.0084781299202857,0.0213360919452131,-0.0135177257042907,0.142236899273011,0.0130002437300292,0.0894855682778873,0.0237521633743233,-0.09862949042293,-0.0118384043126845,0.0901806840079794,0.0898585184506562,0.0302465456399101,0.081663608241118,-0.119744105112743,-0.0326507907501512,0.0212109046101939,-0.0413128381273838,0.0295754787820944,-0.0423066203504447,-0.0674535402178172,-0.024040717148915,-0.146637159839283,0.0179858496927554,-0.016705318537963,-0.0167258484112995,-0.052853079254602,0.0404231362124624,0.0189422411180059,0.0219606983815877,0.0951814133371047,0.0828977576560362,0.074098005389058,-0.0350869861574111,0.00655745072895441,-0.0220903548316991,0.0256728576749666,-0.039177022260697,-0.0105174930951632,0.0305928999366266,0.0194724878872094,-0.00192311480695815,0.028387545806158,0.0451571178482338,0.0725286644576007,0.0720660979982027,0.091483180722974,0.0526920027758974,0.0450539495085146,0.0475855384477266
"5",0.33826038563467,0.349230654625191,0.299222465424072,0.313965274197064,0.999998848753891,0.479454676933926,0.306482134664422,0.195077932443322,0.328774417473322,0.178551303728976,0.145633136078783,0.164979740459092,0.302926800048928,0.273471930529587,0.193660682707043,0.173229299651688,0.261775878774192,0.306474090976793,0.220600997109235,0.193381392016782,0.155513987388979,0.190969611426665,0.240028996037862,0.105724866821598,0.160684092413822,0.216855105628727,0.143945605676091,0.140944696567123,0.066984604059421,0.0977468925127753,0.0887257615815295,0.0380149163834011,0.217853042895292,0.00368026380245879,0.0598559153038187,0.233566465675578,0.173676375043117,0.171793306914643,0.108038031561739,0.0821749563796817,0.0441917028450544,-0.0273308109735229,0.0899868463018536,0.121964000858569,0.131493462653611,0.0560559603165161,0.00851662243918309,0.030367995546284,0.0666925194882524,0.0336363582500203,0.119829011646915,-0.00830625693056068,-0.0491101141673263,0.000464578430465119,0.0330238097859391,0.0295579766810667,0.105802746330578,0.100663128109279,-0.0242183638940225,0.0165767705645492,0.0112408992508085,0.0295403184292134,0.106261673323341,-0.0184802172435742,-0.00464403695490458,0.0538944835193452,-0.0368876709261817,0.0581037526041192,0.0386298729901931,0.0707791193327053,0.0402035604757921,0.179448038605207,0.147675230963755,0.0897268502107025,0.263973083910764,0.113053257246821,0.119357209121742,0.0576711993776352,0.0939037476753594,0.0772415879449684,0.105716220894711,0.0544233983824835,0.0512634257867453,0.0861102599695085,0.0366053562040588,0.0351738537365439,0.0443144359579373,0.0364050243962881,0.0370798175061451,0.109225526580984,0.0786566013615489,0.0596536704770038,0.0767326706928403,0.0788825475537829
"6",0.168052681549875,0.213667063859124,0.249988293429939,0.421743124595088,0.479454676933926,0.999998848753891,0.463467327868972,0.548599637148192,0.660081682338841,0.327012158585779,0.293732222701571,0.359747058179977,0.424915929856199,0.270031253750069,0.244278975799661,0.274605813082167,0.293080388332549,0.268785143935334,0.24693503193766,0.333483425728901,0.222865024148784,0.417008015305625,0.171289767054126,0.180347774092593,0.120979906703853,0.127341245237243,0.150283767720732,0.124249379850878,0.0919121937505527,0.0725776470610166,0.104825305756466,0.000511357998525718,0.00710214303629835,0.0102582182964866,-0.00306837584591123,0.0868802376234269,0.0707145837925579,0.122474172491733,0.00156975581323432,-0.0199024462890665,-0.0145422878163109,-0.0206796932694357,0.0563951571883485,-0.0253133087180671,0.0308590627042567,-0.0205883719742354,-0.010526383037475,-0.0278030481865949,0.0738876897867334,-0.013048558240703,0.0837956559234515,-0.0354095337926254,-0.0328286629348703,-0.0261402749916481,0.0160001519328686,-0.0459930676731327,0.00540777405792031,0.0473732205203365,-0.0307446851318028,-0.0235121231882481,-0.0415964732363205,-0.0383801454162249,0.00845605159872229,-0.0491470598802959,-0.0518440697263613,-0.0202900942832619,-0.0488766182859434,0.00288594657180293,-0.0130717542855313,0.0417021948315004,-0.0522010362863418,0.00700514066642405,-0.0449464272402346,0.0140001465171412,0.070921628404096,0.0327677159774335,0.0219419204808618,-0.0087599569926586,0.0188855190325569,0.0311372212914701,0.0386293105850018,0.0469809038103553,0.030453813935826,0.0606538452681723,0.0335737821023107,0.0329583182462633,0.0357037052755758,0.025629166764321,0.0259274420543418,0.0220317956175281,0.0252598159854313,0.0141578370991262,0.0122098510521994,0.0113815916082385
"7",0.16939971969209,0.205094638026184,0.171819116992082,0.245533593844407,0.306482134664422,0.463467327868972,0.999998848753891,0.271362763073199,0.400435113321575,0.238752354448259,0.239959468689941,0.354300845278945,0.310990300930522,0.295089597643812,0.172276723131677,0.175812590386371,0.245939238416443,0.195033834914739,0.129755644053125,0.189430091667506,0.15862941479298,0.222756055180748,0.130931941541453,0.141497157187658,0.117736395135607,0.151110240715934,0.159959343918104,0.13343712351859,0.0684464626591392,0.120529444051483,0.0954626125243545,0.0706928275471514,0.0812152790009141,0.0512559955646393,0.0661297443371837,0.17918755739302,0.159094096877122,0.167377667293291,0.101880041832748,0.0650415994339251,-0.00697314673771602,-0.0270005712949784,0.120191387606542,0.0748001217069473,0.0491571065101058,0.000580269876884532,0.0564903907570641,0.0689390353517339,0.114675785320768,0.0612384181649945,0.0767221781558362,0.0156855384810831,-0.0136585426327913,0.0158611227702707,0.0447830416150979,0.070519768504002,0.115248405735294,0.08299496239588,0.135971606734423,0.0245221634561633,0.0912757584729687,0.0335889982876679,0.0592001191090946,0.0314145248249516,0.0337557817720546,0.0585532784682398,0.0242081954424743,0.0673893123054675,0.0393435951371511,0.0999763041463692,0.0300070350119655,0.0636568599858975,0.0155688669208979,0.115334477533467,0.187327622728499,0.0884899494430054,0.126624471098346,0.0470099931207539,0.0988878299680465,0.0587144185211316,0.1066029412276,0.0851932283282093,0.103679532344116,0.137046724012583,0.113903526840671,0.115993817335306,0.126723465866951,0.16228691740199,0.151850229330175,0.160827741548745,0.174607660326421,0.0898588197263912,0.0746965720985862,0.0716108326122258
"8",-0.0263488317762161,-0.025982694994451,0.00790159024759372,0.180615363779604,0.195077932443322,0.548599637148192,0.271362763073199,0.999998848753891,0.429608167433566,0.231929676115452,0.376104350989668,0.37049204859064,0.198489340889451,0.173986996715787,0.282775046608141,0.154579565418539,0.0955121196954236,0.125178934260165,0.151294327205764,0.173668659905296,0.131520999592903,0.254639607719647,0.0866486839652282,0.0153944805569718,0.0409658652704077,0.0339389973947158,0.0561975196341689,-0.0205000114547178,0.0216648253422143,-0.00115073507818168,-0.0182505432042452,0.0509163498213338,-0.0405622664587443,-0.0780662183732107,-0.0638015028595751,-0.0869983211017947,-0.06798148746551,-0.0790985372603569,-0.0167493286154048,0.00608159266209302,-0.0425190951790006,-0.0337462131614639,-0.0744473311448188,-0.120674890490468,-0.0493952275971777,0.00462337243081202,0.203767790086306,0.150387679906482,-0.0338289703616383,-0.0199412619954688,0.0112568127932174,0.220822461114646,0.199208447896997,0.117024191697362,0.0263911353192647,-0.144566425429313,-0.00475733764106701,0.0101274633518414,-0.10302794951144,-0.00532907091260438,0.00782301161691232,-0.0530159184964677,-0.0185978226047498,-0.075738163131574,-0.0726232812256752,-0.063885996569403,0.119493388545624,-0.0615452739612835,-0.0762485029649248,-0.0885428013466214,-0.087809018411148,-0.102811142137251,-0.107946993966476,0.0351973798427039,-0.104295076523428,-0.0820176460783645,-0.124876704090243,-0.128055616897966,0.00222449401666553,-0.0552817747353327,-0.0332647492350355,-0.0848864629091132,-0.0907625582851367,-0.0822038099985173,-0.133977989922914,-0.103250118809343,-0.132326620984678,-0.157144159852108,-0.141606681104957,-0.0993786134753342,-0.108672809837119,-0.0153637451627528,0.012325039593518,0.0147797974353098
"9",0.106249390461981,0.130385228230255,0.171985393797527,0.292751425135689,0.328774417473322,0.660081682338841,0.400435113321575,0.429608167433566,0.999998848753891,0.26154847057246,0.261050310789344,0.331659447791615,0.287221458649584,0.211586468052757,0.160165742394747,0.170192768242412,0.241820543460124,0.204646066790332,0.172714345711965,0.254871378386365,0.152307297501095,0.304875937690331,0.160020027048642,0.0677879644555717,0.0819971419582002,0.0797289512368164,0.0788693568069593,0.0696295205102006,0.0373379117887015,0.00935065657731107,0.0682997148329231,-0.012035500028849,0.0192665139492423,-0.0567133395684868,0.0139998066159185,0.0127600866737348,-0.00583784720905464,0.00985356146080424,-0.0332739743888082,-0.0406678358884026,-0.0281779101501532,0.00151880338816048,-0.0321891822520939,-0.0143905607222314,0.0641144073372616,0.00479144830255031,0.0031321371168111,-0.00885533412298615,0.0262815651126911,-0.0325465109823426,0.00939371772817384,-0.00942983557261574,-0.0662941465654127,-0.0275056932978002,-0.0245878810868049,-0.100939435502904,0.0211164304679853,-0.0219738741337049,0.00403273521988831,-0.0154676716639918,-0.00607181519790149,-0.0290231699169823,-0.0113751749592692,-0.054217319901538,-0.0130594981717394,-0.049132369051082,0.00462861674694246,0.0273930131483004,-0.0103075354672353,-0.00715658974211018,-0.0239292107255977,-0.00684579395978043,-0.0350081387947377,-0.0228220456679311,0.0281544062290201,-4.973644140696e-05,0.0236381125044114,-0.0319437780069745,0.00125431116581516,-0.000388598509570039,0.00346653789840562,0.00257884418338508,0.0211249254709344,0.0598331008913662,0.0509720377859755,0.042461664219929,0.047506884689246,0.0244297122678808,0.0289359696414263,0.0332422412970338,0.0318056181021108,0.0253165548308912,0.0266544370638713,0.0284234166162168
"10",0.0964767136803351,0.0955397910610457,0.109333999175442,0.179453039436405,0.178551303728976,0.327012158585779,0.238752354448259,0.231929676115452,0.26154847057246,0.999998848753891,0.426769417161745,0.229024045624227,0.265453517585511,0.160071892931493,0.224265927989715,0.152837955100935,0.138607239434834,0.14817014288161,0.147785143295399,0.223988013384281,0.171683387686216,0.213692285085644,0.160157204983387,0.131696664634217,0.0982736309796158,0.113984420757877,0.104748612207546,0.0887912112471969,0.0805777468315249,0.0772888864454947,0.0598579827113623,0.0358416296797536,0.0342479136880434,0.0266739787411684,0.0394457320226336,0.0795591920432228,0.0964638941658064,0.0898887949614822,0.0508614477318437,0.0276001191777969,0.080255110045392,-0.0178280238517241,0.0919075915582059,0.0452320031366148,0.00804304397470105,0.0389116844729497,0.145407574187568,0.144230371202599,0.045019563129669,0.0465138014663462,0.0314746016886017,0.237798349929917,0.107445712824447,0.0090329399946253,0.0511385708039984,0.0503331601212502,0.0884814509138284,0.0719335563379793,0.0543680697427835,0.062940374653792,0.136367308974812,0.0611068367740181,0.0930188806650544,0.0430879480720914,0.044589812900901,0.0581394360253164,0.0534738777193202,0.0376621242021627,0.0774777718014396,0.0919826523430374,0.0395026590270304,0.0137841032579987,0.0247101396370488,0.0690980655232864,0.0232468229656459,0.0588537365040881,0.0867637386006402,0.028088580626354,0.115598767319267,0.0598451773827972,0.11373543947401,0.0594473437368416,0.0728819970080181,0.095668531124967,0.0901277515978094,0.117200969795488,0.121113677027428,0.137284183952512,0.110691664586336,0.138166915473041,0.128485968032247,0.0763270441180045,0.0740235688293893,0.074768631153649
"11",0.046418534895364,0.052519905141906,0.0663220476043822,0.149201957581765,0.145633136078783,0.293732222701571,0.239959468689941,0.376104350989668,0.261050310789344,0.426769417161745,0.999998848753891,0.334478590863173,0.177024749855652,0.1988514215493,0.218642910180529,0.113374260660932,0.215832001612761,0.153531650535163,0.17130544267077,0.177343920155271,0.093570836705729,0.196098972258629,0.173686332914987,0.0349808117679671,0.114940350652169,0.0927357054020519,0.000872417101029789,0.0260395861929656,0.0115926881938578,0.0135288327922543,-0.0426322510419005,0.0173346519369958,0.0829451099372789,-0.0685438226598495,0.00947380462835223,-0.0319338498516299,-0.0213581368885131,-0.0540220609155826,-0.00925691368272746,-0.0264896750614737,-0.034440202910943,0.00262958742143968,-0.0612110325017736,0.0486208477891192,0.0979229166226252,0.0278404909190421,0.648743715046313,0.165615339382608,-0.0180173366358061,0.00347608907264039,-0.0082170814180406,0.652540845817184,0.14022030186908,0.0537638080955964,0.0137419327244048,-0.0958424309876359,0.0182614950191097,0.0434776049511058,-0.0519895360973268,0.0651249952201672,0.157017345452231,-0.00525781981021554,0.0126465934926393,-0.0546018020043459,-0.00681473883272597,-0.00195775813665184,-0.00325200855805387,-0.0354837807051999,-0.0429869379037484,-0.0390493081991971,-0.0197690740635521,0.0179661782073069,0.0369471883642063,0.0116932311883291,0.00186210749506785,-0.00687210216307707,-0.0103201087682462,-0.0650082704252784,0.0547057268823155,-0.0137274874653079,0.0566846151504009,-0.010460711403199,-0.0319130848526087,0.00419297545230629,-0.00338323957340718,0.0149426746842119,0.0314488048243659,0.0420973572684742,0.0285710748817904,0.0504613153154635,0.0627750812839105,0.0415494731747727,0.0421982542190262,0.0421167214245555
"12",-0.011596387341644,0.00538998756023446,0.00896036453277143,0.0889884709425789,0.164979740459092,0.359747058179977,0.354300845278945,0.37049204859064,0.331659447791615,0.229024045624227,0.334478590863173,0.999998848753891,0.23597511546036,0.256164180167602,0.161765738818029,0.113610400560038,0.103131044998547,0.125519292894929,0.116991619911424,0.197823766471926,0.125282619204844,0.247512853097038,0.102400459244759,0.0604204749397343,0.0657602440192613,0.0415398066931733,0.0419800468913806,0.0298332589264545,0.0339344613672118,-0.00551915072508077,-0.0411704784696885,0.0986085510090132,-0.000746528892800834,-0.0501155707440178,-0.0247016190123797,-0.0244435426068618,-0.0450600081585637,-0.0755430464391528,0.0269736976536508,0.0399390034116354,-0.0458012610700693,0.0193457486253937,-0.0693907485610055,-0.0785765799388581,-0.0384761951817533,0.0118229188103547,0.0946409496236567,0.107251306947256,-0.0353049967366783,-0.0106705966267026,-0.0364887527666331,0.131136880898274,0.0236182546142919,0.00119771354245827,-0.0219315821642606,-0.112645488027933,0.0572157138422999,-0.0075918451149836,0.0248267354934392,-0.00975900840583466,0.0329597450450913,-0.0257254775207068,-0.0292403314981493,-0.0659888384811859,0.0475443379780046,-0.0522306204145618,0.0520170453113072,-0.0206230644616041,-0.0535620993468992,-0.0556917407754493,-0.0577545274421518,-0.0574836092610415,-0.0812441291644609,-0.0470716519622953,-0.0634296867651439,-0.0698548746368189,-0.0612884258981509,-0.11215133038291,-0.0151561717403977,-0.0539711971893116,-0.031214815449063,-0.0507729063195048,-0.0339852124978872,0.00269756649748589,0.0105002816696969,0.0214038755845819,0.0164130316084921,0.02048802247353,0.0255600678933705,0.0321889294856006,0.0454941913671334,0.0330658343442517,0.0215438182959662,0.0214849941506547
"13",0.306385788870122,0.343655988928999,0.231322386323187,0.334679088707128,0.302926800048928,0.424915929856199,0.310990300930522,0.198489340889451,0.287221458649584,0.265453517585511,0.177024749855652,0.23597511546036,0.999998848753891,0.275788436269429,0.226886105463387,0.207253486112158,0.388963770424153,0.255697215090958,0.259209361140445,0.280958826794521,0.265418664842207,0.287334086672066,0.166499401273493,0.26466315514728,0.143412584340108,0.241907998554861,0.157131346999897,0.283255767295883,0.202655244788308,0.263618761118787,0.0721857982449161,0.0493513758653747,0.066011813488214,0.0778306549008694,0.0637408790014899,0.281290027476423,0.344635759134248,0.326384616218574,0.150974854377969,0.0538611498927526,0.0440206136042342,-0.0227121083506556,0.250424832162657,0.0763735385731801,0.136092340905344,0.0382427064814046,-0.0455310643367476,-0.00324594595297233,0.174088164147472,0.105063348479615,0.0799763900202758,-0.0580512951670235,-0.0295324077170286,0.01297269078125,0.153256844937607,0.221011555668898,0.0517190748567539,0.136176118686456,-0.0297860212678249,0.0205351105060029,-0.000680393155468931,0.0430674482694042,0.110564075577871,0.105705149905688,0.0105271320791924,0.117068913535156,0.00121096072046299,0.075232763399951,0.0797159839847555,0.158698681185733,0.0644867079987423,0.081248724911538,0.067960654225082,0.185426153664025,0.186453375754277,0.171920560804673,0.18533445703471,0.201708748312685,0.142270446948222,0.1338996325614,0.155948830790343,0.156781771738079,0.149930585945309,0.153081213743011,0.0751181472709671,0.0732582117919634,0.090642666531786,0.100269309765459,0.105530415815115,0.0891951592270342,0.0920091087497888,0.075532118297378,0.0565796620260288,0.0542506044516476
"14",0.208880813028365,0.238042859950107,0.168295961085483,0.157720393847473,0.273471930529587,0.270031253750069,0.295089597643812,0.173986996715787,0.211586468052757,0.160071892931493,0.1988514215493,0.256164180167602,0.275788436269429,0.999998848753891,0.218389799884887,0.206664172080869,0.27767174259355,0.283258206192198,0.189947426649698,0.193193251694221,0.174557114573553,0.211733191554982,0.19549074554169,0.143931741924429,0.208377421708405,0.141323861377157,0.11375866033583,0.148430290865964,0.0606746176539128,0.15401057854126,0.0815429357787621,0.0658221039779548,0.15073338061259,0.00915495207208409,0.0364901002678923,0.161440181627643,0.124835643659304,0.115129813218178,0.137797259840266,0.0674712920403129,0.0360435925320273,-0.00354096199349672,0.0175306432019832,0.0894514905500032,0.119042247355506,0.0260055734292441,0.0598889605321898,0.0681160927865564,0.0526034697481921,0.0396203756394441,0.0830163528473793,0.0270148615948161,0.0185971446674522,0.0279382198672702,0.0377976786919396,0.0635291044906006,0.0497839978147043,0.0635196190376263,0.02966189076163,0.0231047771440794,0.0855475613340705,0.0797480630257004,0.158467224393933,0.0114732980426566,0.0349979294643976,0.0505109784298511,0.0236095358862695,0.0462237820556188,0.0412193571399774,0.17509924218088,0.0440986681103355,0.121544575206312,0.0668169406190819,0.150812858631305,0.258450701529738,0.12291839030004,0.101599707067486,0.0893108097331152,0.0864776867259336,0.0941796589265858,0.108977203622801,0.0930919244635914,0.0754419221697383,0.0929446438064536,0.0590849875226528,0.0546772325150146,0.0594252328809486,0.065853517651085,0.0625457980309262,0.0857773076389105,0.0919250720736431,0.0615153657774857,0.0600450626670994,0.058236213860015
"15",0.137601706965077,0.130232124636131,0.137303890980154,0.16463092560329,0.193660682707043,0.244278975799661,0.172276723131677,0.282775046608141,0.160165742394747,0.224265927989715,0.218642910180529,0.161765738818029,0.226886105463387,0.218389799884887,0.999998848753891,0.214978554458829,0.225864710210833,0.223893043620606,0.224532391000368,0.170180541720098,0.167321085173875,0.20984079076197,0.149552003816147,0.111494271803185,0.14308589889557,0.129481649124308,0.106819516367817,0.137418873879561,0.038776636851735,0.0910266768295473,0.0443568032999635,0.040895986753532,0.084407782726285,0.088520768682096,0.0259860684546221,0.118270764619084,0.118259029851519,0.140021963565833,0.0979939845721037,0.0811469362679707,-0.00121507109624211,0.0325456579909917,0.0702410666076904,0.0537428770396519,0.0870027836225429,0.0344689833237185,0.186309748729023,0.0841910378406089,0.0415504733959772,0.0552928746900588,0.0965361261577459,0.182916510460051,0.204480324826323,0.0630371988406571,0.0584672231875427,0.0603199137443163,0.0554139834940826,0.146212735574086,-0.0016957952234585,0.0457800521689136,0.0582345874839422,0.0744243813460945,0.138102186038679,-0.01322268208663,0.00687805022573173,0.0541500530429704,0.0809754726278952,0.045754813898626,0.0473169260240315,0.0790054799870262,0.0401456801092399,0.0401234625232214,0.0486970112209088,0.114801499302292,0.102257830789129,0.0831646434715607,0.0568364065068358,0.0579762978388311,0.0993843572222168,0.0820167637011664,0.112289349447107,0.0590976845000944,0.0531298122629161,0.0529225653129171,0.0100077954752675,-0.00941744523640499,-0.000476294369223304,-0.0144298121616013,-0.00965484392612999,0.0191718973124755,0.0158763727334071,0.0620382451914955,0.0938949582339499,0.0969317925638378
"16",0.149375376097197,0.182391986528925,0.208073241074194,0.197267908961272,0.173229299651688,0.274605813082167,0.175812590386371,0.154579565418539,0.170192768242412,0.152837955100935,0.113374260660932,0.113610400560038,0.207253486112158,0.206664172080869,0.214978554458829,0.999998848753891,0.272341668010915,0.256844474754649,0.222505599562137,0.263459823322875,0.176182451734376,0.276279759013877,0.128397063132505,0.140410419089425,0.105694483457436,0.111872683462969,0.130451113913148,0.146548436628285,0.0316801091027701,0.0815234948569729,0.0887651509372922,0.0392431496872871,0.0382108575980873,0.0484496996232947,0.0348062898489027,0.100755400318948,0.110058649873188,0.156200438715299,0.0146087512639628,0.0259766144873545,0.0166035519388582,-0.0477717054390946,0.0755795200349954,-0.0103387508638712,0.0924887746257034,0.00828072407915851,0.00737702323087945,0.00615492782250446,0.0837339364243364,0.0344487202511187,0.0970485807791868,-0.0357986914026295,0.00580653745382509,0.0456556257207425,-0.00677919207785117,0.00621647198188688,0.0421689847035074,0.0288786215992193,0.00687518811157367,-0.00620929388971987,-0.016023124499656,0.00500673947442445,0.0623428578217992,-0.066768014670132,-0.073415509784772,-0.00557340366908253,-0.0364475353967032,0.030752849695568,0.0254867805718454,0.0480121257993531,-0.00703284645171625,0.0289904364663353,-0.00886723338030122,0.0602003401175212,0.116692941890107,0.0901171118906127,0.0844693137965354,0.0639056033543926,0.0779541093792274,0.0850275066048626,0.104797672197876,0.093624868782869,0.0671628252034853,0.0658621055573683,0.0759529958880579,0.0387920972563915,0.0722656571688013,0.0705983209800605,0.0630488307653363,0.0584796004283286,0.0694599504398931,0.0552264335683622,0.0567608663319922,0.0600677418177706
"17",0.403551816333867,0.432206071272904,0.332844520928665,0.417042429640749,0.261775878774192,0.293080388332549,0.245939238416443,0.0955121196954236,0.241820543460124,0.138607239434834,0.215832001612761,0.103131044998547,0.388963770424153,0.27767174259355,0.225864710210833,0.272341668010915,0.999998848753891,0.397823599368032,0.319960261801528,0.262320752832689,0.125856451653536,0.300987357836584,0.282431299010014,0.259235160512979,0.260079933563743,0.203976436739781,0.107356899697527,0.310744502751814,0.0852499111695567,0.177970705607471,0.0095121326599272,-0.0192172413311118,0.178695693079274,0.11281723904241,0.0906459795116118,0.282113325875122,0.358086444147518,0.224500207384604,0.0823578298275289,-0.0151942574537701,-0.0509947971426013,-0.0134517677450297,0.0923677453609553,0.183360152209464,0.460710889308881,0.028304337691111,0.122062900307563,-0.017867701159928,0.135551787296216,0.0278614149532263,0.100775828445843,0.107821569341789,-0.0261534356518879,-0.021442656520397,0.095879798869289,0.0772282626393936,0.0362583244259369,0.171532633128761,-0.0926924112181838,-0.0264833443685642,-0.0398634621410391,-0.00532826959254587,0.0982238193826956,-0.0630116217103337,-0.0590277257683269,0.0184200629866767,-0.122453755915255,0.00649417615312861,-0.000264693915596596,0.109839519193056,0.0479010025784722,0.15883563443338,0.137342004209654,0.170491849648847,0.347193453269215,0.223564409924488,0.193971722183723,0.187068472200135,0.142388285439669,0.144013197444336,0.180584037928452,0.136738876962788,0.12811040397314,0.123627967896621,0.0545041340842502,-0.000166534761841105,0.0474466269744504,0.0574674987083071,0.0763232087551307,0.0827377417168824,0.0962912986477996,0.053922622075186,0.0478927270979825,0.0457778135770624
"18",0.344373992162678,0.349049651187984,0.345684538355321,0.218270080798604,0.306474090976793,0.268785143935334,0.195033834914739,0.125178934260165,0.204646066790332,0.14817014288161,0.153531650535163,0.125519292894929,0.255697215090958,0.283258206192198,0.223893043620606,0.256844474754649,0.397823599368032,0.999998848753892,0.30117503007453,0.247811491722694,0.193167625062151,0.275206824086491,0.302791884097654,0.104451108920549,0.282382928223165,0.182154821450456,0.133860763109646,0.2239361040265,0.0512684912018846,0.121844101749788,0.0673722483730182,0.0335723212304922,0.218416363573255,0.0360941485017772,0.045190598182605,0.217530341360187,0.187066574294435,0.107128441938177,0.0942988264007648,0.0287049370467114,0.0126284947429629,-0.0234779618591599,-0.018748148037505,0.124677141673177,0.265394316898536,0.0479890896039111,0.10036282928923,0.00907921174108825,0.0369792703839172,-0.0250472667428011,0.128575901688578,0.0420581154125467,0.0314936615918278,0.0128244697699621,0.0245542639941762,-0.018497006547819,0.0375588723963587,0.123694377532109,-0.0220599098133085,0.0838255798737457,-0.00293400524499091,0.107819261604827,0.180882917013595,-0.0538966230153898,-0.0349211310609815,0.0389664890068783,-0.0180640719496571,0.0592525677163187,0.0498488712164405,0.109535135575743,0.0686492488416944,0.197120929120579,0.164959037353707,0.10902853487116,0.310328855560399,0.149531538165236,0.157454852648181,0.128261145379644,0.131867886552405,0.11806746170837,0.139877597487247,0.11359643344478,0.0855582617355987,0.0890326349344867,0.0357784830768285,-0.00315447519769491,0.0205329448677888,0.0119420933934685,0.0126278498786355,0.0723102863889874,0.0666714292536389,0.0462344396485409,0.0810174454012835,0.0802015204199179
"19",0.253914238169033,0.282446973303028,0.252723433659141,0.220028203885247,0.220600997109235,0.24693503193766,0.129755644053125,0.151294327205764,0.172714345711965,0.147785143295399,0.17130544267077,0.116991619911424,0.259209361140445,0.189947426649698,0.224532391000368,0.222505599562137,0.319960261801528,0.30117503007453,0.999998848753891,0.301156285750858,0.238874659054966,0.326118438085322,0.253108727805322,0.20237401879137,0.14709365478899,0.169131809159222,0.0681884218833827,0.194855575619305,0.105652172896234,0.133981951525171,-0.00463928767934581,0.00993897789882007,0.139402286159245,0.137205961567286,0.0863854161420781,0.216968417977507,0.193891297139023,0.142016204710312,0.0500725222006462,0.0232732929241842,0.0353897662736188,-0.0240062378534624,0.15880564003435,0.144398275144521,0.138072206639298,0.0345660732996893,0.0541824764791041,0.000286017551244957,0.0513723697592309,0.025164965893476,0.103776159334169,0.0980595719520774,-0.0193000283705642,-0.0399835134786828,0.0667847147063005,0.0576909420981343,0.0288876730384167,0.0838247856355405,-0.0680570486759845,0.0684377321555701,-0.00213467243580258,0.0267476739614679,0.0763066279906292,-0.00637586171335636,-0.0121375430183213,0.16049343648153,-0.0235159106992021,0.0606227658911227,0.0508361935156164,0.013375354842537,0.0638795011419278,0.161692245431905,0.191492282116323,0.0550226950386925,0.201796031334733,0.092299138914932,0.0890586117601924,0.0535284646552105,0.0645287309087932,0.0321425230769174,0.0880739740954264,0.0102835508203991,-0.00546132054304711,0.00076798526835926,-0.0263969391194483,-0.0716101875435501,-0.0257953186482714,-0.0455299298863297,-0.0272170774500399,0.0371750144787141,0.0113270787130344,0.0436908074049766,0.0592022206004924,0.0609028747074368
"20",0.108672652107796,0.129683266592209,0.163809304606844,0.236817916944127,0.193381392016782,0.333483425728901,0.189430091667506,0.173668659905296,0.254871378386365,0.223988013384281,0.177343920155271,0.197823766471926,0.280958826794521,0.193193251694221,0.170180541720098,0.263459823322875,0.262320752832689,0.247811491722694,0.301156285750858,0.999998848753891,0.425281746070633,0.657964113706347,0.269990037830873,0.279201316156474,0.129077296327714,0.160406844886916,0.0827526816700358,0.171904628781384,0.131792173886282,0.0501013235820061,0.0746644047796914,0.0291494006765332,0.0196010635344486,-0.0103810413461551,0.0151340501202049,0.0563539733688161,0.0947377073544138,0.121579472495028,0.0185264318315783,0.0271099605520015,0.0127743077463258,-0.0138069378432163,0.0838183806164029,-0.0580478365296351,0.0503324314932714,-0.0108978674977247,-0.0125639852871853,-0.0266914776527474,0.0211108392093184,-0.0413413931568743,-0.00251988257203975,-0.00345026874113359,-0.056597397112807,-0.0024751325902895,0.000282683751021471,-0.034957564088896,0.00265502217663289,-0.0262275046376791,-0.0511343391248947,0.0281415117596137,0.000880232050248226,0.00244420155137029,-0.00903004614910153,-0.0496244443306623,0.00091287295133316,-0.0430203450186695,-0.0473361012440735,-0.00324723020593499,0.00102303657088411,-0.0305114631727967,-0.0341973106464478,-0.0333010120652404,-0.0263497629757955,-0.0364370210929134,-0.0102695512055895,0.0239250971480837,0.0026682507517809,-0.0145220533700114,0.00866349607813494,-0.0204640945065578,0.0196097056256996,0.00157545379331983,0.0173233632467456,0.00797944675553751,0.0398808583291599,0.010572538642079,0.0338102794680529,0.0386655477772835,0.0508010226589324,0.0472471959723248,0.0614403975546935,0.0437262027446202,0.026631875226335,0.0255193859684147
"21",0.124933233225812,0.124952742583548,0.133367592814532,0.156884057270487,0.155513987388979,0.222865024148784,0.15862941479298,0.131520999592903,0.152307297501095,0.171683387686216,0.093570836705729,0.125282619204844,0.265418664842207,0.174557114573553,0.167321085173875,0.176182451734376,0.125856451653536,0.193167625062151,0.238874659054966,0.425281746070633,0.999998848753891,0.393219167234963,0.215642238440454,0.210010634254558,0.0947890090281154,0.194075932635146,0.151516427968456,0.235524590124256,0.129378085490078,0.114952420567773,0.0818979498869021,0.0628185643110887,0.0382304441701571,0.10119056873505,0.103164992556467,0.187925599389819,0.20121334198596,0.237183452054795,0.115634140262029,0.112312457759339,0.123932970530607,-0.0278485621877697,0.2952061037121,0.0178671029231654,-0.022980983890386,-0.000129655431882255,-0.0238141924802237,0.0222261836311821,0.0339697607817755,0.0263242685078687,0.0517374643146591,-0.0339206599093049,0.0396054267768603,0.0204841807917895,0.0424226967631369,0.11697556178128,0.047801459016035,0.0582656198225628,0.0795761880624037,0.0909174960721248,0.0775244343983394,0.115772348586535,0.121602008822249,0.0867905397145764,0.0550622732291668,0.0890892725531657,0.133719969426712,0.140347585457,0.129899562079117,0.0885775448529109,0.107432838033505,0.0420805957773516,0.0680836187720996,0.120524118081369,0.0631165485906657,0.103144713866639,0.116352094499376,0.0948324143884416,0.122652320280909,0.0913188654109684,0.15841082677042,0.116827231941273,0.104351783524476,0.103991539746842,0.0802117341031309,0.0648680763972115,0.0667161829758044,0.0567197245908891,0.0630195994139808,0.0632587639899002,0.0548376945910774,0.0586964668173096,0.0627133520500563,0.0633758186251942
"22",0.0820900221511017,0.101271271442426,0.112488829984199,0.198002780715031,0.190969611426665,0.417008015305625,0.222756055180748,0.254639607719647,0.304875937690331,0.213692285085644,0.196098972258629,0.247512853097038,0.287334086672066,0.211733191554982,0.20984079076197,0.276279759013877,0.300987357836584,0.275206824086491,0.326118438085322,0.657964113706347,0.393219167234963,0.999998848753891,0.352398833129694,0.385668983094867,0.20176729748671,0.174286701802366,0.163766429693309,0.225939319924753,0.171168483780158,0.105829483267557,0.094697367754887,0.0172802414602572,0.0100830256321801,0.108927771143533,0.00892637526530322,0.0576470751943048,0.0591433455186663,0.0796048321530325,0.0106357131908349,0.00373592252777432,0.0305198996844351,-0.0118168457443246,0.0751915942403987,-0.021574158800528,0.031528419571838,-0.0102097807150718,-0.0032870924121568,-0.0224274537096069,0.0207229780381265,-0.0188999436725864,0.0411681615360906,-0.00220409545377574,0.00789161621008382,-0.0225980869672374,0.00560280615365941,-0.0255074796072833,-0.00146017439151624,0.0316106235479411,-0.0315707309531832,-0.0315444732392643,-0.0363818195097708,0.0131300102951799,0.0204320599819382,-0.0112439566003236,-0.0141347156347735,-0.0220201316590941,-0.000615301549345151,0.00882712970664135,0.026043057674465,0.025486369946582,-0.00923392263584295,-0.0116844714976872,-0.0362912631790499,-0.00250881824380967,0.0496653999650454,0.0272233575745727,0.0209265788950006,0.00519917282546088,0.0141449202923534,-0.00164183843796737,0.0205504115006744,0.0440836539292545,0.0274027948780023,0.0367682597121671,0.0346682846467152,0.0100175418748852,0.0163548746375102,0.00806179613003296,0.0236503417744759,0.0149521451632035,0.0223979572392948,0.0171646173310982,0.0104081110990314,0.0100318178711172
