"","1","2","3","4","5","6","7","8","9","10","11","12","13","14","15","16","17","18","19","20","21","22","23","24","25","26","27","28","29","30","31","32","33","34","35","36","37","38","39","40","41","42","43","44","45","46","47","48","49","50","51","52","53","54","55","56","57","58","59","60","61","62","63","64","65","66","67","68","69","70","71","72","73","74","75","76","77","78","79","80","81","82","83","84","85","86","87","88","89","90","91","92","93","94","95","96","97","98","99","100","101","102","103","104","105","106","107","108","109","110","111","112","113","114","115","116","117","118","119","120","121","122","123","124","125","126","127","128","129","130","131","132","133","134","135","136","137","138","139","140","141","142","143","144","145","146","147","148","149","150","151","152","153","154","155","156"
"1",0.999999597897648,0.195305120328036,0.0964214632155312,0.123377346980085,0.0827317573957804,0.053627514215735,0.0688287025385574,0.0365258449710532,0.0359139269304766,0.0515645332822296,0.000830879956764393,0.0166444245014956,0.0232963592156048,0.0394428271834314,0.0197858559886421,-0.0105598301403755,0.0021192123500825,0.0220107838629808,0.097599548475714,0.00171038700469405,-0.00147666281925785,-0.0216457443452316,0.0930406384919762,0.0299721918722421,-0.000790135116073771,0.0173383846715157,0.103198196208734,0.057120225643942,0.00663237955347827,0.0830881419621895,0.0141721195282155,0.0197759336352729,0.00996628853986382,-0.00792119385603509,0.0279251760148084,0.0153892634779094,0.031178192207409,0.0236198432646659,0.0440980484380941,0.00178724126804176,0.033865859046623,0.016077731607282,-0.00725108419825075,0.0125884163399469,0.0123522576561616,0.0275463448037322,0.00335963361882528,-0.00436590466954749,0.0131435175456468,0.0212385296702899,0.0378493628745331,-0.018196978009065,0.0449114007200457,0.00336147134510102,0.0183917455618096,0.0472333700474066,0.0282096011539737,0.0336791226535356,-0.00633041694603306,0.0134026572178452,-0.00951579938151469,0.0463181112871224,0.0167637564977187,0.0407784004635049,0.00781891994368345,0.000910923485573676,0.0164731012420945,0.00339214007687854,0.00521963865633542,0.0479010478412818,0.0428220565331843,0.0838282115253483,0.0318941804122874,0.0109137649472168,0.0289488494926643,0.0147198033899094,0.0409122151707067,0.0819064783409083,0.0238566540496393,0.0181615358303002,0.0260729036206852,0.00557522647875717,0.0140547436069978,-0.0128194926231937,0.0116237489268696,-0.00753432573074559,0.0175188594986297,-0.0379383019063639,0.0300706748267741,0.02043453902296,-0.00982916846013388,0.0224885676596248,0.0526446576686559,0.0220509088542922,0.0371173108228614,0.0114940491969494,0.0186595458679274,0.0446456301439719,0.0185795934036678,-0.000428301871274133,-0.0149192348056641,-0.0141560561315987,0.0216774997217479,0.0143333440709899,0.0173978647594309,-0.00596728094461663,0.00377295592788235,-0.0154465935260942,-0.0189207899642057,-0.00569841854747117,-0.0197312722069635,-0.00773524220816346,-0.032933646729174,-0.0327281136098563,-0.045951276245161,-0.0297857235701301,-0.0729225629623665,-0.0379019245837022,-0.0494902836477932,-0.0502421692306654,-0.0245194096771678,-0.042582711956819,-0.032689466650806,-0.0108817387105141,-0.0378789705277,-0.00887774371263818,-0.0369794809895658,-0.00762656440174224,0.00212316337416316,-0.0295335580950931,-0.0236658856022673,-0.0156136986602251,-0.0344920804765681,-0.0280710840639744,-0.0229942413826637,-0.0127624205653378,-0.0248809659924564,-0.0248588778223123,-0.0155305232734154,-0.0448306396087594,-0.0404936924556507,-0.0191714763622757,-0.0134504357878005,-0.0274069250434551,-0.0240901077972962,-0.0265792797056859,-0.0152444194873017,-0.0127837713910184,-0.0195698995186792,-0.00832191714914661,-0.0149004974875962,-0.00250103984208459,-0.00163530865920812,0.0289467023098619,0.0105074225341304,0.0121255238096487
"2",0.195305120328036,0.999999597897648,0.349217669316623,0.324169643732442,0.304613922437001,0.247697145919328,0.209128759481015,0.10715962138552,0.0833456916815128,0.19536347654762,0.122359218028378,0.0573917970590623,0.0909641813134033,0.0807537118369311,0.0834134117748165,0.0715699678691031,0.104371998459403,0.128847816842758,0.0667312098826697,0.0554068540497268,0.00112525351490209,-0.0510862322061766,0.0420626911726511,-0.00899140981756156,0.00136499017931455,0.0170023625251862,0.0457098681933628,0.144527304394231,0.0679221947443261,0.062635924857519,-0.0266745778481244,-0.0430840734857366,-0.0659503191511624,-0.0129009952893547,-0.00233499021738514,0.0140585447786573,0.00741334890888875,0.0339694943071725,0.0670450068219912,0.109350752072761,0.0669068492178002,0.0781949865623957,0.0397042692718178,0.0710964295508585,0.026939735099971,0.020429539971762,0.0541399884647633,0.102163980836442,0.0223932188811991,0.0440620033928824,0.0420613908693814,0.0242338845494686,0.0620543430579969,0.0783500579466131,0.0919200750493932,0.0681280198696682,0.0390511619204192,0.00270965374872391,-0.00362569471435969,0.0308313273755731,-0.0092348642518391,0.00103525526649626,0.0607041788715956,0.0661254090719084,0.0642768029306802,0.0262595674787613,0.123261486208094,0.0314001017072072,0.0535633585215555,0.0299854327303578,0.00397074834251422,0.0754668421453294,0.0232437184721432,0.0349673903035369,0.112287475805932,0.0132913660207214,0.158108391793159,-0.0292725834994207,-0.00891796899555605,0.0986924127227896,0.0928490585674003,0.0507014200727014,0.0509183487468954,-0.0204748381766534,-0.0014636752272601,0.010766151935601,0.0810184046009632,0.0213574974721051,0.123694471920376,0.00707105888777807,0.0658636439061829,0.0739157083102135,0.0789288527871315,0.0874875770351281,0.138324001572514,0.0314773321978319,0.011646164466343,0.0525987403262353,0.0973951503918372,0.0482075600923422,0.00672724256968116,0.0089312463850949,0.0925747002819611,0.0558679771862681,0.0510846937730485,0.00611613216412074,0.0160747259369482,-0.0330271926822268,-0.0581413720077221,-0.0629967321956522,-0.0717914031755082,-0.0350201996641519,-0.0322282701677512,-0.00632641685213446,-0.0544691420522715,0.0114052000568591,-0.0940451298112859,-0.0362418394801403,-0.0384166421254483,-0.0420787345509767,-0.00886016664616963,-0.0179136500390278,-0.0573341993063472,0.00928345201882857,-0.0568144418316119,-0.00974108385987111,-0.0510228045386829,-0.00471375813462847,-0.043732000591589,-0.0479198876537385,-0.0396535102738426,-0.0719126682947391,-0.0261988298720176,-0.0418985019641476,-0.021930950873582,-0.0455193935452624,-0.047934999934773,-0.0161167628268753,-0.0253014053707523,-0.0605781827897246,-0.0459260550307133,0.00478257020723467,-0.00901853099515592,-0.044492567669358,-0.0217608450066704,-0.0156056735744288,-0.0299695711817598,-0.00271795771646205,0.0115292464390255,0.00583572980347063,0.0312829155440549,-0.0298815860911518,-0.0258106644705379,0.00455181245208899,-0.0165116867024054,-0.0118326119800949
"3",0.0964214632155312,0.349217669316623,0.999999597897648,0.529076754364784,0.424489549809526,0.389984879310261,0.291458650336315,0.221073594209461,0.172505634824041,0.236050150856159,0.271099844356277,0.147059828773851,0.153423668903705,0.109553038098349,0.146478130405264,0.160976385635229,0.23138565863629,0.22104075947675,0.129312423582256,0.183919882626862,0.135950285206707,-0.0865217789819322,-0.00462462602383742,-0.0205010531734951,0.0355831599235646,0.0303805662352994,-0.0158180512144258,0.156691763235428,0.0845498365193354,0.0436239783757983,-0.0673715027571523,-0.0638451082640775,0.0025244702737718,0.0769944065699424,0.0584023935590483,0.0457324531976481,0.0445594241847797,0.0544103010006191,0.146147129473977,0.241886252315016,0.118274436221025,0.236691528348288,0.0842526901276828,0.135734097171019,0.0844717716473881,0.115341831200839,0.135475831787059,0.163732082987048,0.0145809039122567,0.0185442786367876,0.0730622109121971,0.16915699992309,0.0716629147492079,0.218389039135318,0.115123248014743,0.096389873355264,0.1029798819871,0.0451813278684761,0.0302382494176513,0.0267156634221062,0.00515553888153305,0.0150461731605963,0.0518826956898463,0.0298887990745753,0.0799305063849375,0.0543111598510264,0.173265278660443,0.0292706641706686,0.106921713967984,0.0424216059976224,-0.00455038876352765,-0.00856435809224608,0.0088204074912669,0.0439249029754201,0.0718133319288815,0.021303302850767,0.0727519725389036,0.0299069131614236,0.0811619239321656,0.193459813870112,0.103283945968659,0.0821948696062394,0.0847631332359877,-0.0436830253529786,0.017460498740816,0.0280827290561892,0.0940416811751942,0.0829396604785353,0.0990369817187074,0.0474182369402022,0.135103752349081,0.074032861316816,0.0864856713663848,0.141136093353827,0.120653236676939,0.0634977521967546,-0.00114180975781502,0.109936635749605,0.130615752805839,-0.00395879024029932,0.0553295151771338,0.016587967533368,0.0823126031388446,0.0477983262960895,0.0310301381789416,-0.0433063856873503,-0.028506690766831,-0.0603144207125542,-0.0875588396365296,-0.0331839537537365,-0.0131667481423739,0.107132221605829,0.0348356282678311,0.155488592358251,0.0895569793791886,0.223433833782429,-0.00863436449781483,0.158753305538742,0.0811497366356088,0.0735271878780716,0.0950416213696982,0.0473553086947956,0.0259861281759569,0.0970052415917829,0.0191128847711209,0.0594085747487384,-0.0259758211623008,0.0980571981626173,0.00332064477689821,0.00881236529490765,0.0520010764751349,-0.00704349677293418,0.075459267763474,0.0208121238097735,0.052341905853486,0.107442393406849,0.0342473400851083,0.0958843353026827,0.0176926240032771,0.0299041432205782,0.0801450226465066,0.11909641145367,0.0674311072380529,0.0276940441246323,0.0304224033253542,0.0740003905980297,0.0242548738014206,0.0622313245877099,0.0515086564235198,0.0309848931343814,0.0311780660304918,-0.0539077915080618,-0.0525528313805589,-0.0150994058914486,-0.0353229422392597,-0.0372845153851613
"4",0.123377346980085,0.324169643732442,0.529076754364784,0.999999597897648,0.599008628260189,0.527218175602581,0.406345011742109,0.278885474704918,0.24993497431612,0.334451484672771,0.25235459317401,0.130530686098473,0.221170969166828,0.138042367807387,0.214305442600569,0.179657996210682,0.178363563338676,0.252850179722451,0.0845750200288831,0.132401234448337,0.0632491188431061,-0.0674908294907122,0.0517923411532027,-0.0145736772907465,0.0186936543653922,0.0608710554570546,0.0126169694035048,0.167845096961965,0.0959895130169717,0.0648853460494553,-0.0617367228336163,-0.0597813821237929,-0.0340544909332582,0.051834602182909,0.0737543611618972,0.0521958898879245,0.00847638800260238,0.0631946494800524,0.146971680080604,0.198812004280566,0.0879677213786385,0.180180656341706,0.0421062685462701,0.116773343911799,0.0771715534444609,0.0767739361765995,0.142291868802299,0.101040919881188,0.0447197388874316,0.00546279471733053,0.0569267853434532,0.113493582477285,0.072918636830963,0.147111421230465,0.111607982880895,0.0970046372426231,0.07630299734744,0.0475936014582444,0.0219412906157145,0.0182096022719487,-0.0074300422035629,-0.0295338312906055,0.0488189180101295,0.0533687708011884,0.0644154456261427,0.0323648385089931,0.13978471344594,0.015829626373754,0.0639594791798732,0.0297590429293204,-0.0100744924805193,0.0152119601334033,-0.00556522868317318,0.0597946645351689,0.0986769746267206,0.043569464604649,0.0831504654294589,-0.00844423559687045,0.0103283468276058,0.202991385024798,0.104859554119349,0.0641724008464213,0.0729726247672647,-0.0284982029401055,0.00688016180528022,0.0222859395938692,0.0714600213658467,0.039999321085855,0.103241618211005,0.0442684330511964,0.105056260549994,0.0916493260703091,0.0707727543476982,0.212347630507124,0.153100539430798,0.0876706804286728,0.0269428556976338,0.172448257623537,0.131093626861114,0.01372889640051,0.00329673690267041,0.0132429834872076,0.0640182870357121,0.0347972347512382,0.0476656486871189,-0.0620636645813894,-0.0369832811863764,-0.069289820243799,-0.100337364635037,-0.0576903674889536,-0.0261258834665955,0.0183981109552323,-0.0108686655736415,0.0460317603614515,0.0231432083122619,0.102797441028517,-0.0671025899793189,0.0382917042073932,0.00400342350834493,0.0179879744958898,0.0685897445181607,0.00792663312848,-0.0170266056049738,0.0778883437376735,-0.0341195511899606,0.00834121111401357,-0.0776654269700001,0.0628086866302079,-0.0356524373255935,-0.0350777779157849,0.0122631462573179,-0.0504632249856504,0.00397930112376522,-0.0148658765707889,-0.00411049379887276,0.0176115598906652,-0.0130279074737906,0.0481258865232458,0.00293141307503182,-0.0213982318078667,-0.00544835346746051,0.0432224735256984,0.0201446539921392,0.018038192415132,0.0148083548931666,0.0523746428167215,0.0264555885808337,0.0359961985354798,0.0368109635058678,0.0358469681088546,0.0240107018585473,-0.0440422989272593,-0.0477273387504131,-0.01643351305656,-0.0378510062097031,-0.0452149363381651
"5",0.0827317573957804,0.304613922437001,0.424489549809526,0.599008628260189,0.999999597897648,0.58172666219921,0.433091624380839,0.301202766950002,0.294982704672371,0.335393584316469,0.234432571596882,0.125401427297769,0.237826805940949,0.139846834461374,0.251467469823676,0.157784960923148,0.130334370123926,0.278168676985497,0.0191564215894182,0.10364174024477,0.0714659323197111,-0.0596655781316137,0.0851485650297485,0.0398009874678084,0.041245928563182,0.0930100775627748,0.0196981805394032,0.106509246192322,0.1114409487103,0.0249497382120911,-0.0425500469097057,-0.0641068009514277,-0.0126989049194143,0.0889395602327161,0.110531732925935,0.071722254080607,0.0279922845941907,0.0560872131324954,0.11759668561172,0.146227492145665,0.0617107550451617,0.134472220416309,0.0420602807890676,0.100954612585756,0.0268171358768376,-0.00542709912475549,0.132364090928593,0.039619946746352,0.0420075391971189,0.0167489574572756,0.0322714601318715,0.0896241773433761,0.0469498142626452,0.101160124671977,0.0747076704729567,0.0657338355808473,0.0530430584367527,0.0322357197992172,0.0184897486752609,-0.0214040342303751,-0.006567027758329,-0.0320305689681334,0.0267219312239572,0.0264607124834093,0.0479307884980946,0.0209906950280178,0.0855532181615977,-0.0135595851157839,0.0342987618551445,-0.0017242314604426,-0.0473868931269784,0.0138307808779162,-0.017380158071536,0.0442789743029256,0.0453641569289833,0.0646364860835064,0.0343566598185101,-0.0454169213329852,-0.018591785157176,0.171898686536127,0.119968965077376,0.0327920577232187,0.0512721376092745,-0.00075739055840301,-0.0241088350146311,0.00451102848967137,0.0487209423746306,0.00972712612475741,0.0480662522373196,0.021647007804153,0.076103593252331,0.0786221636809413,0.0763222426672306,0.178393516336068,0.199572211488812,0.047652103300442,0.00515993780420489,0.158435554664112,0.117086473755782,0.038202616017165,-0.00331780136223788,0.0223254918736607,0.0569925847173181,0.0187749627248289,0.0527021853546453,-0.0573906473448383,-0.0255234175224369,-0.0441049785336326,-0.0750674373516194,-0.0675412399276562,-0.0533558189375051,-0.0023217635958983,-0.0278139584668658,-0.000114824663775937,0.0378148745364362,0.0560870490726648,-0.0655106960746632,-0.0140916808763241,0.00391380183018609,-0.0212785924675484,0.0497376888148938,0.0130429790036668,-0.0252342013127738,0.0893902861092316,-0.0255990716462495,0.000685853713553585,-0.0828918149198433,0.0491173411055819,-0.0216050496878331,-0.0320529331515252,-0.0138104497081359,-0.0489048952384021,-0.0142769870666979,-0.019725661241349,0.00059220235147716,-0.0205775315283147,-0.02215362106878,0.00967765569369906,-0.0157099500892584,-0.0183425937415201,-0.00604050509222875,0.0212432060770126,0.00967220995296012,0.0387415793117885,0.0268064511717455,0.0522475238965093,0.0592857178313446,0.040680375245233,0.0760943335967686,0.0656612177394775,0.039131003896852,-0.00923121971244467,-0.0161258918213806,-9.91584476174182e-05,-0.0136100725485416,-0.0274991476942168
"6",0.053627514215735,0.247697145919328,0.389984879310261,0.527218175602581,0.58172666219921,0.999999597897648,0.517607547756388,0.319193294185675,0.348699725288679,0.394684363411525,0.356677388601687,0.212534906850539,0.306773293280855,0.131908949930536,0.297761928461181,0.250876326487006,0.247490373944886,0.273984481637575,0.0803224848352183,0.202316278111783,0.068816904496446,-0.0918117605252832,-0.00376017715781453,0.0173558049325583,0.0522361872086988,0.0896973391643778,-0.0489437976927952,0.184983230428676,0.105591013584593,-0.00930296178925525,-0.114820149160345,-0.114261929898136,-0.0592595801921883,0.0839224958096568,0.0884294826650352,0.0614076809369638,0.0272112758463266,0.0875563274912721,0.174170618442821,0.257020171416832,0.0968466423459729,0.199706873311667,0.0548837545415212,0.123198932288659,0.0468454304867105,0.0678977599397134,0.149519464187328,0.112527195050823,0.0362470073116133,-0.00529117486423063,0.074335654715,0.173934520444844,0.0664597791138869,0.191684507764317,0.134943879231111,0.147184334930098,0.0991729050747637,0.0334171461402758,-0.015705503086575,-0.0463916828121936,-0.0330368891434256,-0.084525417126817,0.0818865422442327,0.0601972435479507,0.0682194464682601,0.00819721462288478,0.116995627788673,0.000190481868049482,0.0690937479215367,-0.0131125503305256,-0.0383169554730905,0.00401010028437877,0.000690030150176813,0.0571019907359302,0.0843759085277886,0.00760378066916361,0.0215786584550241,-0.0374475493400077,0.00469554623870517,0.244122787492258,0.15438309843065,0.0721577132484708,0.0863081352304061,-0.0060965159146606,-0.0141141809977823,0.00817489141998985,0.0797789268822869,0.0731799401619366,0.0296355614238255,0.0353510916656521,0.161696958067415,0.143556342196124,0.118733432258888,0.250672109069309,0.339053674858898,0.0493405271848045,0.0119107211564918,0.210674059441618,0.271556753219442,0.0804008927503092,0.0892414015583557,0.0471226490127515,0.0991572225049117,0.0658254376161244,0.0640849501575654,-0.0357174817832719,-0.0238846082711884,-0.0599751329596434,-0.120294395563006,-0.109909922178364,-0.0875199019537166,0.00700018335964484,0.0313156151608308,0.0716034323226419,0.00790154055602904,0.136256805119511,-0.0258161675529653,0.074263812959334,0.065777603464306,0.118080349196936,0.103678634572016,0.019486089831784,-0.00797389335806343,0.0770923685613077,-0.0147504821589725,0.00116284564580567,-0.085122371664672,0.0827732106849916,-0.0118731830220717,-0.0350984735903169,-0.0105278311630339,-0.0994818849342512,-0.00514819207722448,-0.0477153337543728,0.00124963184198769,0.00288003645036429,-0.0327859761109815,0.0553502609666355,-0.0238334122114935,-0.0262514602469313,0.00384864802837326,0.0185730131523911,0.0151914509001705,0.0173837521504388,0.00796452256560658,0.0522121712915891,0.0448189929888628,0.0573317045108351,0.0729299168460898,0.0627749578931221,0.0648890188119834,-0.0428209708955584,-0.0647271373366362,-0.0304563126742087,-0.0671100443052078,-0.0737462408936317
"7",0.0688287025385574,0.209128759481015,0.291458650336315,0.406345011742109,0.433091624380839,0.517607547756388,0.999999597897648,0.419421872463041,0.409097577131152,0.430892449092376,0.339629972119534,0.188214069374196,0.35282832730083,0.125322690956116,0.349239849836314,0.274076172850725,0.285429090285774,0.254749896435646,0.213075550537128,0.17231225928433,0.0986555718965747,-0.0447587431520663,-0.0396658249640462,-0.0360015076230078,0.0292789507198495,0.0476118842816403,0.0289867603125534,0.219251707598335,0.141157060701237,-0.010667224588741,-0.0821805301143679,-0.0459118323250448,-0.0247061559618664,0.0518522277174614,0.0328740383991135,0.0680813418288985,0.00614486134167238,0.081400700146198,0.125555421225754,0.244705572547008,0.124024166301844,0.212264373357631,0.100943632542337,0.114298751801109,0.0509685479183912,0.0761618142790105,0.143539341008625,0.108943015970118,0.0397893174157561,0.0984837647963895,0.0644692907963004,0.123516115907172,0.0596019837074467,0.156200465583289,0.157410844636064,0.0428443329151835,0.0834976711106375,0.0238607938554747,0.00564929290649763,0.0391534331334747,-0.00828028038214395,-0.0907195803932498,0.0641894770972047,0.0460463581732365,0.0978658238689886,0.0211215261134178,0.164310509001947,0.00486623613605623,0.111289703616533,0.0196344826332469,-0.032475028870805,0.0189721845974144,-0.0385743240859506,0.0611970230194663,0.0705533809026247,-0.0179287878176457,0.0712630865787108,-0.0730789331686274,-0.0066969535964462,0.194533135400807,0.0982421186143747,0.105442014071933,0.0621235029551228,-0.0524012428978438,-0.00915976402614371,0.0093135342521939,0.10492164940508,0.0982046521070205,0.115367051798264,0.0129831665778288,0.220629797032576,0.0730801372383781,0.00421475906857451,0.170251044758021,0.0871751414990809,0.0556265717975868,-0.0833391780326873,0.119708704259866,0.0890431971096894,0.00481744880882815,0.0339027867012484,-0.0485043472566843,0.033089952263797,0.0131229483194069,0.0265383696561014,-0.128560596152731,-0.109045372852129,-0.1380073234436,-0.144580695663714,-0.0895666430067992,-0.0813175376369475,0.0370370200137004,0.0221092793390676,0.110747481498772,0.0212860534303319,0.153336653182029,-0.045185329594787,0.0657504943562482,0.0551711480073199,0.0608319075247988,0.0561589007550758,0.0472164343548817,-0.0122017065045508,0.0713656839210327,0.00615151028691108,0.0378870850323005,-0.0275740426028786,0.0536583899995203,-0.0359545933778015,-0.0195473683867357,-0.00664017822216247,-0.0885586059444957,0.0194253994905935,-0.00562941793620159,-0.0359731740636619,0.0314991952859657,-0.0235642575499366,0.0495995501432552,-0.0152485887645804,7.98080966759017e-05,-0.00366919745347716,0.0499398003015654,0.0472558638737558,0.0093748828266052,-0.00100224980651498,0.0187725242029012,-0.0149575485968472,-0.0135249645902306,0.00316258580482948,-0.018199449907859,0.0194573572685527,-0.0674002097712097,-0.0801350198288496,-0.0225421870536825,-0.0652045867823616,-0.0709120303154326
"8",0.0365258449710532,0.10715962138552,0.221073594209461,0.278885474704918,0.301202766950002,0.319193294185675,0.419421872463041,0.999999597897648,0.352032618868249,0.281412625038019,0.231111553014887,0.177530709758977,0.259333313682668,0.113526088280321,0.280635570657845,0.204083880201124,0.288009032922742,0.272400327541281,0.164078096872552,0.185319196029856,0.121497838577509,-0.0017409486679306,-0.0473573314696177,-0.0378232657889775,0.050010434476706,0.0673268255061049,0.000242669717484934,0.140869735663522,0.208556821780392,-0.0143326960090573,-0.0585639193717282,-0.0321952787250498,0.0579066770825955,0.111180995419989,0.0801327922611786,0.0896771253505099,0.00698676141988354,0.0528998291567685,0.0941293186297,0.163109061091823,0.0894186702394949,0.171884115214124,0.0594362408925915,0.10958011339545,0.0844177938544054,0.023292707000944,0.146126811513954,0.0659725815552294,0.073525548235942,0.111244344739743,0.0325061319511898,0.136489399510674,0.0353063432660022,0.157250615904416,0.152270950106274,0.0512357074907619,0.0816784190420343,0.0274576601803461,0.12593838798856,0.0352819353849075,0.09645104745732,-0.0773270798317163,0.0387005618917009,0.0693219898804809,0.0845165605866582,0.0449174955314712,0.135151309499462,-0.0118497762875457,0.156956205335374,0.00170908417033915,-0.022283766220221,-0.0445765594573044,-0.0321850618961812,0.0345711796622866,0.0228538668853638,0.0272711909433098,0.0171283430157517,0.0178446888948443,0.0524602111067919,0.212679299828394,0.106346031514739,0.168081480234249,0.0737037716709952,-0.0511170512868496,0.0170457594122814,0.0966095555436407,0.0464570624086411,0.163058843188485,0.0889403660507036,0.0441889506542836,0.153342546976918,-0.0114657592514925,-0.0320265667019255,0.110166323967896,-0.0436146617697125,0.0747033772541282,-0.0518261945533495,0.0996958051282467,0.00170599912365736,-0.0685759178672676,0.0157213274850296,-0.0487977723647154,0.0226377415364408,-0.00905474917098495,0.00574972599754615,-0.135223054655916,-0.118668028682439,-0.127940989652316,-0.106371846336765,0.0575605650930654,0.0813573851292017,0.115253715976038,0.112449040562349,0.164432406768415,0.10296013167857,0.228564481619686,0.0586315549685773,0.181536983476288,0.123825277589657,0.136594498323577,0.131972018857175,0.167997022867525,0.108782413158211,0.187995843560635,0.121785249662145,0.14166226739648,0.0819119574977777,0.13896124120682,0.0757989233173492,0.107173298153036,0.0948232172201445,0.0285570722490115,0.108350025133582,0.13153068441261,0.0617520942656319,0.112619943785745,0.0829697026070265,0.110192059794402,0.0750162433149338,0.0958898734990505,0.0843422101915117,0.174136072509536,0.127169575199263,0.0938836899909753,0.0764113360389622,0.128549795773145,0.0747000862796491,0.0569532009420011,0.074570319466162,0.0666126667918642,0.0741870581945604,0.0294113810509312,-0.00815747879081524,0.0388871474684172,-0.0171354808305051,-0.0165466664956615
"9",0.0359139269304766,0.0833456916815128,0.172505634824041,0.24993497431612,0.294982704672371,0.348699725288679,0.409097577131152,0.352032618868249,0.999999597897648,0.361240326346402,0.271157623829343,0.203426506763597,0.369648814999135,0.157457711181219,0.387605509764242,0.22226608580623,0.186441126735845,0.218300767077214,0.142117082892904,0.149576035430183,0.118901544013295,0.0160637928130636,0.0108260536166747,0.0417686377264998,0.0790081277087446,0.120974352396402,0.0210168909570849,0.116780228714199,0.130826675744121,0.0142118756036034,0.0112537235428808,0.0112595113630909,0.0548843768140032,0.0841874797356381,0.0809997823728163,0.118539564924626,0.0515223105290502,0.0703954056859012,0.0989867777352267,0.146687772896526,0.086331263697546,0.145884420504403,0.0971097192922114,0.108895919847683,0.0708946047364987,0.0517110063089549,0.139144777316818,0.102985637188609,0.0796182647532926,0.0641435804922193,0.0651117241394158,0.0973647221489385,0.0542304089323682,0.116817302516082,0.114454121204516,0.0413414912398247,0.073603145800414,0.0289103758423419,0.0408529722793998,0.00514851947011511,0.0400083371092955,-0.0343528158626404,0.0384473061299826,0.0353426261595495,0.0362485188755767,0.0287152192417308,0.0698671730570678,0.0153007905468986,0.0679427825988759,0.0059462399101893,-0.00697712133068288,0.00774429992552725,-0.0189910924135647,0.0311230340097231,0.0255444103087522,0.0445174518492172,0.00947132176172236,0.0178219729646657,0.0293277954688827,0.113889947067533,0.0462001874584018,0.0678156257204758,0.0367679882479044,0.00939931304742184,0.00497093528123977,0.0133045653495931,0.0202723178465529,0.0460781389884902,0.0534064261940882,0.0211641684074092,0.0941732670483783,0.0426719610181884,-0.0146367871567121,0.0741372858467664,0.0281047444287693,0.0280443274210938,-0.0346688058856872,0.0606359140827799,0.0241627382994415,0.000255947824119079,0.00261682038780965,0.00864670015338708,0.01438695422883,0.00540797854363863,0.0232885293665006,-0.0313069315064011,-0.0218215259702427,-0.0404787538981155,-0.0405719151627374,0.000555122691618224,-0.00653547355411506,0.0475586943406253,0.023026033481013,0.062191303698689,0.0321034316321816,0.0851488081813717,0.00677183387279349,0.0481054084120976,0.0439514544527396,0.0623852563025665,0.0592195579778004,0.06205532049671,0.0525999388258956,0.0825608771326105,0.0414110921056695,0.0321668100364486,0.0183867394866657,0.0550586629477244,0.0245629986464025,0.0439624298371405,0.0404515129555988,0.00876446191259633,0.0354307028027173,0.0434016595054995,0.0214572300713395,0.0369999208275649,0.0272461318647933,0.0551577582718666,0.030727799240928,0.0535052331908158,0.0489231902637567,0.0514629867943077,0.0566205752035231,0.0590484490758133,0.0541875551714958,0.0703290396602189,0.0668886702646219,0.0580149165627543,0.0500403041701248,0.0444141632343399,0.0467034055335222,0.0315042324741986,0.00483682105024919,0.00603522230149786,-0.00454499210670143,-0.014581272621323
"10",0.0515645332822296,0.19536347654762,0.236050150856159,0.334451484672771,0.335393584316469,0.394684363411525,0.430892449092376,0.281412625038019,0.361240326346402,0.999999597897648,0.395788473098285,0.242949212955093,0.417965139284189,0.176333967835581,0.404559075447917,0.252393507147575,0.314998552189052,0.313701743800189,0.191445838713791,0.25703931336789,0.155279774168014,-0.0190676650772841,0.0451783876872781,0.00297646827947386,0.0569625613687785,0.113997087495818,0.0677427307118833,0.207603653960359,0.151087574906146,0.012115807114515,-0.0227388159428376,0.0131416971567449,0.0399785337633346,0.071445071802291,0.0990221032849181,0.0991117022016301,0.0651738992981425,0.100722342090502,0.178945297906692,0.248224209724163,0.138629966981689,0.253217334300604,0.114302771765009,0.146887962577372,0.136563497439163,0.0972835300898754,0.198080299589508,0.173520930414283,0.0858686601060118,0.0984254068912076,0.0699297905474559,0.1503240998398,0.0774457903331212,0.220946221885926,0.153684173512048,0.0949049273180044,0.0951416888020443,0.0561230751049495,-0.00804194959658448,0.0251390559334191,0.0246241711446673,-0.00342028714650763,0.0849876911031977,0.0655682858657267,0.0711585413995555,0.0145477552979558,0.205735167989363,0.0403313061132537,0.0942665923666033,0.0118228075339402,-0.0150893977178361,0.0274649534918436,-0.0057115498006503,0.0381698487841333,0.0309313023403349,-0.0214759612520354,0.0366607187925413,-0.0136296957941901,0.0350589153008529,0.190446533256511,0.126538030383096,0.0829815892213335,0.0834406261387508,-0.00952655760343184,0.00266351271989123,0.0302570405975231,0.105375453796555,0.104770982640662,0.0688971442380696,-0.00557158527784199,0.152909903512606,0.0827647159811622,-0.0186989422403814,0.184349760461787,0.0447780572924424,0.081477824952729,-0.0869479456122948,0.087139665945535,0.0913652359243255,-0.00840523420440327,0.0123782882277068,-0.0364969016957079,0.0642485432252159,0.00309223332487129,-0.00143241227701071,-0.11033094995588,-0.0918861115697431,-0.126419954000423,-0.114632935951637,-0.0563007451565423,-0.0456864865312298,0.0766509416616764,0.0625225975049146,0.139993236260796,0.0790426224377941,0.159287027141584,-0.0238633652214497,0.0670083406233658,0.0126885550811251,0.031887526987707,0.0399234007962508,0.0313367449606415,-0.0141474199469716,0.0593145471224435,-0.0125357417753389,0.0275888780909565,-0.0479025784635086,0.0280878927496475,-0.0380409975935602,-0.00704456010046139,0.0410295432702664,-0.0458793615982169,0.0608056442461974,0.00319766085229589,-0.00832715301864787,0.0754483407820536,-0.00356522754273151,0.0290584635923733,0.0156936777751235,0.0608290010735566,0.06648659487051,0.0767190400164032,0.0548319439032123,0.0262405317340505,0.0594301419586229,0.0658834046527382,0.016891252035664,0.0355840336187353,0.0172003026392381,-0.00290741096307709,0.011274014737388,-0.0521210229256028,-0.0598160999143143,-0.0381987667682783,-0.0588003772502132,-0.0695608445169038
"11",0.000830879956764393,0.122359218028378,0.271099844356277,0.25235459317401,0.234432571596882,0.356677388601687,0.339629972119534,0.231111553014887,0.271157623829343,0.395788473098285,0.999999597897648,0.377904615444313,0.413481188703597,0.214036776986374,0.410830580566675,0.410170893834766,0.51257459887558,0.271655433842892,0.313804501124151,0.484713490525742,0.33281354222339,-0.0477714695741353,-0.0404898354665208,-0.025688867740613,0.105124918699082,0.0960103991948546,-0.0222669512681764,0.268317914388991,0.162790911297267,-0.0186414543353625,-0.0785127416062173,-0.0787248606489327,-0.0163897417492461,0.077625932894364,0.00670206482389012,0.12037553283328,0.0886640317524589,0.194875784675344,0.196731010302917,0.464208950702725,0.181264511297479,0.540686966048451,0.207599209729787,0.259071167832092,0.188527291283661,0.217295709868925,0.246088623682121,0.245873038118126,0.06698434460944,0.101025933834546,0.111950449428164,0.384304819534626,0.141565921443033,0.499912385367572,0.223133700684253,0.207770531283282,0.152197083493157,0.0259713472280464,-0.0030168545985809,-0.000631323198812848,0.00664567999845471,0.0106143743509915,0.118596196394398,0.0270656371961831,0.118050233591652,0.0462417647195039,0.370820860049361,0.0765634813071852,0.157115989386916,0.0460847078166291,-0.023710968585514,-0.0588742726662536,-0.0508640774636107,0.0679767008212238,0.0442753355936401,-0.0159041309700683,0.0651028682842491,0.0919694867340452,0.112775019643444,0.276139607721026,0.142845004487941,0.213221236565834,0.196682128526083,-0.0301050295417541,0.0315674851901575,0.0667538495548033,0.122912696217516,0.248531273425009,0.173310173312603,0.0277001826879771,0.214712679946701,0.0682054134536351,-0.00824423435499673,0.183150749019368,0.0185306377821056,0.0231140695023928,-0.109594234519323,0.0998651107150086,0.21024818934399,0.00814400936481227,0.143596826890133,0.0380351696754057,0.076193166836226,0.074563761688911,-0.0380872646749623,-0.111824985022487,-0.0806458895727261,-0.126556598128792,-0.134875787168967,-0.0598825793042371,-0.034476933665163,0.107260401983231,0.114010207306254,0.314404077218726,0.109713712314041,0.478301763745322,0.0482869390487885,0.228002252581604,0.136569495403072,0.0715938307748159,0.0726328143058062,0.0893113823510409,0.0174942155937998,0.0565253036081545,0.00759719236295415,0.0152578896839532,-0.0298628297629086,0.0287263026668909,-0.0293170768736068,-0.018234212184437,0.000655443341008431,-0.0643387278119369,0.127599538719513,-0.00106296438766844,-0.00477805514888429,0.129674496816161,0.0315936788837369,0.0349436552663884,-0.00576017991442244,0.0530661518404537,0.105965335260052,0.186210030614119,0.101572707244669,0.0167572330850871,0.0607195780850792,0.0936983259927526,0.0188032573834366,0.0768894024086234,0.0278763903828625,-0.0142994184113791,0.0164099390350434,-0.0757328833598425,-0.0907030274202731,-0.0301386664934427,-0.0565004349325033,-0.0575121821394405
"12",0.0166444245014956,0.0573917970590623,0.147059828773851,0.130530686098473,0.125401427297769,0.212534906850539,0.188214069374196,0.177530709758977,0.203426506763597,0.242949212955093,0.377904615444313,0.999999597897648,0.330521246536002,0.167800217764619,0.32965067537244,0.286516605748427,0.323481918985452,0.211883693409362,0.225174395974756,0.31491986835767,0.253527037118562,0.0232534780808068,0.000891011444176839,0.0431497231874952,0.119877291380982,0.128432404284703,0.029007488009856,0.215708346831841,0.195017318754045,0.00507924250149909,0.00525970465781496,-0.00982315459870909,0.0835606889972742,0.128543134689872,0.0826084061416034,0.132407872704506,0.0778282120328701,0.170442740418383,0.163334160526777,0.237872755491868,0.121254444207863,0.296197964662677,0.174198815948747,0.150345477495649,0.162846154548344,0.144020180731778,0.185655783181861,0.167711703812654,0.100006869304313,0.135764182228637,0.127925446078461,0.186081188439489,0.14563349768693,0.319382064926187,0.165959724947242,0.128754258232447,0.189604634240761,0.0442329954846945,0.0490293555978557,-0.00625298487542366,0.0439076277148408,0.0690260235500924,0.0917829126771396,0.029877004094107,0.0962135838671785,0.0670420029108825,0.181213546476173,0.0690073504667378,0.0806832539703961,0.0591987254319196,0.00692272962273985,-0.0106434546443425,0.00830866344050644,0.0738187876365005,0.0268336746554672,-0.012367120985091,0.0222546738131268,0.075232675424919,0.106405210679491,0.142354737021862,0.111661937464453,0.158828377348447,0.143409181902707,0.0408193844995332,0.0461828267180142,0.0925227898007166,0.0677486259485203,0.109166203874317,0.075137988684048,-0.00820407628391199,0.141354919662162,0.044284766515,-0.0433004028192357,0.0501872511992997,-0.00406900264871877,0.00987382022236298,-0.065754291659945,0.010399716537346,0.0737396797084466,0.0109360687760197,0.0964934486851603,0.00568414447980227,0.0460945446209924,0.0305094406568421,0.00462800051897621,-0.0443595108893085,-0.0349584409935685,-0.037289072428978,-0.0338537877003994,-0.0115835843884856,-0.00924511975741459,0.0840036911340514,0.141186251629597,0.204613085634019,0.101605760942163,0.313922451664372,0.089139029468946,0.175288866678031,0.132124658506158,0.0834198090146591,0.0933161003761492,0.0933198600976146,0.0911041282439737,0.0677229175071087,0.0689194786429308,0.0759998507567903,0.0560621023158656,0.0796033527150648,0.0598308389184423,0.0657478992238891,0.0457266723214674,0.0167159764462199,0.129308698092539,0.0717271770342804,0.0469970550403386,0.142200497489866,0.0760810393861057,0.0752737271966445,0.0551534242117185,0.0766396167134741,0.162071660850822,0.175111948116636,0.137847701411505,0.0621043668562537,0.0981778519887489,0.142532143455057,0.0720135971851028,0.128592073972704,0.101040974622778,0.0733500739375835,0.126487941521226,0.0091768485904388,-0.0164164502875702,0.00938305285302134,-0.00987749901240766,-0.0106774224987795
"13",0.0232963592156048,0.0909641813134033,0.153423668903705,0.221170969166828,0.237826805940949,0.306773293280855,0.35282832730083,0.259333313682668,0.369648814999135,0.417965139284189,0.413481188703597,0.330521246536002,0.999999597897648,0.316384189722472,0.84108489697433,0.444569972558249,0.335823481957888,0.345954325994232,0.298127153214502,0.244878982608343,0.216749036732088,0.0813695568421069,0.0542555878771936,0.105810821872093,0.160857797318188,0.237402116457526,0.0661443221772406,0.198917359915266,0.175563425817842,0.0470824609287285,0.0317484095679782,0.0455633262546577,0.0784820173760268,0.0932201785009988,0.0924435456444365,0.167090366336551,0.0794540428579903,0.111372051715346,0.147895177166695,0.200434918626074,0.157075898934614,0.17684403085568,0.164223477894362,0.101644929161527,0.0925314727427614,0.123313786750274,0.165624666177418,0.132771443653526,0.107994343938845,0.13397209052643,0.0929585256323391,0.134356962534838,0.0804005571382761,0.112688273283054,0.141295508249687,0.0352501948843156,0.0646813401463485,0.0385832967189974,0.0391831744118732,0.0290825601681936,0.033461978132817,-0.0535477053317928,0.0462553613833583,0.0446829034040207,0.0507577001054938,0.0195953684861483,0.0416890122485189,0.00318101492150161,0.0383826482647648,0.0165921633014825,-0.0320775827328253,-0.00574793622920893,-0.0184157482673722,-0.0152190918797656,0.0114639974936742,-0.0213005895017037,0.0208206702219239,-0.0585454451805351,-0.00187635310369468,0.144397004656353,0.0191575447676835,0.0407308672033105,0.00998514877368556,-0.000686578702769012,0.00760496693896887,0.00172737765870916,0.00468661721441086,0.0702832482824974,0.00829035139163425,0.00958143630837168,0.0972311413594067,0.0500276767303998,-0.0181154665549233,0.0719411972478027,0.00773419837406511,0.0236238402571272,-0.0494207167890959,0.0204462320303122,0.00723522062869175,0.0197363142072323,0.00835889787026916,-0.0178300998212078,-0.0114827039299464,-0.0165934015782845,0.011373332574156,-0.0662866680885994,-0.0719393364699323,-0.0710314278752785,-0.0664409926616896,-0.0376517003368016,-0.0262573010733299,0.000483584892676109,0.00208579783559949,0.0429665724307601,-0.0138574695949923,0.0606955860763258,-0.0042413554893791,0.0420409573408826,0.0168520038446955,0.0420299563954534,0.0446756842684812,0.036177706245871,0.00550082204937369,0.0337081356775543,0.000461181223882891,-0.00538008106297387,-0.035215410828291,-0.0129426335783975,-0.0216437630129527,-0.00399322122035342,0.0268397723363594,-0.0645137765807344,-0.00689455438921737,0.00871050431934604,-0.0187916097805099,0.0185795757769573,-0.0140925083859554,-0.00166514998846485,-0.0224068622632464,0.0202513208020138,0.0229509667762924,0.00193630499085831,-0.0019392794309495,0.00626677540334757,-0.00717569422218528,-0.00439168551988135,-0.0248478274152166,-0.0218357020322851,-0.0302149750251643,-0.0376919153965349,0.000147265612578697,-0.0267038813272084,-0.0598163095216395,-0.0393928306400193,-0.0655696924293972,-0.0679036334447532
