"","1","2","3","4","5","6","7","8","9","10","11","12","13","14","15","16","17","18","19","20","21","22","23","24","25","26","27","28","29","30","31","32","33","34","35","36","37","38","39","40","41","42","43","44","45","46","47","48","49","50","51","52","53","54","55","56","57","58","59","60","61"
"1",0.99999789349955,0.233329899893028,0.0588949663920371,0.17172753204834,0.0316972029225837,0.0749328117101968,0.0602203118307372,0.0328002621390444,0.0699564476774475,-0.0423299078028888,-0.0405153684330775,-0.0572663660306849,-0.0245347066109161,0.0130403233446744,0.0330496270578605,-0.0280809066594081,0.00752410570928231,0.0174605402300088,0.0988411330724594,0.100637817473065,0.0317615678699497,0.294481358126488,0.125003107497124,-0.0975490550912528,-0.0296458250206952,0.0590199474179846,0.115130527603384,0.103699954369909,0.0408901634384595,0.106638673025856,0.0453944418889773,0.088402764731918,-0.0750167844012258,-0.0237509813951292,0.134972253384019,0.0208946540704505,-0.0676661393749709,0.0120024558514395,0.166426683640664,0.0150240587501483,-0.0240019134416879,-0.0529538910841248,0.0461195472434948,0.050591531772408,0.0422086991674842,-0.0628490263188055,-0.0103378024468276,0.0280093149307102,0.0311387471751326,-0.032119748824416,-0.0467948675390742,0.0130262908748505,-0.0218250861848784,0.0207119943506492,0.0207508589280924,0.00233902945650209,0.0466115143395404,0.0442331007320734,0.0887333922162693,0.0722954931772652,0.0171383767656482
"2",0.233329899893028,0.99999789349955,0.274694843698202,0.353058667201399,0.0661763599066119,0.463727122389909,0.0516398350130382,-0.000165517348841352,0.18415570402589,0.145902635849486,0.14033429158911,0.201873818506852,0.0641294631893164,0.0452552753014615,0.0233266850140918,0.0525382828037751,0.00309951610969996,0.0615175800223712,0.344304141895017,0.096557564264048,-0.0533799597854468,-0.0469601578497679,-0.11389026511282,0.308555669683213,0.215199462136778,0.308972087379869,0.172172809807354,0.407758066619839,0.187540744142592,0.0205484049781388,0.176719993998681,0.139055746030732,0.041596100753178,-0.0627809298359791,0.391938436024812,-0.00124337063593742,0.193735921207436,-0.0126429704786291,0.104127929947735,-0.0567289992286337,0.0808515454121348,-0.0280110505635122,-0.0247880618664634,-0.0667596272173177,0.167560372686659,-0.126978027147075,-0.105402102294607,-0.0312923917455374,-0.00103095644785481,-0.0576660809681951,-0.0938462904048004,0.00643543787881519,-0.0268212145880246,0.0190076303949698,0.0301425274332253,-0.0261738960943871,-0.0734443001833549,-0.0301958739295954,0.0541936155666655,-0.0225328517580403,-0.126843184259494
"3",0.0588949663920371,0.274694843698202,0.99999789349955,0.337968573650355,0.357002935641313,0.243264782399044,0.246125943553775,0.299100840680732,0.221045712397385,0.160828007427,0.215131232918252,0.20423142981831,0.127985680510735,0.148394218463582,0.0723631794039358,0.20545880593895,0.0831837022071646,0.075137204209538,0.144120491047887,0.067845962934531,0.0250991074129011,0.0253260681423047,0.0207781581391058,-0.00651168320686472,0.0286895757498551,-0.000687351506200689,0.0250846177528698,0.0197596224174725,-0.00942794021099185,0.0128079597054018,0.017436335386076,0.0109632024652142,-0.0135871600809509,-0.00930540156193563,-0.0176373843651014,-0.0129534415401626,-0.016862314565503,0.0170548184689431,0.034976303885312,-0.00285061315159782,-0.0456245491558376,-0.0113655704604347,-0.00258974876640323,-0.0218389983373458,-0.0482802260720153,-0.0313768630738398,-0.0440602533299916,-0.0295324336877951,-0.0250097693290425,-0.0226522184292126,0.00254024300155261,-0.0205025584300268,-0.0396152569793318,-0.0229515734638077,-0.00344085083738553,-0.00229730698227758,-0.0197835506786266,0.00216020571700186,-0.0309135890682863,-0.014783191715201,-0.0423457086576528
"4",0.17172753204834,0.353058667201399,0.337968573650355,0.99999789349955,0.216816689766233,0.285925005072483,0.0801215248993686,0.145163142877347,0.21275683267126,0.12393521234344,0.0895018304444169,0.145584259411289,0.145659669722897,0.122326472059087,0.094807866546452,0.104319704998673,0.0685201425013765,0.124067472728317,0.16221624790065,0.156848451150353,0.0178926129640749,0.0276115979005748,0.044965961514212,0.230401742848673,0.140652874450179,0.179141411451408,0.164343960533197,0.0816318653963722,0.210659440045178,0.133744239901129,0.0998499609389706,0.0826446438574253,0.0695010916600399,-0.026201661282059,0.105160252837666,0.0380291532940318,-0.00936005965508466,0.0907450571307878,0.0961443315993159,0.0119045128381542,0.0205803593676468,0.0902655888669185,0.0679701065687038,-0.0639040716063568,0.0647093400139626,-0.0672859466563862,-0.0619001077619113,0.0134950443847907,0.0335893117036131,0.0074168552104106,0.00323103370535335,-0.049497011313548,0.0604928117261468,0.0613215339540899,0.18823161851424,-0.0201243115346861,-0.00285149166467717,-0.0103135383890876,-0.0236849065186994,-0.0504197538243541,-0.034210195525432
"5",0.0316972029225837,0.0661763599066119,0.357002935641313,0.216816689766233,0.99999789349955,0.141801409741081,0.173905500674841,0.141206809935254,0.16251291209073,0.114497186603417,0.170283486379024,0.140033238068394,0.0951110631954659,0.0981900724538918,0.0581088727671856,0.0979029603537332,0.0477351443920108,0.0655837199778537,0.0507604258426434,0.112856434259891,-0.0261436856771912,0.00933003397861415,0.0971992675587108,0.0260685324372299,0.0602968088350321,0.0388601627607759,0.007622710723326,-0.0803791854559932,0.038919191388934,0.0621383701157127,0.0704629059030489,0.047098056555808,0.0317673731687481,0.0319261403921503,0.0191086965451368,0.0292365319536165,0.0476463325843043,0.0413961081442686,0.0388466830072816,0.0843043369256227,-0.0257093203714453,0.0688738877851038,0.0266988237919475,-0.0523258293816494,0.049745711231104,-0.0365219302908882,-0.0305329414905157,0.00659744763538072,0.0334171314032223,-0.0116860744536828,0.0070231259019067,0.00234563063125504,-0.0178049715321568,-0.00533889758044766,0.033885735289846,-0.0228051544635242,-0.00917444151544511,0.00903068563413334,-0.0342113109669524,-0.0470596024479313,0.0163538711505294
"6",0.0749328117101968,0.463727122389909,0.243264782399044,0.285925005072483,0.141801409741081,0.99999789349955,0.0969554571939256,0.0695958671579723,0.187419439011586,0.12930731009486,0.100670256113097,0.193515075945515,0.13858990883282,0.0843141457982628,0.105160944427826,0.085922092844695,0.0339528639333379,0.0680332088115258,0.247315432689767,0.136734366599827,-0.0737215407112955,-0.0485034356234334,0.0140856495467089,0.259892305238254,0.243984136909188,0.16060433662202,0.0887121285903646,0.103694626936697,0.189134816484667,0.0688918015081842,0.196370270093282,0.107199310849497,0.12341906802738,-0.00985156819576611,0.235101939042737,0.0301655472383819,0.0990285650613105,0.0463709094414741,0.200381222590397,-0.0436173372355937,0.0642638612676053,0.0179699610809987,0.0278836656194771,-0.0751385488796503,0.191641301758339,0.0689070926847854,0.00709873184681699,-0.00375021074773223,0.00813375577953017,-0.0316788564801691,-0.0726794450680673,0.028786327730559,0.0437921028179185,0.0242941332496113,0.0854592644739731,-0.0205999216471461,-0.0159140301260503,0.0176854496791868,0.0564900708879385,-0.033366505475278,-0.0938800490623349
"7",0.0602203118307372,0.0516398350130382,0.246125943553775,0.0801215248993686,0.173905500674841,0.0969554571939256,0.99999789349955,0.092569185251964,0.0903108560493397,0.0974237268012691,0.0886159886053945,0.131639644374891,0.0657681756481976,0.0563758629126792,0.0427743958563462,0.0764044811916764,0.0315789665115195,0.0395002123344848,0.0863387180079093,0.0487549047560751,0.0108297339561916,0.12200131020903,0.083757190461586,-0.0359627709444802,0.0322457931259204,0.0464262340786708,-0.00357653377994517,-0.0805419240028676,-0.0403502600756991,0.0436684681064708,0.0433990869662572,0.0776021480697563,0.052961987956027,0.0323804832140138,0.0377855243566218,0.00286414370043634,0.0561857418524026,0.0385437715999781,0.0279724130731782,0.028156729826643,-0.0411921785141609,-0.00352189284071631,0.00542424502445017,-0.0164299810468537,0.0884642357545505,0.0136351255228813,0.0215490167377042,0.00830766398473306,0.0263806150263304,0.010544727089952,0.10404935482841,-0.0149191618391775,-0.0104678644088733,0.00756014502621588,0.0382819350088126,-0.00990908167064827,-0.00492805155577994,0.0341943825450405,0.0386066179504293,0.0378391782911394,0.067340990703404
"8",0.0328002621390444,-0.000165517348841352,0.299100840680732,0.145163142877347,0.141206809935254,0.0695958671579723,0.092569185251964,0.99999789349955,0.0941691414603121,0.072424241530392,0.114900161084147,0.0542312568004492,0.0796779947541315,0.09596772390148,0.123356435550522,0.099605201011486,0.0657581564786785,0.0842655011706083,0.0101995412190274,0.0392171620760028,0.0391683137121919,0.0140445085159712,0.0848581676003422,0.0157916425217715,0.0064748184714243,0.0414379750603111,0.10310628463181,-0.00496767030577944,0.00686562558131601,0.100584936903755,0.0188122945583836,-0.072281152125325,0.0265119752086706,0.0483171926018985,-0.0629998917750936,0.0461861976475408,0.00169734943255604,0.046190125452307,-0.00292345256138622,0.0666956579093176,0.0463015840228391,0.0494211328280638,0.0574400663655298,0.0139317567976117,-0.0329913894755556,0.048682661902236,0.0252698173455264,0.0335197593941548,0.0114606728336361,0.0513325536818071,0.0521451113772141,0.0288792794483638,0.0750280904450466,0.0155211353047745,0.0419729077811444,0.0406337119302859,0.0779290790177555,0.0284009701289875,-0.0290197840628305,0.00139187557952805,0.00915827578262108
"9",0.0699564476774475,0.18415570402589,0.221045712397385,0.21275683267126,0.16251291209073,0.187419439011586,0.0903108560493397,0.0941691414603121,0.99999789349955,0.0919226770186498,0.0850264975204121,0.0781206094214719,0.0666868098646085,0.0694571999554314,0.0713646325659776,0.109061175491608,0.0687262056654188,0.140237519851338,0.161912918404654,0.12794027645351,0.0145834984639754,-0.0608502213934352,0.051258520164647,0.0869743434701503,0.0935973853188286,0.0949036866282475,0.00841431403648271,-0.017561463198922,0.0977097816025599,0.0156305208380249,0.0829443499116265,0.0441534306240597,0.115998478104389,0.0363321621669553,0.119520234866681,0.0253989401558231,0.0104838531420306,0.123735179557809,0.058513739528624,0.119992889353081,0.00289915153585451,0.0681672311974315,0.0726494033803558,-0.0609824096446177,0.119810606798217,-0.0379930294623884,-0.0588086721046439,0.00048854567583571,-0.0196814151868092,-0.0161593346937396,0.0348412489685418,-0.0121465158352028,0.0389854120889926,0.00976974946123669,0.0770105416016267,-0.0321961585415632,-0.0214010954313669,-0.00739122574026338,0.0343720842141128,-0.0444791243413913,-0.0239370107792668
"10",-0.0423299078028888,0.145902635849486,0.160828007427,0.12393521234344,0.114497186603417,0.12930731009486,0.0974237268012691,0.072424241530392,0.0919226770186498,0.99999789349955,0.151451719808596,0.145499959786633,0.10716299503416,0.088531140309191,0.0597860324091957,0.165913668612702,0.100477615129357,0.121265791383021,0.206627163637502,0.0359545322328137,0.0559778390878541,-0.0229412577538414,0.0318956959223794,0.112797570883414,0.113064148732794,0.0741846239755722,0.0186287880186413,-0.0663813226569576,0.073564459796517,0.0445296908275563,0.0928415555834415,0.059337396365343,0.0454095526131373,-0.0383887930655597,0.160677030663588,0.0194394502389237,0.113490931865366,-0.0255368463546238,0.00358673685415825,-0.0154030437068041,0.0344553745070833,0.0437318332049677,-0.00660564404728812,-0.0391899919260767,0.124848238504954,0.0456257279842766,-0.0425957688140719,0.0110495558393523,0.00706580487739966,0.00488864894019761,0.0671396765479435,-0.0384132210137095,0.00226637150608635,0.076340545528482,0.0699264240369357,-0.0232120715577622,-0.018497851371548,0.0429547552001677,0.00582832156057061,0.0789245902345181,0.0258210344022434
"11",-0.0405153684330775,0.14033429158911,0.215131232918252,0.0895018304444169,0.170283486379024,0.100670256113097,0.0886159886053945,0.114900161084147,0.0850264975204121,0.151451719808596,0.99999789349955,0.308282839512441,0.0668780933869101,0.126411997578362,0.109707701748598,0.145033531479128,0.0624102117371359,0.0812536199718904,0.100274464659663,-0.00902765757281484,-0.0587760700109668,-0.085307357063568,-0.0271252473024238,0.0754644505075992,0.121570482885824,0.103201204462642,0.0519411702010049,0.00991070371355147,0.103430098639189,0.0892020233599332,0.0341227481564853,-0.0322211344814341,-0.0168182198403192,0.0210783571196365,0.00863088009407249,0.0186098144995138,0.16796366731829,0.0446644844810099,-0.0130660265882271,-0.00866147265480992,-0.0220014019188248,0.0689847901297378,-0.00936549884711433,-0.0264134492527303,0.0669904870524219,-0.0366543882383524,-0.0604404950596072,0.010718064937946,0.0100627071463914,0.0100827215294033,-0.055493032062915,0.0255451779158128,0.0257183195328083,-0.00983361804209644,0.0212702176773587,0.024967015524499,0.0706316881713945,0.0472158764520453,0.0771742119580101,0.0111471204094872,-0.0374360286727521
"12",-0.0572663660306849,0.201873818506852,0.20423142981831,0.145584259411289,0.140033238068394,0.193515075945515,0.131639644374891,0.0542312568004492,0.0781206094214719,0.145499959786633,0.308282839512441,0.99999789349955,0.133824140827107,0.0967333385021518,0.09220253841679,0.124002877036643,0.0563737035788843,0.0416135927947913,0.1336861304544,0.0187080032953182,-0.0563458437159526,-0.106957160407055,-0.0686191737520157,0.087597213219277,0.124438611861611,0.0660249934327396,0.0277653505470248,-0.0205503791871828,0.0718638461740387,0.035726132948608,0.138375784750535,0.0166313662075947,0.0796761685913914,0.012234552768493,0.0752315562126923,0.0673789097369647,0.235487736887877,0.0393140517126055,0.0938966810593445,0.018202037484357,0.0385081849331617,0.0673281917150062,-0.0135078067499469,-0.0679174008118754,0.119613835630674,-0.0108537980902285,-0.00389404020898233,-0.0141134779937316,-0.0394418510422181,-0.00715410293086332,-0.00470733775799155,0.0141924609280807,-0.0351374204561221,0.0254082262460668,0.0690841768878856,0.0151524586130359,-0.00647313031472473,0.0307511719074743,-0.00848996949966825,-0.044937219246289,-0.0784583286796918
"13",-0.0245347066109161,0.0641294631893164,0.127985680510735,0.145659669722897,0.0951110631954659,0.13858990883282,0.0657681756481976,0.0796779947541315,0.0666868098646085,0.10716299503416,0.0668780933869101,0.133824140827107,0.99999789349955,0.12013147987227,0.122261743026695,0.162248978386312,0.0522831594778658,0.10551600651517,0.0649155027137892,0.110321120002653,0.0352188515080338,0.0029491954735372,-0.00326867678282126,0.0873597021069644,0.0791182647269338,0.0495272586715244,0.0720754623190917,0.00160346940457218,0.110496751104291,0.0510662789093681,0.129967726305657,0.0521969954090871,-0.00415770324472975,-0.00276149146819631,0.0329135323818347,0.0363433293511802,0.060101395376056,0.0336353362566056,0.0520092893424299,0.00269066288819618,0.059609070436304,0.0776911520473827,0.0127828281642742,-0.0378254304453309,0.0216126623503301,0.0280196936215972,-0.0258852111132688,0.0245221935895692,0.0122987594320325,0.0108250700791079,0.0972863658909007,0.0169978067939041,0.00140234621109317,0.0726747944223969,0.21125497830024,0.0324515429868952,-0.00289860337094659,0.0825535618691548,-0.0233243228989593,0.0301977249418038,0.00255359264466519
"14",0.0130403233446744,0.0452552753014615,0.148394218463582,0.122326472059087,0.0981900724538918,0.0843141457982628,0.0563758629126792,0.09596772390148,0.0694571999554314,0.088531140309191,0.126411997578362,0.0967333385021518,0.12013147987227,0.99999789349955,0.11493053801714,0.130657378745594,0.0966828859987841,0.11543343884486,0.0470955223776716,0.0957054180369925,0.0537011266666772,0.00967400036266172,0.0946379598357763,0.0504261432645012,0.0346595818009714,0.0366916370462068,0.0439623536191468,-0.0261337808971264,0.0606379283332473,0.0407929208204406,0.0468259440549486,-0.0277588926089004,0.0149705734168825,0.051240957759353,-0.0425181870420538,0.0457921845832514,-0.0205871277061953,0.0040717690563213,0.0045391735212198,0.011689709072031,0.0218811858895667,0.0573574088220474,0.049865946425151,0.00493088239070454,0.00851986381370745,0.0670598655565893,0.0284863032770189,0.0547869881129342,0.0469752638139095,0.0264214960490028,0.0232342625007363,0.0153385440739642,0.052668302963119,0.0110978709279636,0.0588697027619921,0.0123640333819528,0.0233378407380378,0.0272847124363172,-0.0270150956673777,0.0372920700069587,0.0487772421079718
"15",0.0330496270578605,0.0233266850140918,0.0723631794039358,0.094807866546452,0.0581088727671856,0.105160944427826,0.0427743958563462,0.123356435550522,0.0713646325659776,0.0597860324091957,0.109707701748598,0.09220253841679,0.122261743026695,0.11493053801714,0.99999789349955,0.0831223210239679,0.0646544178032544,0.177451506066733,0.0831577681110869,0.063004540110868,0.032415294253769,-0.0200352266171984,0.0450156615261828,0.0742794210020063,0.0575013295106139,0.10125471202635,0.111044136082727,0.0255429030703113,0.116051881919227,0.0965797042244791,0.118204483226865,0.0032628383415103,0.0392037151211445,0.0135641346911044,-0.00720257930130125,0.050082100133592,0.0427819577946519,0.0192228092451028,0.0467834487147099,0.0173770664252702,0.102493870813498,0.0443001824896485,0.0617700401085668,-0.0230921437131298,0.0274732700963926,0.0258296708750652,0.0191262267791808,0.037499402119549,0.0219352647736197,0.071183604529044,-2.5725146001878e-05,-0.00834431597737135,0.0409501498274086,0.0406658203609691,0.09411947756184,0.0362436765374889,0.0752232669826856,0.0702286239549816,0.03239443747739,0.0436738667683539,0.0111565661317737
"16",-0.0280809066594081,0.0525382828037751,0.20545880593895,0.104319704998673,0.0979029603537332,0.085922092844695,0.0764044811916764,0.099605201011486,0.109061175491608,0.165913668612702,0.145033531479128,0.124002877036643,0.162248978386312,0.130657378745594,0.0831223210239679,0.99999789349955,0.0929754462496858,0.10012681550965,0.0892785139042865,0.0480584546503914,0.0882611504570513,0.0361452089421602,0.0417124142649185,0.0298792950372132,0.0104903157256671,0.0178902067875654,0.043224184994221,-0.0355422821847477,0.0272125064090154,0.0293843316931216,0.0277275341862171,0.0322538053993749,0.00395020582828556,0.0351598123268294,-0.018152966317327,0.0332924141564407,0.0875907684554897,0.00427499266683684,0.0678211734071952,0.0230028696650791,-0.00321262050439755,0.0505345066402816,-0.0178867778559755,-0.0194008220823542,0.0349790504567673,-0.00562612967658375,-0.0429226632634091,0.00150242917856985,-0.00694418890037623,0.0368789295789931,0.114827393716282,-0.0191450015445957,-0.0117581524497514,0.0228322450703879,0.132823385113976,0.0221993206193024,-0.000515809732228161,0.0261048574743343,-0.0404206190007307,-0.00487820615791187,0.0316889634807467
"17",0.00752410570928231,0.00309951610969996,0.0831837022071646,0.0685201425013765,0.0477351443920108,0.0339528639333379,0.0315789665115195,0.0657581564786785,0.0687262056654188,0.100477615129357,0.0624102117371359,0.0563737035788843,0.0522831594778658,0.0966828859987841,0.0646544178032544,0.0929754462496858,0.99999789349955,0.121089135566957,0.0522969174789159,0.0700312582831425,0.102119623982226,0.0153747467304975,-0.011459647798448,0.0221335984223793,0.029283351698824,-0.00218191155973893,0.0271973589602303,-0.0682542721768643,0.000259295822040312,0.0186313800705246,-0.00324642660815827,0.0313753253045553,0.0164800379881484,0.00555327855412318,-0.0168321386810686,0.0388086814276085,0.0131436610246712,-0.00556016867992952,0.0179274543914128,0.0196471775421247,-0.00862876849967712,0.0117264220866628,0.0404389773430217,-0.0125174609211836,0.013846736020887,0.00441331316708731,-0.0193291880196491,0.00951514582438644,-0.00119561970378804,0.0235074176373273,-0.00085482461321449,-0.0189862537378499,-0.0268132232135334,0.00606098272801414,0.0311086559038959,-0.00660531532247765,0.0250381157534347,0.028653040974145,-0.00777012883123164,0.00363275729712925,0.0283451380667075
"18",0.0174605402300088,0.0615175800223712,0.075137204209538,0.124067472728317,0.0655837199778537,0.0680332088115258,0.0395002123344848,0.0842655011706083,0.140237519851338,0.121265791383021,0.0812536199718904,0.0416135927947913,0.10551600651517,0.11543343884486,0.177451506066733,0.10012681550965,0.121089135566957,0.99999789349955,0.0844095841161438,0.0729054116241027,0.095869422464207,0.0342372839616568,0.0696273010226032,0.125682761166462,0.0328098255634184,0.0822821085403818,0.0856831554332506,0.00456602084826671,0.115053210367106,0.0891360349679876,0.0560081455084173,0.0858722313250963,0.0517143570170934,0.00264470015909742,0.0078418931713246,0.0875055415723058,0.0547301183528689,0.0756125086917949,-0.0118938783389704,0.0053109706358906,0.0466939583441338,0.0604908902126355,0.104959823290734,-0.00913781865215949,0.00588199877262862,0.0737731035520548,0.080142776060961,0.0679109124349774,0.0487008634176854,0.0443926425318245,0.0114773425180421,0.0223278949667453,0.0396257349970437,0.00420852452745129,0.0635032038770963,0.0504828252611275,0.0303886731813442,0.071266467944836,0.0360409578567201,0.134616511841339,0.058043163583581
"19",0.0988411330724594,0.344304141895017,0.144120491047887,0.16221624790065,0.0507604258426434,0.247315432689767,0.0863387180079093,0.0101995412190274,0.161912918404654,0.206627163637502,0.100274464659663,0.1336861304544,0.0649155027137892,0.0470955223776716,0.0831577681110869,0.0892785139042865,0.0522969174789159,0.0844095841161438,0.99999789349955,0.024329495218196,-0.0827920136172822,0.0993463904638085,0.0957240935103218,0.0541828180717547,0.0816496655695156,0.0491404847006282,-0.0193696381627048,-0.09988980424946,0.045079090227774,0.0372182012493246,0.100151443910895,0.165443852200465,0.0788161777154826,-0.0552813186238036,0.476657206336261,-0.0243644697595594,0.180837531765583,0.0588440063436278,0.0688722156092105,-0.00118221276773416,-0.00148592264012957,-0.0607973731726894,-0.00241910453098644,0.00505795100295556,0.343411384452836,0.0117492786279621,0.0194737768131348,-0.00448066692385298,-0.00728447710063739,0.06106152668295,-0.0286193961096725,0.0587657606136395,-0.00860725086867084,0.0832952062481508,0.0391740656216784,0.0202281917642066,-0.00420719869685344,0.0509615721581136,0.176765103855634,0.166719901325653,-0.0225709518262112
"20",0.100637817473065,0.096557564264048,0.067845962934531,0.156848451150353,0.112856434259891,0.136734366599827,0.0487549047560751,0.0392171620760028,0.12794027645351,0.0359545322328137,-0.00902765757281484,0.0187080032953182,0.110321120002653,0.0957054180369925,0.063004540110868,0.0480584546503914,0.0700312582831425,0.0729054116241027,0.024329495218196,0.99999789349955,0.180502488798143,-0.0298087114977199,0.0360907832624403,0.0985591184271052,0.156751819393192,0.0701590361720663,0.0686356430719829,0.00606004840453444,0.103823635374577,0.0711117769881598,0.145202551295769,0.125510587038014,-0.00199414377065877,0.0391106512008972,0.0291710937623989,0.0896081717566216,-0.00741444330491017,-0.0204946139830332,0.0509216106603156,0.0298227621892184,0.0548476520967333,0.0646189124964495,0.0742389969283805,-0.0460565654252851,0.0517764663215192,-0.0172542121718431,-0.0374154159141528,0.00777582317724357,0.0353491372962016,-0.00816499316249787,-0.0359082383884426,-0.00357288683122503,-0.0262704727174343,0.0120009310437078,0.0766268810914467,0.0177727782285056,-0.003526488697868,0.0310510467532228,0.00909845973143923,-0.0226210046195888,0.0737704975000136
"21",0.0317615678699497,-0.0533799597854468,0.0250991074129011,0.0178926129640749,-0.0261436856771912,-0.0737215407112955,0.0108297339561916,0.0391683137121919,0.0145834984639754,0.0559778390878541,-0.0587760700109668,-0.0563458437159526,0.0352188515080338,0.0537011266666772,0.032415294253769,0.0882611504570513,0.102119623982226,0.095869422464207,-0.0827920136172822,0.180502488798143,0.99999789349955,0.184619029260414,-0.0866814808874198,-0.156985786962693,-0.049495291251883,-0.103703555805652,0.0156590526496588,-0.0832144258548504,-0.0670237656408548,0.0168713565965703,-0.0230977830294965,0.188330260033345,-0.0297683557850582,0.0143307497679503,-0.0148866470483613,0.0542967561712702,-0.0166702585152093,-0.0603007847211251,-0.044252654151045,-0.032678249434924,-0.0176897560644605,-0.00203413436799133,0.0551655733450485,0.0290013122851761,-0.0478231126881772,0.0188985280337643,0.0202087817844915,0.0517070907012861,0.0371537795687658,0.0400200421239201,0.0499231315597874,-0.0220502983416671,-0.0793371744938761,0.00818311195666798,0.0231549142966284,0.0559356043720237,0.0943842042890111,0.0707503097599605,-0.0100064906150554,0.162862762310502,0.176236322007585
"22",0.294481358126488,-0.0469601578497679,0.0253260681423047,0.0276115979005748,0.00933003397861415,-0.0485034356234334,0.12200131020903,0.0140445085159712,-0.0608502213934352,-0.0229412577538414,-0.085307357063568,-0.106957160407055,0.0029491954735372,0.00967400036266172,-0.0200352266171984,0.0361452089421602,0.0153747467304975,0.0342372839616568,0.0993463904638085,-0.0298087114977199,0.184619029260414,0.99999789349955,0.174936926315708,-0.256816012679302,-0.166560316317679,-0.143710695495874,0.00707760705133672,-0.0961420077543908,-0.115984815567254,0.176261261979042,-0.0499766876043037,0.210298160859872,-0.107008615405991,-0.016490067176219,0.0533515534699066,0.0358445036627922,-0.103227531749735,-0.0332045053813025,0.060556451886107,-0.0224022084957329,-0.111371557339059,-0.0900997248226137,0.00141602023249005,0.0914671147528119,-0.0188774336562195,-0.00151067226727111,0.0302122140762819,0.0592776582301514,0.0565975301986769,-0.00207590498280649,0.094896413511576,-0.0325550261557929,-0.0784476026251393,0.0230187352859001,0.0605790033070401,0.016849949010372,0.072896362549016,0.0585092089386227,-0.000458790224539883,0.210775517076608,0.113237056525358
"23",0.125003107497124,-0.11389026511282,0.0207781581391058,0.044965961514212,0.0971992675587108,0.0140856495467089,0.083757190461586,0.0848581676003422,0.051258520164647,0.0318956959223794,-0.0271252473024238,-0.0686191737520157,-0.00326867678282126,0.0946379598357763,0.0450156615261828,0.0417124142649185,-0.011459647798448,0.0696273010226032,0.0957240935103218,0.0360907832624403,-0.0866814808874198,0.174936926315708,0.99999789349955,-0.10198232502861,-0.0381359244742373,-0.0490627654826209,-0.0486500955823104,-0.132514087047201,-0.00898035456823054,0.0352917276041302,0.0903013683259752,-0.0373274049149104,-0.0228438778689501,0.046031500236243,-0.0116210785957766,0.00599262243723887,-0.144715552654504,0.100172428830655,0.0764834368060347,0.0814814203671125,-0.0723376127337271,0.022110703897035,0.0455163322608269,0.0307880576393575,0.0195633294828193,0.0824306057066029,0.042669089901427,0.0831874948632937,0.084390261612678,0.0188795089165533,0.0447945951796036,0.0229104639957092,0.080845318914745,0.0273840240099151,0.0411947948657769,-0.00592734662067926,-0.00259726543332096,0.0455095849863412,-0.0150676709469414,0.00403492671010213,0.0222118868778515
"24",-0.0975490550912528,0.308555669683213,-0.00651168320686472,0.230401742848673,0.0260685324372299,0.259892305238254,-0.0359627709444802,0.0157916425217715,0.0869743434701503,0.112797570883414,0.0754644505075992,0.087597213219277,0.0873597021069644,0.0504261432645012,0.0742794210020063,0.0298792950372132,0.0221335984223793,0.125682761166462,0.0541828180717547,0.0985591184271052,-0.156985786962693,-0.256816012679302,-0.10198232502861,0.99999789349955,0.362661834987218,0.432629759676963,0.23838996211622,0.266504488376345,0.325807596546367,0.158332003800313,0.139973329116942,-0.057600020118133,0.162351331929089,0.0167942180716212,0.0249280648711109,0.0517123875056932,0.154972876038335,0.0255776490594319,-0.0423798167407349,0.00451688624320273,0.202942390902557,0.144824218971457,0.029610020870776,-0.070481661531844,0.127908263836831,0.0113773845772312,-0.0443611660491863,0.00883947069913141,0.000911556362503146,0.0196251654647417,-0.0849446384460666,0.0327278129176451,0.127250920737419,0.00481237046652289,0.0839644610674291,-0.0327558162452176,-0.0829775781677071,-0.0114073747302728,0.0395806815482902,-0.0866111207221028,-0.0971119422637471
"25",-0.0296458250206952,0.215199462136778,0.0286895757498551,0.140652874450179,0.0602968088350321,0.243984136909188,0.0322457931259204,0.0064748184714243,0.0935973853188286,0.113064148732794,0.121570482885824,0.124438611861611,0.0791182647269338,0.0346595818009714,0.0575013295106139,0.0104903157256671,0.029283351698824,0.0328098255634184,0.0816496655695156,0.156751819393192,-0.049495291251883,-0.166560316317679,-0.0381359244742373,0.362661834987218,0.99999789349955,0.291210367356885,0.133456326544922,0.0953557158004411,0.127028852251873,0.0898477784632586,0.150610792485066,0.0277146145660227,0.0888345552493012,-0.00459075278306115,0.0979781425952303,0.0138637853542967,0.0984245803173622,0.0153097339368962,0.0395068284349231,0.0132770757294482,0.0606576828841082,0.101583088116987,0.0327982118769856,-0.0849729617265853,0.196131683414833,-0.00213020146663652,-0.0318439424028598,-0.0102669916975335,-0.0336571844729197,-0.0172581183560192,-0.103084293880232,0.0384789142183782,0.0438009661851267,0.0398343311515075,0.0671550752529897,-0.0386033786186317,-0.0624090282396617,0.0303409755530236,0.176600491972857,-0.0263811553624031,-0.0119376864639645
"26",0.0590199474179846,0.308972087379869,-0.000687351506200689,0.179141411451408,0.0388601627607759,0.16060433662202,0.0464262340786708,0.0414379750603111,0.0949036866282475,0.0741846239755722,0.103201204462642,0.0660249934327396,0.0495272586715244,0.0366916370462068,0.10125471202635,0.0178902067875654,-0.00218191155973893,0.0822821085403818,0.0491404847006282,0.0701590361720663,-0.103703555805652,-0.143710695495874,-0.0490627654826209,0.432629759676963,0.291210367356885,0.99999789349955,0.273300942086473,0.416670882451902,0.297478072774175,0.12947118392658,0.109800997736178,-0.0360365719875555,0.113553614475559,0.065325769820692,0.0320468077001811,0.0150231771794865,0.132512842378919,0.0389632747274024,0.0063558938829996,0.0140046455743342,0.170406592955244,0.0499556686039845,-0.0361891092970808,-0.0644394110333977,0.0789284551659411,-0.0332956067148752,-0.0688606934779542,0.0273974206483436,0.0623911628305494,0.0204820211339347,-0.0338490876631833,-0.0285845943874992,0.109292064606097,0.0118383926848438,0.122759624250792,-0.039888084004092,-0.0516569201298042,0.0176847590056655,0.129271535566304,-0.124777999787194,-0.0852072865188659
"27",0.115130527603384,0.172172809807354,0.0250846177528698,0.164343960533197,0.007622710723326,0.0887121285903646,-0.00357653377994517,0.10310628463181,0.00841431403648271,0.0186287880186413,0.0519411702010049,0.0277653505470248,0.0720754623190917,0.0439623536191468,0.111044136082727,0.043224184994221,0.0271973589602303,0.0856831554332506,-0.0193696381627048,0.0686356430719829,0.0156590526496588,0.00707760705133672,-0.0486500955823104,0.23838996211622,0.133456326544922,0.273300942086473,0.99999789349955,0.466294041820816,0.203877296196923,0.173057861162459,0.0851939966497671,-0.000582377549252927,0.077048555164646,0.0869457814507713,-0.0457020627270683,0.0637028089363168,-0.0119469413086722,-0.00373163938802545,0.00199347723836916,-0.028801561377065,0.200990635260751,0.0800544373830532,0.0509941866906997,-0.00753443347099482,0.00435937061139363,0.0371675305020127,0.0251393911010227,0.0428006635134966,0.0828985365506272,0.0680611029375726,-0.0115059742124153,0.00742164887388531,0.0727551168313462,0.034153864685856,0.133156828169631,0.0428917887333595,0.0520016194074812,0.0560284456586621,0.0330110001127819,-0.0258737981001585,-0.00239156000279282
"28",0.103699954369909,0.407758066619839,0.0197596224174725,0.0816318653963722,-0.0803791854559932,0.103694626936697,-0.0805419240028676,-0.00496767030577944,-0.017561463198922,-0.0663813226569576,0.00991070371355147,-0.0205503791871828,0.00160346940457218,-0.0261337808971264,0.0255429030703113,-0.0355422821847477,-0.0682542721768643,0.00456602084826671,-0.09988980424946,0.00606004840453444,-0.0832144258548504,-0.0961420077543908,-0.132514087047201,0.266504488376345,0.0953557158004411,0.416670882451902,0.466294041820816,0.99999789349955,0.311078589000754,0.0526551033888006,0.0876831999363694,-0.0482197119331154,0.0378808004024285,0.0873768396193494,-0.0923600714349774,-0.0116891340218853,-0.101411300351977,-0.0328771968976984,-0.0327886012161294,-0.0966795753151486,0.264116629276167,0.00885348021204227,-0.0508551304680948,-0.0321626123169899,-0.0803200003512433,-0.0658109878470143,-0.0463387277444556,0.019572663049167,0.0776596818574747,-0.0168506170237053,-0.0439826759396301,0.00351407845897704,0.0506955520529742,0.000872493435778438,0.0513355681597176,-0.012534727010393,-0.0517918380355786,-0.0302912909310093,0.0369105621396761,-0.137967515551309,-0.0734724737582134
"29",0.0408901634384595,0.187540744142592,-0.00942794021099185,0.210659440045178,0.038919191388934,0.189134816484667,-0.0403502600756991,0.00686562558131601,0.0977097816025599,0.073564459796517,0.103430098639189,0.0718638461740387,0.110496751104291,0.0606379283332473,0.116051881919227,0.0272125064090154,0.000259295822040312,0.115053210367106,0.045079090227774,0.103823635374577,-0.0670237656408548,-0.115984815567254,-0.00898035456823054,0.325807596546367,0.127028852251873,0.297478072774175,0.203877296196923,0.311078589000754,0.99999789349955,0.128891569223473,0.194888608309574,-0.0231948284487533,0.0769214731427912,0.00248935319701874,-0.0065416305116524,0.067377117266035,0.0149610081291543,0.0479232779398819,0.0623935379962344,-0.00750495936776211,0.169267366457441,0.118119461575653,0.047542675652397,-0.0538870836697939,0.0352152926991885,-0.0440302524303052,-0.0254747859699265,0.0370058169899425,0.0532471569501641,0.0228602595465514,-0.0674707042122678,-0.0185509980218562,0.0759854412606115,0.0427586038181921,0.128336681745606,0.00697621493801827,-0.00923952428876108,0.0475433246150635,0.0682897559834132,-0.070719099647593,-0.0461372274910433
"30",0.106638673025856,0.0205484049781388,0.0128079597054018,0.133744239901129,0.0621383701157127,0.0688918015081842,0.0436684681064708,0.100584936903755,0.0156305208380249,0.0445296908275563,0.0892020233599332,0.035726132948608,0.0510662789093681,0.0407929208204406,0.0965797042244791,0.0293843316931216,0.0186313800705246,0.0891360349679876,0.0372182012493246,0.0711117769881598,0.0168713565965703,0.176261261979042,0.0352917276041302,0.158332003800313,0.0898477784632586,0.12947118392658,0.173057861162459,0.0526551033888006,0.128891569223473,0.99999789349955,0.100039733874848,0.112435358136255,0.0807884551013732,0.0612454135515455,0.025733471766,0.0712957272064446,0.0566854323999446,0.0538847602735297,0.043062282430233,0.0358303977351377,0.0651954065815751,0.0447448557210982,0.0390163725669073,-0.00907326194113082,0.0322676284517158,0.0489321664331994,0.0285762316724807,0.0330531119748391,0.0142500237925052,0.021136041609162,-0.0382273307748294,0.00489862074568832,0.0711958927182645,0.0298610440208843,0.0970770869587478,0.00647339747671058,0.0200452950174909,0.0644859551600014,0.0377754400823872,0.0158797556136193,0.000815865085090953
"31",0.0453944418889773,0.176719993998681,0.017436335386076,0.0998499609389706,0.0704629059030489,0.196370270093282,0.0433990869662572,0.0188122945583836,0.0829443499116265,0.0928415555834415,0.0341227481564853,0.138375784750535,0.129967726305657,0.0468259440549486,0.118204483226865,0.0277275341862171,-0.00324642660815827,0.0560081455084173,0.100151443910895,0.145202551295769,-0.0230977830294965,-0.0499766876043037,0.0903013683259752,0.139973329116942,0.150610792485066,0.109800997736178,0.0851939966497671,0.0876831999363694,0.194888608309574,0.100039733874848,0.99999789349955,0.10437595665968,0.0916983143300918,0.0532805760207025,0.117562754578214,0.0634749385343502,0.0779608575245774,0.0240354460419632,0.114764712748325,0.0311471520108393,0.101431012393578,0.12703427449244,0.0131116256886113,-0.0518719499286962,0.130092140488956,-0.0335262213553859,-0.030093065265696,0.0239711485601108,-0.00290267695417938,-0.00535047905412384,-0.0535238342505718,0.0120998737623622,0.0597199639551155,0.0391342722875992,0.0804625650517386,-0.0128579428029584,-0.0374853686759849,0.0737898306167769,0.01518109485993,0.00268602374427473,-0.0172114895729161
"32",0.088402764731918,0.139055746030732,0.0109632024652142,0.0826446438574253,0.047098056555808,0.107199310849497,0.0776021480697563,-0.072281152125325,0.0441534306240597,0.059337396365343,-0.0322211344814341,0.0166313662075947,0.0521969954090871,-0.0277588926089004,0.0032628383415103,0.0322538053993749,0.0313753253045553,0.0858722313250963,0.165443852200465,0.125510587038014,0.188330260033345,0.210298160859872,-0.0373274049149104,-0.057600020118133,0.0277146145660227,-0.0360365719875555,-0.000582377549252927,-0.0482197119331154,-0.0231948284487533,0.112435358136255,0.10437595665968,0.99999789349955,0.04661185977952,0.00945458214755746,0.202709194978406,-0.000720803137237931,0.104025809870927,-0.0107760348350898,0.0380855856812875,-0.0503939945106201,-0.0142263144481516,-0.0723865597527289,0.0158844340737283,-0.0349867711052913,0.149997195929523,-0.0390570201441923,-0.0249207113089965,0.000666203218571108,0.04709506570931,-0.0149253741435743,-0.014839634676153,-0.0360513619753399,-0.0909617472193606,0.0269770782853484,0.0028194323858883,-0.0306865766998559,-0.0104641604358104,0.0393486526365123,0.0280324650875697,0.113803572137562,0.0820759476537666
"33",-0.0750167844012258,0.041596100753178,-0.0135871600809509,0.0695010916600399,0.0317673731687481,0.12341906802738,0.052961987956027,0.0265119752086706,0.115998478104389,0.0454095526131373,-0.0168182198403192,0.0796761685913914,-0.00415770324472975,0.0149705734168825,0.0392037151211445,0.00395020582828556,0.0164800379881484,0.0517143570170934,0.0788161777154826,-0.00199414377065877,-0.0297683557850582,-0.107008615405991,-0.0228438778689501,0.162351331929089,0.0888345552493012,0.113553614475559,0.077048555164646,0.0378808004024285,0.0769214731427912,0.0807884551013732,0.0916983143300918,0.04661185977952,0.99999789349955,0.0774226839665476,0.0421757668413354,0.0173338053939593,0.0405154812327218,0.0215668153357171,0.0176484744783288,0.0249015388807188,0.00698323910797215,0.0379247656277967,0.049988073987469,-0.0461995919985387,0.103046494332668,0.13540433882025,0.128809520069631,-0.0168715763802056,-0.0215650885734319,0.00497952306254546,-0.0047869884331569,0.0155653567919706,0.0590331911645267,-0.0216823373775557,0.0354758210828923,0.0278308699423318,-0.0286983321031593,-0.0497704686114015,0.00836919227572028,-0.0497233292280609,-0.0288724735445184
"34",-0.0237509813951292,-0.0627809298359791,-0.00930540156193563,-0.026201661282059,0.0319261403921503,-0.00985156819576611,0.0323804832140138,0.0483171926018985,0.0363321621669553,-0.0383887930655597,0.0210783571196365,0.012234552768493,-0.00276149146819631,0.051240957759353,0.0135641346911044,0.0351598123268294,0.00555327855412318,0.00264470015909742,-0.0552813186238036,0.0391106512008972,0.0143307497679503,-0.016490067176219,0.046031500236243,0.0167942180716212,-0.00459075278306115,0.065325769820692,0.0869457814507713,0.0873768396193494,0.00248935319701874,0.0612454135515455,0.0532805760207025,0.00945458214755746,0.0774226839665476,0.99999789349955,-0.0371059163356964,0.0500544220237766,0.065330176049579,0.158486519174992,0.0109556665189597,0.0398929767510511,0.0322154956039123,0.0466755452571196,0.0136469197153407,0.0375491595379577,0.0213282223032688,0.0694609354182467,0.00417641630687055,0.0360416670131919,0.0393675435378391,0.0590200887477351,0.0415793656677838,0.0345507812914185,0.0653231620995587,-0.00523529031952291,0.00038236436767683,-0.0120543427563815,0.0318854878249646,-0.00600342785945368,-0.0387623097657852,0.00221700853505426,0.0252586606129246
